3; 10; 3; 11; 9; 1; 1; 5; 1; 1; [-5.141490371414168184773321486406336919604884200974593500086013715175114508601898283495924047817299864188665195434291482186748750378127733812960503085249100421957781825043342158538779985161576113956879399012486384256454906968295595230954882727759426937008183762683978830654460945628329635524486643363504403544889703560992488626151545766193746873193691828765773081210090534166350308302816375912532577199605862241265971049235791238694301214186036029062432856950624666971521888572409024925061704820368102441349713337330916308285272677684249350996534342530358032318844574164078249896857332524492190339511002269221030301292877608137182576087284576762117301432779567396728606813278035 +/- 6.55e-676] + [-0.878472094046292398203891487058257769259191789496841635572092000111447264340611928844442965747605575805956252709208671981326043174150104085501077306704916875985997962193594009410503562587700485998276154623159916768053721745936366500153521104431472199093880615239333697321190651860144575350349411273478798987854209180225862152282882052991273321183951451924561444152091505605973349067578166569758482635893697641352113534027381997431501182339168360783114704534169159590167380424181011858053511685705764030094498568545787690740277644810380681065435419805210459894136558028110580696493234207686371073389512461854047143897745354988636346291830321887275452206592321793414988530334771 +/- 2.62e-676]*im
3; 10; 3; 11; 2; 1; 1; 3; 1; 1; [0.509557957450794450514149125901097835829251431504656279279233799002442166342667240851740607331187219145254348980761267134519866934720351671610541774052006625847823684066163909525995100313525734765162143162203813408352731582925214674227168822686662786318055073576958224255691526831320223044337413565841122142757700224739457513318005124800042355799067812348908029279217408741826379942919839750940883396523066703772045869950782174948417008111745021653656729439020274281044128512558995634883322422570072259892473502686587908713152441101884958431081389361259451582691607829820496513188155627688322022899753672899206836438253239224144218201626561643927216060208794453099192367788914 +/- 4.14e-676] + [0.009745778435807673575200879332620881354621884582232949415102057723867771376179870997379194870900100972866678371539258019497596879164105095009592104123068387255462068032601238151927156083181948804045290040985105274046147089640020313478201507104126020278992344238588236771774633201671460926596830049215096371762124796637687050258656741336971205192516190399653411996165156980380098160521447931181803134367647889190239819580608329552445365918109719135532224149184739809913556326390387119698653908481122754469544377542840468625569332299729747686441299788221648207879516994004749394230453787442395186428748638215162349657260591923629941393437224281682325741042238861408599642030786 +/- 3.82e-676]*im
3; 10; 3; 11; 6; 1; 1; 3; 1; 1; [-0.142895603646470512561575753001291455166183433452471004473847279563457470309804287668724028621595692232472919237456222694977199938111394499567708118621794577017273242714522095017505951125845650423338579667611886666426409954353819866333177649988458335991302357788823686373192248161220831715920833839556071363086614938076562205974920389026348365816533609388403229907590453773310864838976707901579723810452719073130682991912223497442154257846482863048348148567648363778131987751228590418555474564692490262165412933689565169597777027038352357952625927314123965794210700830711831277382577235737558339501128500861450092543077043267648571121055092119474104754288151356908883430862922 +/- 7.75e-676] + [-0.019713869688184175594765071039340758534945204532291604014836285729079104016219199407014008078456085436030076617924140458634213558227435426106957648699623846913673224761532009229467925242175259369107393174300641478770784985116187998542645672197319304698166109558394788457230688308342725719259510324622909032270399183818527337816839305557238082609175421991132110729497562505948106134481290495321850560681177059656306689488953733537522291168008308970756435208432909400956388030430701683881250547698821137622041893445972817821461879500398829346848274662362346739508022130130753466776644126673559783027024590543466186096996332986000533231358199242028117567399574518416358918838355 +/- 6.72e-676]*im
3; 10; 3; 11; 3; 1; 1; 7; 1; 1; [5.879874179370234153866498394935677133724547953963024780394059752689438036336353208235571896634328107741540338514255788207919268505489993014903357955563490223412739461719787297732550572051318357975783507397623459746110373515030789123252262605658342433846152627599226611884589548606784855604416170712095786098914591434214107434028732953637862631143701322442023038426812243241288716698588713688595366034783084407618631073353541914072379118767027659106034527184177184228593511029202444230907838761047904383044139890948116601752186231383327473349574628902301970595187725038565257340407637527858668042775090455953829721819882943216409375640651686462386253337967761828382571400863628 +/- 5.20e-676] + [0.554950881138138552860899572930585113726373150643865620035599919706602460634884150103239362632591284016231992062541366750447415966176644547043481040446874573020868195951853781757060667869392696580267637376462263480210410678108620592637577841594414032529416120527974728854649612187005185604769313012867495800795650769571102793212663376952462148144375997223619987363231892330153268618299497459205816340843374859838106516346350895016969201481920293485358750287411224877912375714479395215381247592422756769208982847459598994237336941734526085337523617102183899280159240837691765980346968333205569663415172337655161385565796845160084011434926250937844565283913244281895452465964139 +/- 4.99e-676]*im
3; 10; 3; 11; 10; 1; 1; 3; 1; 1; [0.01632975173917599684692308996512331991460725219891037107961539037813101160268895582191184385168327236638620898038332212215272146612161079897722158404413775255752090967578574325656259306850225132185659691871335933955635999016946214697327922840008519375548069903754184229154258998922665728506289416927706151704211454085271595270928778574692778439503680788607255601291100217677521924300623859776447549792728812502378913878306671584618737731991187759691532448737477779200693592187997253705011310299210601620625245616001178395959540454984217373791998699957207147820454941811229444761487119148687176922370828900088584533913239673532082279974461791394368746324041080067781144986724 +/- 1.85e-675] + [-0.002129485347402473870029458419940043439153674404241067555626053475272789836977419605330580192603424861735224594517196614319223862005999241960407014766152621539039066887430041471994169682726663886204282472841681940644734484185602518350761778573621232026921036580915686881902622477567451864887213591674987002717194143864993977171674878053277068375307261957151090711809735514233064318579018501839261573210218214975037361091968591746429321064402061917497097762790052580897273248606161476822494700581088164946996777001174451685771469737544622261204846108192899170328462099871456044608950331516658152691259104366537815533345731463925879060759003690865167835347512044839895387374887 +/- 7.94e-676]*im
3; 10; 3; 11; 5; 1; 1; 4; 1; 1; [-5.30939812072678394135432136835570875649781603282115055810838774641477311980793451371524655687112368248055577066475735861425016265874773215440448932946026117675428722497323279130234893783151440468847904606302552685142626742076693174709242004578192453484358509439500612600370198991299783549653399007938732509662477169665149405156667063489210444888556105352119599212904337635532685300387367985451906379095902283869542409041856328337971666913702092929194351264702940360433586295079357268949911304757950310011874311526978197127278711611245952502117992285932293460362209110941341468468216243403676733643542699318680878280268527058786017175732098569641288823326901565936738282687578 +/- 4.43e-675] + [0.62275571635772889354807819915360688370665895896111437617458730310420343536571761820476928545767497890783930226328659590622378276937882484904285013214791453897237531262996487239359128729244606899237586782785392106966017179095008864839685400982155095224923380871051551508297683411400618546014738423424087939365574243539469806183292763365575455658459374145856681884781820479304556042908172745839175884497247678075136498256560616414435434112543075556064803688284145513881724172772371005401841147420618458172075155755673874285978342048306803160957984188532756407829952722583951742082851273837304029932936462273374807247341890255614604599675000048094913042230900740889139637241565 +/- 2.23e-675]*im
3; 10; 3; 11; 12; 1; 1; 2; 1; 1; [-0.008160054971563051394098167088222833830730690663404152371858739851643846160875700134907064857421490225951703552104393522637716189835591683020134838539893503563141785242569781373895696791573673479538210375739922879381503879426585427733860537859815832508004905037321698808965055123329065318287600857350920547499304656757281777542747812875012199906723272548181390475719490906578200549822356469008467062656714784229890467156480197293114969556562751333139724422902290244836067368768170196581133042239768976914345184772471445180093310466068668622210405596947248996917817663843006339139277186495549286395451786662451701970298212314446414837309225658104866700533477241779364766449333 +/- 3.98e-676] + [0.004125861457824109088999922683087982484649493309373877793259427688861430005582077552185761754268207176708867452170852060695919144686159319816734050048533998782130877333334235591964461124932377979718111623624537808454858823879585839549540480770462796723387282527688658102688764565022626198202936604340588973911969678504347015417027603609441614588797535231222932697934708304194980967399428912673245766236534039061507140236927154743329155132527510172310741484216620111293700990037891587410031602859532922807193127047985140042485299267607837316116099097347290688445131907664156560134672626501545419983849270873459905934921065228567807021923927168495680632685618291119293739952997 +/- 5.01e-676]*im
3; 10; 3; 11; 9; 1; 1; 2; 1; 1; [-0.0235153725470366894457885318625256675154045507878651112804418566328422856231441132416525677187273116985427371349475578869988221293674737367949163785141365316225081977385539242878430076055224673227987014620425017212733451625438672586080637788616199128350645659128009057737080131543553536747570618888295775266105476459406575663295037524055650063318185912480954815661708451218862011299302952065066405865993380913899812665386728058572062773751192439921667697399821725532230556829037292853971431271569964693059271019436070306777760599798853690610578637660944644276490906620834554715265876287002767876050733342973679966837063781030976981717188623426610205380724462234143685182435678 +/- 6.20e-677] + [0.2045388099202549701496306356910764119031879477231640886987783576789878579287747034144403735254430781027027041018778873396106102832135464998347251946255892791318474601550896386965576498853270276914134127466526736776886388657256154611112542965890285078762749185122887799074333936603900084850286135896950959150388129196463133294797650278466337344377482273370207220354134158717970927935103890904271958635725565731318797022289162762578425391775794986627975082916052011838002026779987397992856547165189402080921809884850271451112616117464350371451778246978574279800571598293248738036732204183519346978429071954041305745524581408625593081393188356601777881387823868354908267425768662 +/- 8.27e-677]*im
3; 10; 3; 11; 7; 1; 1; 4; 1; 1; [-0.11949170916007264935985219287598666029216575433082412732707016988995541086608043128463106644009915167378165875867202047309213233702268513530121772820822689576181318456661880297551463381392871570009423806190460757610425821460786674959598646236915827266615484696016616374586908645442999181686612482306920413373971433017762649871257161893923106288134418498903763181144180090496149253647393218128776168136248895468530791663524293457806359921977650861501325208154807102110098504252187921896991791742649956921869026038047277011917830372966453051552866837849110304837901294257050263841724161829949452693718413571238926689517874367319032293907948743759223608745872420684230394136431 +/- 5.38e-675] + [-1.233887071193261894478986578087228956313662452378817263726349054285748551548832233715674641624543739238047167353173220197585593140268481463891975752233985021452231752706195354347341136951069174889762860164133425522345772089786645192433285945520960189427900803247992642860511430969460389488499062892004444564171842420648692699486548631385902738063778426616938973368444793442464809257971209003123757834422689131846108707143496712177592816547633603901361310830250280785820160600499217180615068390115670534831783442075157373288264953037542288722266047970424948056351969773684077243409378123831971609452041033441744641732130933099665433541474988973126996564875696961372692120132198 +/- 8.77e-676]*im
3; 10; 3; 11; 3; 1; 1; 12; 1; 1; [20.07522682599343247040470042830048539121067391076230648941694686506227600867263935758052269087351826505923678049768357701409481424964977111321075745551161378635147461791922051819098157884595061351766305001140143917485852456347901235367629494984798167842240639524590757710478669164082607703561552719312280761646547400071070297856438854947325920579252439516145480255182820886373213347108007010809194804418833355123169025229389641523754049190840554900323571101197476493789618341569760004142634860331901631026889644009987561143667344951124256874843722458375924349655013463955335038562621273904513467556706018277927853911529659170608677260687081440465174427724350032078865129397706 +/- 4.36e-675] + [-10.63719704998291334769558295345512517606327064599083116896587292481127213602518127536711139033492894551989165651957685255230723751525290175543206883349972217566962674986178597562761158533396560308232129737354974529598362690549398385230246951060380817410603025469884760144503096520333175460518143276695942557398729627944197298889793310197911894199808164118344097478915915659894725735885728820646077494073395199089196489734914896346741058741735778364067155049786556022473937903252571638848395866580920729963930619213623380746265837079853949845114280456093573555190486385669045448334613882035771862427673144619069675475655383352234907631450378708003500091607911189670752968831711 +/- 5.33e-675]*im
3; 10; 3; 11; 11; 1; 1; 7; 1; 1; [-4.633709293336283061038854398561774699002301181050975210016722783548641230226158794735955372204793889160075069166961212109550809783353620758926863637212077220431402699153871510072240338217734770304449173813044889644916587995105868990270395085691396378659233232612940711380841838780808288549414604515516014427684702201491648711499678107635452827183195144759687368906803096573857602959935087274496754307814117268966352985031420922464485690043512942393145003530861970720600988577245393209278465978692697036909021992357366650169507357102760756921792071547662834441220834403729068607048042751115002865591538185632879776719676105357536828960466675246372863921058687410151129973681237 +/- 5.24e-676] + [-1.054575624464556460015674492819750354790780557683639117421971949077329175575824355986342434235874365547504164494637066632780707578888048317449819139155174375415697567841300961974310366767452170669410573477919264976465895195048254156552035227996631966311483512952573370703204217793496808012490216111973216352889266706685845435272286355666134096932805170388926907009272130366806251304316929177430732602465238105340826103877163294723021769518867198328118568901565942958041825113632109397010549401995815926493489155742011168001484579227458550940836579582076374311312432969682734064837118978759719485359997822203800973603827465543235822245408351902507656516247560732387076027197602 +/- 2.51e-676]*im
3; 10; 3; 11; 12; 1; 1; 10; 1; 1; [-0.33560766200056055487307948326954218880529930293926698517934510606092557498525003697010140572297884443597806358704323345629681065253302847034702144970203235733531365664749603674143131972075308428744699791420215703854444581028332733414122354417346870536011722356141432201164003463495913524806790666492402368514220915021648727759361678923071281292145415308989543798739049951453503287361169652926764734106319542641650109701750345901569933744382777010497230249905798448504553941738693703397286394343809147586020312197439063099617109525741210635817821790000100340943260515352353116838197808509390459979716230273252106307291510759827277123659816438511772127966606402539314301972051 +/- 5.02e-675] + [0.238040346255786538769330970361797737698462592138790044209218215941423869938537270220545777132365951734333612162583466474921763887246316618807928607553697047285579406476249180995226420442993568455183709394200823790933808022599844867036126362755461497237613194353902926434133305935241382205536047824939501685580784621771564087105608050258207210360357036866118442070076320905159332405921626210812586876096218841555491863777640873180542994968521452549677002829770713907292411080185189392062014654095163959809241431825387297598205862668651292005792247370906062847159581702506318091509621128644628760151063759637889602691338568124598480628719237991005387344268276985952198829948376 +/- 5.49e-676]*im
3; 10; 3; 11; 5; 1; 1; 3; 1; 1; [-0.024222512337041603944192711795471753211401110313321761800126717077040140729544863429939609805404765866364758568820255535819878948466936068428305140801115477626924567995818306083415185322322222448986449800971173562914983621087200573319089281761777583755129520897693708948828021699742174436884520338013547027244665068773012723362826641750081728636711709434849329635585120961857527309227495593372097960449971379053039153081096107226985415494353365873182870479031113900403549256939340754859751018016511563188760057394198359134089317747809355814799457966561196905114926076017614679790470956333432077222178504786911941088503812838332755114772699788935374801236058061950818247779731 +/- 5.13e-676] + [0.327249667259789803182625782870589711775520543188710022875559187337331269288555656639424863095084228221363239254352854138907166020008268703451041066786783026145507812696307400452095628080189992459416958886396539547585769363037326084333096405153782352392932031007899462991355205879671209778213971757910303804895069901811934829081026898944018093087077132048975858577226186701986472043604294050455223516557483676289003147127080412854645026525439770591694105420271403924533789859170726916877329963845677617420706698292316794334558665904387698028450839425405698603029690412119700175315133254133891348200041887248880798177015105347696046071909407162327422529726554593840169326835908 +/- 6.35e-676]*im
3; 10; 3; 11; 9; 1; 1; 10; 1; 1; [-0.12735412949791490842807723808803189735735286321319138621782598774082703715980091080752532683402364506954295188183956354045713018584185201332026367853872578894224302403025706124760890011254405527632910545666865181008155732363397907767662761024806763306375364230615649542477528173156904417923972396620062717011698707532680095664215442835363756409090571955463212469423220881501391985742506342973839604429694441945866542413545428575875075537847706135978411085357086386306965941554914018167907254204580151688693591572781693745436765242985976615247753115981895953666882456742750586163664647766826860480270531696565108381684340917207934325376152502019606637678138477648675832295577 +/- 1.10e-675] + [-3.70804222373111921284597008138166904700947896503634461070807995486721890531814220368762415305876668930364533164438346300431038484923531755347211913158276445041078414056718541426404806914029571964183332887882251545415193712561462163390986512464189060265492221753874375620070614680321840258419818470498556428701857078715377297328578850221624383137920948825967310946280970749547363546939723217492790249780524169187507779511423785022913945286607159096840190108328511651715581459788236068278243994393868938726930456450420946236283706055298301215858646663830876263479258405395099200062957619882674836012648392306280980011465555766653973448824846980227176205422794942667806674575431 +/- 5.01e-675]*im
3; 10; 3; 11; 8; 1; 1; 7; 1; 1; [0.44083835396212525961210607957129819938395140145651625503591240921700482378441279159023795625128086600529290875968154323580177123825422423623585421876940717948330114111266153265776798761874091964720914884926554750836675751238124678659967087319494490487232511139428073317216804995160942399547480051757037272304647226967621594300439777655305443372350738075333682847062149797272031594778028064480589524532280242458735817165906852663789060324019430335944594311788157390432843437215121035905662497038006106493705565837840901687071758765389210748343382558352405296380204644973523778460377272270992390800699001809457299375574063765525470032909217765351236199956494387360320339681100 +/- 7.18e-675] + [-0.33100339543581188105853375875579378583936764275065991180732108560130734379527987078824465154465763779553439344995133803486222880297863620538828685742743483100877964257075867199911944150699040852387346275362176428429215549594071898438401246718548074950637083753028712392727745930874010433221321669907953517930896782824597905226061344348673790408421617263729257251857325975143672694011142791701869962548527299734357211762405979191045870840378410880366576418952258585330296172948559157026257899718504722433895246818436187907196691301079908376401895590130819939074934448205177369552344078529711840360227381327075558656047279163464365573446746161738302050968176144527251831276501 +/- 4.74e-675]*im
3; 10; 3; 11; 12; 1; 1; 8; 1; 1; [0.151736070124274588469976136029908574083369943011179352598032363676972337563986303167070128208953758055073568224918131568819762318462398219931448418480692619762454248509781333963395934127953552661162904790584391302854710477250156831942252574332328513744708168174294754472828039070318864225507272622502701481162769338811574400252799116856872538729800465321765408798465712780940731599125017444120412390087651754708285869145506007856517364719542090240447215919341700935483288353345424191767693631892654433154471672900136269711444926865982129818426184964855205048592335502402271796224711427224580567449300641032795236058646103586270175173996826208324618697893872906383315863739374 +/- 6.48e-676] + [-0.421702508263823889517475271308271373650846750546109591111121449357307004341458271444720014695209684948549417997833609268467656646976756933456632259410251191718252303475153636376862662764218747042689106404262978810743323052487915589695336110408194970372577569746186280218982829982698378002917103933373140075066856157966473707563470602537180015754258158443709527558522902654959190703292652002660192922395177891538439374708439317692291943028104653332114751452573370886319308683758833175454662614065571547820258871483384826872912814928239374135836895268253573237134730821178403251717822500885260219387458301419844133342599800002040697008085245033129423659767774476622621686485926 +/- 2.56e-676]*im
3; 10; 3; 11; 7; 1; 1; 3; 1; 1; [0.031355401152515178971962422609982745781010698341706270063367327813122060789091534779941346124451262326312513065247284092493965533349623905887584789467754169924617182253097377549221587316907799654319554166154455049416559352323199396733073119050888010049134608230306941734379158249545419457076767510628998932022068938825869376275397042748096432801464092948864876552284255762415680366872426193353063150064160633743107545618994106288530270791294540244464030907982941049619382282060527153793073753737161517631813550214412013731656319822153943180415928968892787470934055299733334808775012753306813068954038466108607037819863012156910782319892150176743464978478234425975326120040832 +/- 5.75e-676] + [0.002959367321001384444739074484434020522294791077711123656829444433614159874375138207053471661130959015207832718854441102261254358081473513095408279219898440736444181925577600832801911532198253182838880665917012749933746940748879347804963404659431962984829854043995425114505436359655440265281339469931108862399826264993119734896312931429380496159788502351820570451685403258366025668906121051365107579975538704438472114199998287848490389115738580761593548797349245494689064775253483115343024334885654092053765854146051916150043835672853022141593199543917003857644461742587406845863449990648870786406907483921398597500223273767795941384372321260123945245507528937022246658163036 +/- 5.38e-676]*im
3; 10; 3; 11; 11; 1; 1; 12; 1; 1; [-14.34621448245788105310865212935095283913706038562706811522230993683827155904549841275966020499499128643462524159892183159448324437069591214336379589808986703280740991089219419214483467063478771386820119703625785610463101495958992060577837870241428630623146986480061662836713993448751572035584836392775837576831595215777172312821442289918473157427962965333034973369296834372133172502220640278033437470461566158625428854919067021530496095219628624218785129756703048146043342530595699783426355562771198254678796341761108712005824158255621258719931040486581935053864871942680594411503844588243514296679387941004089618390752320016498812319929520578689968131289328043021888296884767 +/- 2.33e-675] + [5.36037371084668275278749488912664025736498243598419238460281092965979987634189064238782767182372155508493586586031385813845095402807346797938114232739876872157739367622655754346471102513881047403780008900562409858362011810867136798472495171043761987883499821714339146850949738598727381171239293602537413958841353406802629304294430764157573805658510346679475113395816022690814763329057294723551890728709551474778585350520517072974158474042434224035500988634182370485729812664073157042779296613611682161033895654039253117086761572280283109336074735062678803113917286018336885126426663985126624061693662421709004195119903345131365819939822771330691481584369222181652423423163173 +/- 3.27e-675]*im
3; 10; 3; 11; 4; 1; 1; 9; 1; 1; [0.296400692120604427272528989717663062043897604087341428440818370915587768699926160900224203753963077340296697789460001748159496405487119958954161968805241787809828064360181296863119422331181490083973180099968001643113550419298300385734926401813265780361665768107748343980785524584294801103669851728020956229478636131751787626824299229646619064153826091670032349096482376214052897192607604696848718415985890652952713205981508938093815275949246119537707229712303309040995815523837044614258640303299579173167106723597556953852912620475357064264899793605306114037278650343185212709725515938340256152029628086189943727199730418922626926254194250017379428115958422279541481469087652 +/- 5.54e-676] + [-0.0283333198174393789520076387779419703633302462312616104280426707551284023141915221726030420481045201470282159824073533924034699630795911133227034837832139495101957807729237101341490230764782692189625364050262098553631688879025762665325556304323027938164186448349388920095594784103064753866223935967775607124083914030391335341633924642158743312529151102301455031467514055761643269647585201760876511322409121808108990357020334878859527389966122305800633655772966417215234252690396137082705566485847480412480905506374481642432569428515388067338291050456774384649838352470794222664189708832982969661141723744319679412130974198486266364872238741768287271165040051939794083805142322 +/- 8.75e-677]*im
3; 10; 3; 11; 9; 1; 1; 8; 1; 1; [1.052221600251950431720669731015230351920656998903955830991135830975044132100832025915321101894235739083111557312919670259950247640993865302303896404938473160966185125524985601460889105023484821096867104026855152773573864149922306662915216501194001347232394302949648578947836364687021529651968295086987051612021361939438752420987447709379654874957210112238212403136287331383177408515013689560240410130607084552626379505503294381692538440998982348165951282548501410289689004618990564542621376842258938273966978365434088375301442038872855255545962040369699278466045942283851042299265970902536505926580085912307895773447270025186095901859975711051771529770903921169931761186944847 +/- 2.76e-676] + [1.404996232978499714426368582201448598239249218991453470148429477641429157401540036069269541907537599866096965030100559577286222915675456333845866751510769902452114135300719589926879327060171024826076847584230509242849369385972821901232610431769607746966068754526824938167275595651536681254197850984623114709107053291422543796579091902987899117021103571566291524674943983311587724422228953038406117125492972660272205409727044052035105154957580956844615301527321990116145056312221324231245662715527841638766863061326380122213157283360693183924153404900095658628396989262876069501318756460631928841203675665566680524821627973910185719996037941680710991101707416146689204533910558 +/- 5.43e-676]*im
3; 10; 3; 11; 8; 1; 1; 12; 1; 1; [0.730756933480677913611550209569227255152370968239145158178622433918653312851884808497059893623043880724756609407811786566805220715130044854703372087154385301269223753086989224736949464027490846975152323477645255889125219019807140642384894287982360058020325257273676455480858293451352897777051192607735189893854625085834445443005799462484399477745309694813469735640082118811390406631641307063492294670011897048278364052216511680567431792073032755220204550092089080346039156610268579113888534458165840695738471211155664265760426965626476087163226929985949238266039534450405290075657140233267086516854637695257757599331147365619657177580581362229937019076041374080472097310403036 +/- 6.43e-676] + [-2.030908217983976382034161057970367222395867636643694249390434731797324598520931428675494497268875494882200204448776189434127964975470363082287410977782290436429204482857553201964418410694766745390285246573235057119564225359234351400951279147461503450440596419874379169099486922512334031964480649448113547604246678065316242194313585460152717594424294007088393780898830821342556369121249591927401941677493488587050202705214983707144322985111111330511685859606215015263050132460864841941862871616979935254418820216493241610777899040998606870859389588072370545458410007597342694911557930184520532505371510788440067602200784837553419663614094928408800314193827091644635846718074541 +/- 4.46e-676]*im
3; 10; 3; 11; 2; 1; 1; 11; 1; 1; [0.717237322694446213838205129151981963403821711295518532580610844909321255964318574353741013645251281628091001965522457843304198839844811129695935879096968680017717684847121998531575537926704276425704076935553456838626291988336362264551943067296606289341063172106630661504037699752140813113891632131530020053068111660301975077241949265192628476512546558089532255253182276917642986142605984340681429246991697163142556119375620851344786534139430697500201620091027732879470207273178633743172049473102236233232547921727018738418238876522916388501506377972020580649531164281298724457961803429382535479190469650003442752097039243032968536487797515703831990585712914780557498747318924 +/- 7.69e-676] + [0.107517516863536116205690234206115414033241191256410686788710957124153945306940549019350096680712605510439200154553244829489812667325020664665498736659906420265669000283040531419062820270283589735185581421139943917224369024785596706584101100580314445034358108596381644624200539097005571472549258260563784694103322079431342211794089353440203195428044017930783321622027643579416021088971681187274963067713042302983071371063350005364650919070509476902624504127757169507005963649849485690428484941517603207178356988749480914758884600735888550443515366735501922076152734773766530966865383154703921150670740256570874436265424894885870715836230568329464620101816418512055457201104940 +/- 6.80e-676]*im
3; 10; 3; 11; 3; 1; 1; 6; 1; 1; [8.55351170116119803099949294131018636304744505933924300886848174813528398992633283169797851317199473878065178094771184628550556459046924874827677960383355897430976703953822564123041959690566021613878805061774502416947236551957188675795397704936155352527762140284985217305533939009707757362998960446005513094022138451457132366548569105900014235847197216005844167545271382550396904126782501919284245905883133411656791144508050063917260121326696595053534842281624254138961686779450619909471672031588009652270162340400745544548834909512944287911466041677618011077264176316555944550002153135963930525476975713288377436799470057606639149806811981934494841716889058462092968101835160 +/- 4.47e-675] + [1.180042007941896173331441708922648816387931911388258054774613094069969100299222716490513150791703571523486469879940453265158755998712131609879563655155478114177488554597887624972370486286842320556465276843160009389687138403761780892116261116709531635454614947836410302935369507430017970437788422328870952482299387762594611387566999325910958194165184986126465649605664802103459335847672813740574173869003325658666737255132803315541175657059053289895327604264211447763987799756813337371800994872595834567537685564515136126123568227123956494303095951797489982334284245594785789162017522148759526638400314341846520097982449180351494820524457496893246606414952156406416728084144768 +/- 5.37e-676]*im
3; 10; 3; 11; 6; 1; 1; 11; 1; 1; [-0.30420386338295082039790786047130901141248987876249533404312406136046318326867795888042093715999168257181123895769657180451212355301926966124728939348068260521556885687935011939623856152680783029466342214626977630312688977430809682144174909024370692424074232290453513204416730932624086662139973267656757577995495119540768925710575658279926263239887376214401596706736180454966924291997592310320748338326697054950446086965398533836341486821489251383673082824193274961220125685845128616187464617593744512586836552606976978014244799121308832531887362882964281678546843994879210361806296724316720128366113500548854279484435389126864616868217599584182491257908054711041475450191903 +/- 3.09e-675] + [-0.083133356431156569727110459359970717755970174625359840339277775428223352669712794459817047685217667576503286780393339162356180689650902517749760349615903543249048004304594736795098810149090089565087201848512191563621892527905256822563273224783655760715588909779933246155505716658564293358944776893544126937607759458794030607213363860917893548006356046248239235600774183941601953366128367035609505293360668199618750769188337445660295576435403359414771682549646469966220010034312953323040648837051350625705972584550168243905128907783096892789867149470100962110802377088427372840762224150681322414811212290608540602258185497109944612908513900142269376347285729679548713272799735 +/- 6.87e-676]*im
3; 10; 3; 11; 2; 1; 1; 5; 1; 1; [0.111193185640132780503828498599404905884575712591978169809330047618524484920708029704688039808127778990341696968539108303642131480124051795599418193616169660978833343307784592202773856645212836137844727125592867255008761183694634619374559164904191752312465422087327483078377049516341737307054337937617741386358062578650282934309778366432177115953821298718108403058958362986542096693599560329267736101485542870718934264196803966442117632308177970000532332860460923965753411590256661911007090060177567229585728203151285762694879410091451963347046174221820777637982002892259503891985386508196383915807206177009376688737640334965112354404918378453658954262101234454422969187565198 +/- 4.82e-676] + [-1.192082176275767955283702298122272696413508094296339093125205059544785873065307679443732942033363727086528117658184169527722036810414645923950495234538143252125136145391346327749789366963529055461121843810768457713849844678652722376323979073740245694811300146351002758024745195819337667151316385056383026034977336903433014372092422564937533246508806221316218655629990691881293966849178373319200109459997702912747911759838090298374261145331685136782939139440280834727518748057786497128984754588596365785339358301585338816797854770624936598124609102385440136602924310046530206794082815925451529034546238268714824777613896779537114894853346477898126366949402827185473619245105739 +/- 2.33e-676]*im
3; 10; 3; 11; 10; 1; 1; 11; 1; 1; [0.03146593891913885831811846210419976459438659459351773220375317828108668761863171318607181116332990597193614489526036547941704900815493025266974696139481480742396633783989198685672012078549907959155643122702671340289761805356287266338764888195248271825010506590436816769221641888827033135462382716853014973481467226797657988107866311868350403707465268212149415350492894722544683195649322569767766730291673102210942971451614321364915242001421124518183995520198114683141584381671102670109585182288466722773361573352539526371673676678757824560645285233668031966012374655480497668879163031735342520921726461548279386339827992970314212836933801277440880582712655668650143683896369 +/- 4.09e-675] + [+/- 6.47e-676]*im
3; 10; 3; 11; 11; 1; 1; 6; 1; 1; [-6.240447117391781838890178760274385340698939141178995395692370282589474359878374193053410421577540499475770961551020839369874077882020192871409995558612103238400911389081859289332848209610815678582996651059915768370578017237681300647954031768112920514112018538223475887246592054776386605659823383300706092278686741531861861160253539916246592530596750502165257266518870702178080064374531035826480282708469766636865950557956430186786141507470302239986635010780969486566307222612107300228409538044692827797994948155603527959555489419517264995883311695443358931343065050042225899478969634443033257480660155089033879300867654141569677240357602267492803460754385466863721316643819669 +/- 8.17e-676] + [-1.705400150841707677174761458992488981651800428199559708187812817513644727187113550654989938054242044943033345836812427288179922594867001631965488898821490127713548889337401448870695526370836385174372230818652249498371037558077158024807766950654982020845428813547321830183006700859425775510270000917070331038095304618653183864425502091757666324296224805284528544299860554835190248414167467904900645563560088401457781632745126244333586879651686808095791237497643355374992287403258720470900391729537516769243683371352586627638740906979203511968894221029021623136994213956280533103926940216573409342277509468011203481604728620116681427251361142575710161488104168964237082051338797 +/- 5.15e-676]*im
3; 10; 3; 11; 6; 1; 1; 5; 1; 1; [0.074648274500181765901545354223021799316811489815774016254603213202682723936963294106180602064652394987958766023158591209038435490581906572792310305345082324610415558886041756154142865206664460626676720528151703617364324384910202263695375430463843350169681965407959290570597414153922065677371873243690480554346088026128334308998079875816311540020357656102545538227131964176645068400865929190823085996884710103458675198704638383106435310255037660232296679564549117655414123202797766601290468862280404143552127602472894852281936288993888068580899699698079982728899819919422131702236525357830442064814539206532253176424298376875581324829627901754701747334461428697823915601638751 +/- 3.50e-676] + [-0.348554381124229728140684983102152552393710376459912300184306621455427881299600624731948559360749255704293112952467158336874842690728112702990803034995483470796441526482453229040158787077276938245314867198355130891509700438237240413610243024067596915187687225916476334774951568976712350175757778297159645218889473972598682980347368011337317748384374758639613123727689020489098981113930214537600858091073985333567418529155127417763658602043480186457730566982099329444785315128661987586241271092448402892142057862399409824998639682856151261692428341473783560397492797546163354656018861137963199116743656823218255610570670726266651643206850656476877098857642871741817063035057657 +/- 3.72e-676]*im
3; 10; 3; 11; 10; 1; 1; 5; 1; 1; [0.009504621886522606424753517420446782191708926396534518867405688987307292824635505949994094776140960041024009476001066476961317742513253994516104999244612173439009111655849763774076016325112425136444887169224236176250395903789495491916811343505778338808211168277230410618382821534486782209982852773026276424402347128349588768736654660057469358787197135438792768431575466119438203254684030204320731317144721538964594669971059100868745454096703700560049040667518982682154592884963347454176340909444873431904619827632626799868113404309511861226411971296892904610615360131829863865445306260183913918496829027834635543215635126346467868472979048667670665462570570498374644651261062 +/- 7.64e-676] + [0.170188128052970330704195734274465848576630534359011598040199907885394158467120327926297267141199741671607359300904199548019045121471311099399496283118005680613526213051667609729210950776531647727041113137621857651614414188211752935919050991246811412636879903133440182723667826661484797185097470831114790424888544032168347844808408832427259147240726242094122891766183522374256507115647938102732124536201185683671855472885957910246469184006921034367719302879146172813524070064168416582915692316150438066432592395155488882044613962263478783493066448260094453239794828074893829702996457606991221114231710293665580795902229854260594854435168157621528401658819549707660659300334081 +/- 3.88e-676]*im
3; 10; 3; 11; 3; 1; 1; 4; 1; 1; [2.70246947633488010596356169635803315480675717789944451109380856937511223855719493359568366059646212832741029485417550294476863016434752821261951171555540060082772990340317754926820970127177013252983462561615433399276268467024557990885604211908770397510615221346071574349745423666115287815105596413749776798159876704257367532628195300756283827457100701510895437369730338390139985985147272513953446780662362678636455960058964493749920465340402660166765122980562876163393898214810937296582100496910628470747843543303238410610840047504707051502611887100102473840676829357888327021602659375972792073352703860114281761310497259499406822345856622869785540897590646323726259914191819 +/- 2.62e-675] + [14.00337405966642409422798264365692564314280431883669157892054203070960808509023228747855960964343232473053843878037766376405850466497171403806498845638756062003535251533944155819231817013430403652768629703454883842060364137588346012141921659861579486029529582767892345440702095979567814339226861194789671943286307127806873751455904294680638132528169593851901466580355424927410869244640425386044678607307913275339818677123911282708841984291191752331165875639988714093449302169538587036462094424769661054817018830191493045750253815318510316449232510662641111875955539711675867117912421336272421655136854583393315548629826880614300106505367371000561282787702400118433152611419557 +/- 2.89e-675]*im
3; 10; 3; 11; 8; 1; 1; 6; 1; 1; [0.549167507190897173153227172873903100197748945104037699928856196152089846168842141443714081092419102009535863108695836181446250744659484219100535123733488779333833260056136757047414328695514762801037371998259129195249541305278964644461133940564793150597607455816005406731760162340965916148903907391126758028591633193359926007019977138898216519935528327822208462925095662392915524217491386456185733232494361944507005600561658221477575519219707772613455803798212783108884434984485295931414346621575518057999708977438008961279766399687739846871393086938305499727168473243116211615967409530463531575466153906543713523288364804206860096061170857194577741083859586049668975704186219 +/- 8.12e-676] + [-0.376555156035798016536345610366222898782057861070746425707400221504772324947120048907813945887538465370650608455158628945381222269779508311218322939977610831672214571092073252947728805910167964882218822660747948240536420215004581869443338652086470995916052225971047056981732373517796401208317571786126902553073865922302209580584066855890353180325222173602253878003304676738078688179970505738739427258135701504695628837568329575469641533241572127929685953891297442612642797345351232019169703198620576074345150035530974880825091632245823606404846618602446084217196477596922390198863942442980229083372799872740327321804452430947265757200730381651221149524813813744567014173931764 +/- 6.93e-676]*im
3; 10; 3; 11; 5; 1; 1; 11; 1; 1; [-0.134316879489834997885411914122159829073701980743630467774680519809795691393640888431920994339510089046279037301341265975634407088007714923231218497675205896530680706613631138922433645213362696961725357712390480380697075519783890427304334800064251549771497876976430253590277561212169191798750580675718871001769276614930015371782418020664195390446729026305302995846638705735550794217236036848939465083475645966211382479297305690427157823085239568486147169440953402074878271538387021725532196522837476804008369134155702480891435216769048990004644591963397652732969102546451458705921448609459775543933735741986631260867674924221843494468741737163753164416512331152561641694352951 +/- 4.76e-676] + [0.650709296616477872908657908555739014620113592157095931642090527161017944690585693187070054532694960276194313107135588145659340100568607234379203046751883109434017868355260114904140143348332221821050514381351119212846767154577657344577285625511748155510210961398217148713925638230691097795727558767823661551262901585354795770882078690309752803182108211493082274737941394447556611246086959195003620118480533435349070323297815407116617648574225700183585402380935293549604657127858812366419030294648294141492724297434980805339295634507370024836512670815295858765769214647886779096110380416563355137413298788388923046469689110660987552104967456152352811806080389464754550088002950 +/- 2.21e-676]*im
3; 10; 3; 11; 12; 1; 1; 9; 1; 1; [0.07625032831439452118474442632061297940234578696421579980980546890941967770362538596336585998428059237417733946494865720660801456481138602927271643826837062036120392916578623311197095394763529136070675385259708737403390177109130467626874566378543222803751572284529743130937276951196707750233575157253445150685530681505039109163251148860917789414633759891695105905024950241000817124612457107529318100232272496151512735418711495736799762165679112582240196650954989555736888354881659807543835232436800787707335160894919789965606526997932815162679360774673856365798425205899564150331946370555159142540415689884998921893197011457413302550974037490015037022472191590027193769159062 +/- 5.94e-675] + [0.18449464021242760140260681699131218879184803715989093519082953827189005610089110329335981401857026548348283136984609307153185294819363150496480962819125312147158188032138523970223877483664334836823595816787139564631300375854222943237658290998080088209743085293190901393398336005163803320393848408666826906341308098056992378785223380281612179058999313505301231462987351143780847534416671497644703074401083892202667397430468626692324223672392831489119714825312027707299782443273071241757711000208848799589763771916260708471677535829072967493927342536706649499660063977482120000088016658792454068367800498912654263716182266860334428901864043702952517012336064775102775492738641 +/- 9.94e-676]*im
3; 10; 3; 11; 4; 1; 1; 7; 1; 1; [0.07474285684307695857522936831947661676524044248919600050917182661667675762004351031005289300009816841042609583135165984610441522333967386694625426366035041398152873092690192371634752299089334836700076222062188560586582127988308848574981885111150588346051274014961119773963304786599746547105144253994581155888117855602830603565006018971363932847306370722617775077258943372596689568832018236314127583581091723829125845763465350032401150599227791534428188560572617007762829154322451338966749207324846400396575740576219260376214359553289941672324678304487048147688070287541808101901585580420747511691032100979352878076308727234830729368401852235956242233463588722907965389589820 +/- 1.55e-675] + [0.77180454921083003487780775476065870497530134615744376498791949235419579903884786581288426683607295947849034439457433237122069679999960082451928754719183625019294003603999137386284375812103635316600775128714067811080762780166763647167011471327115008303932338254383276135167289246703716187948634952291604461189996209283517944261844754218078667131039751208548144619734662314089731926942778779638286832752027811152099482693857185870924089473657136331629112457878156109197521982817062549700598932234840431981551305796142707951570988028370059388538680469699024579842516333294137526656109237435028930824928889251084106712962786043234563141015931353633676041038039799795009287769450 +/- 3.27e-675]*im
3; 10; 3; 11; 2; 1; 1; 2; 1; 1; [0.1112838364230072901657402112647981277712410322944194878067937127863148452477994170735065064328932732603026363667075790759650625322673692744499310552898550176086845928528103475980333014534813352328153279410099255319014728457057300449778887427849793660423035552061919716800623764503725083458904526684329551490593221510420483261761320731861058035785565455985225059710619617353310485339707962420940146206498045164273737826870714149151431358295955641099955439698318142035341768692574348042635585891341366434879460929398857302970259997956972990231070081558067619384977421593072261717705350553896965939214804716224791625260622220539521903130285629705307595350901097219337030264106744 +/- 8.66e-677] + [0.0042583752136388335197705358357829851820232637755757268246698996437995759504613709382595476687304380710440203157505461608074540823698046688804861775647002412814999528918716455239345004177203123641106696606188334185516897213607329111020383195588333096252027146268720676192531956221443287560450391651624454990742164242832920737466192692496026980116505875568855669302692188736898273468513581713893231145244465829935564937578685509641530958813086913968137162904963986619785243982951861770158123381036494084957633418025058808248374444266886178719892669474724693493234959448891047637911650024226560659045049909150706698535056993636242758060246438884630403516932591159602001718011105 +/- 6.66e-677]*im
3; 10; 3; 11; 9; 1; 1; 9; 1; 1; [-5.694306410042390314044432838949933668419420620166810762120227095090435275237320734173132974749722044159024076196665131350797811869711118709818193889187040502539915334279573544034136279361521742462695812767784226268140046240014382126837977833908232848724226913859412906727482397258741026458769925055766056962355575248654363761262802389309929456433045032120215572125721450909227161811664290913453189760488268764419772277603876029895700030435190558875933870488968055743448930326544367074536167268410983460851988704399747928927606318740844261134835633489027888767665683648965109504616708453325568661392643121965787320337011402276590001368240835099477872546279127237896443780614533 +/- 9.51e-676] + [-1.099162977075883320708616602918730313446274088317225661655108904413860002685267884235178679421412021127756573926397576349173909876492547361248396613886567085925575331248848728007474313190334726904097338295560380357834677380437143162017263664957275507782404538009547515286756379133523967478236098757193779133616773565258899986951992984636413411092043399003358441372705431434999648215990525964618204470846783139942388552529885652751583733799681920206153176266628466297280379095376893247566730005580475801412034939353398104875425705813952781806295284360343156706461311295395716963611563556052467816450457986104647705606221402721824513936525734287475329063519834554163871283313533 +/- 9.58e-676]*im
3; 10; 3; 11; 7; 1; 1; 11; 1; 1; [0.07210206727039688588308015273122501089771784378223194389658164599552304700081923505026105829950902152987965933774510897629458218760654649129878507237448606764105314550647273860261652216150353520054629105816282762802849705252336088865568484108820224218387723060631889860876894659370725388425290201187128813958835979437466658057412531115763734007337299471211919844001474509852985636243332294407920133124584553616982637776416279704305724540860100540059810618498082762487281062518885003141344407581688806835442828381504705606448587431565661499344522728910643773457429349578895277856734527127300587189203375613469393401929567124638654821872998708337590744003002890644295105456448 +/- 3.03e-675] + [0.016409549629324577528937221368680665432206210699156328113981948331672059838175556580804499337924811544933362579952330519866534347669101517986288079306830175140725380083626537466629377611161171108914396446204990986081142821995338301330320099397789188018882993398770589187811554755566215306176946350257743315028135540127172503455728109602053813383857587385843960580208214005753826810573504413366849036675917869891325936905483279339534748314850683260657428252665528667930084846394680654645822949304269937729806886126169211289390696360867704118649820811978874360944255077183477176222780874914560945361531468033040425888744832444238663510444647856036122398768779505612296899343683 +/- 7.17e-676]*im
3; 10; 3; 11; 11; 1; 1; 4; 1; 1; [-0.58662878575832413825260419280243270156330616404724978500313965588946689470742677079980491473222483850742156877879066478292100797362984146084642338428579376346149923088598876762965820612195701816159301401676798003645306127360258512228273232003542564909560674686523404386359655876480424609067568168494042298397346884582852744259126121543436265829668558801788762736533505679939331615645699440902023570665522299402683846291513623788717550416628582660870569826734490654313893247045814778077202625274699122502997497740420829606494448415243958312034084605501455918132474828439558068888827204123051132756316526373290916604307189167137334659918906353612068512900048694191929479003486 +/- 2.02e-675] + [-9.609701885044873225751861158153140335747370042089515228460195123292651645273097735805653123726397366517492740420639735695945887240769076086254102953008103073598331460893280087490047100400751034724038538992984430178206117733668424156868887139731781620312064688658910572393208041516310671985222502263674745237423363921041439272137766142089656959789452168607480222237879873004596476925684298701482565695450546015423784470591010898305199590661583807385907499689687014848417839198703859385437447161558709060411281532500386681721667177631040324989779141118381368462610948191311279704039141641030676671459489463404933388692120768506895917139226555543288795021880000961659293838166528 +/- 8.79e-676]*im
3; 10; 3; 11; 3; 1; 1; 3; 1; 1; [1.535950606370063114813398446655907432076783276874990170048508008503057576545243489384045870718557190988445782149200504180913857809880389831848183631176446519972881841269052155608877860355065615280997436756930548915646693216135136110009121259049864706491806141445003505718617608654389786434944425931915262172494935903482095354366670738177810610407470434414222485169225496458582075079974493277067813473700102741998981272884369158212245235764240758318308905448028468824138593012181261718392950731808490553028195481045614625614581292050020246124210839104865544851186729308971140506881324003558093938481259563116473912708451906320586276956729049923076385378565998136180495083903736 +/- 8.62e-676] + [+/- 2.90e-676]*im
3; 10; 3; 11; 6; 1; 1; 2; 1; 1; [-0.0181787929450732345158317749327756615873083708876524963182330314233613854638858266364349052513611201765280430275462490204876781798843499364171126758167467149939855777221242007706145117857243774644179836379227353700046722282775472606676233186778525491830037884665870640784611854073280970797608557983290634579940238753492569501871964779221627316666520263724609257267761774231401197885420887077618066260347628275138942740417074188335978613710705559846958699457950857681579575602451605903071551981228246019540616979638055430332063760115368837668774249311906282379167964824709538075896356569226823631655498095963705429617940607440530946518140607751827946547512224413123202302166712 +/- 6.04e-677] + [-0.0028631867584683377233121792633919904833808005057601458087092815178218944362044826097647028169712976641845817233023512919669324513719364495545513274419282208160801720375667767870602958157603264399255025220245243015019792631528794742084070547109467262482910098818982679206071517717056377539300175054160098557892967260564418956616752808421729460386547562373984846347265268309936956544865660307731111616426871622583234938345799834173163788438744049047232398275624146760869782538100741299147592124556350386244877149213497296581613313238231254363404202183506072769215404913245915341297145948954156104521023774782796295737954144889498699629172470451636295485945912385662099319288667 +/- 7.87e-677]*im
3; 10; 3; 11; 5; 1; 1; 5; 1; 1; [5.49617582570390731825605576897713051666664690771265719932763334942762144311322030108720286942820400176724368777387214474717465442532509705361375864290794933332078151430641190744802108570535765792139316119054526998442855526451563586806874845300594858559359495157813269501796207633831325807854737014297416601150605710834381699814322605873880382369076609691072586604733851610790770800990707012246433170081275728526127913522540752354871975540527522655118125049641672552695969559357971563415456467339551661495188173083860415066108626009873607324069677740790672868839638969257785668157430312758855674069001138914039797869052009391339599838528913583028716232181217996205909184872975 +/- 5.08e-675] + [0.818119058238667347704173753107266959420568087858284792916401264108814418562203375285943507552910184738986759495653836682795393590841143053689410018028867775330281055661039306368799966145560288732437461636263286155711468179595406223120234043516810198981649333725220009277139728237695496845200841071464800578714016025851366637711096980866676081818707447967290881300979937488411040707737448692463550648408845359825417325229554979997704589727040444048575803509362399185882364397073168951508054651775520662135991416404262737268289999747004809554719806900853420572460732659625455921486767397802835077167965484151639016058057576057596686080621211180446949229576050557409275086114037 +/- 4.69e-676]*im
3; 10; 3; 11; 2; 1; 1; 10; 1; 1; [-1.640968277391438242028435132278578853472516012488206261471569527931576650865685024916049031460561387686807039809209384871562814656603127545759113423945378342630025039608139794680861045939368927235437910534754694812379646653508402029148231930427697527897475464690749147671406366915805773596339090689913817014326488454340008456719033503509494001592174757469910628206221089798891563273369945957051534569718442266981925611756851674678185602494179389663198930650232980330361141283416640227599022437136926650809443243985343701275225284282372164970162442491872953268272454936926983634050171277274213237495784337396267475667179000411322239037086829098681275602984045734716437256092998 +/- 8.62e-676] + [0.182151496859604800818659535697445152821521436544565280141125604948746032309212610316626224705021617193958966162282994910115218696424844510623953016200304892300209818312549416641618066909816521006582905397074981633034362597603349628551941019872660350089477760984670448601551601262399127576229929585887121284231885930773567826201337770832562802734437385889502829951975599682920439136608422241777915108823533399803931632760132595012652965036989267031579983550078986977231109422865895968323318394261244187938126444885395928448134344418751328766850971749979125716052977704498670867880946615925306333601163053485996839442060711996514266361497173300231234914207350289141027333125610 +/- 3.94e-676]*im
3; 10; 3; 11; 4; 1; 1; 12; 1; 1; [1.345759818602985162421931325987852750108053429393985169340737414020151680533736417815277614743990395201216797738960499353354079421935922727610446356067562154069224821543407116488541830371335887406833113863476902985770941095324992161137168340829941807372437494207252887960673620657516257579644615591330401535633933282898024907553141932796251146369264017209623890307423814859152946685102014245976500424449922675399995893776696017384267949402662286528696032326064174235123861514838506831420306534754236965182907730835877066592280973350489673717538872707187185362204065660751961436797069581107107768098972355782850397760727372610228450904243155076048732614886014541463509065166588 +/- 6.69e-676] + [1.671355639752415517037285979992290846943480933816827193740901101681765552957661599191798229011514787865936676801717168381258450289164076908897116639912863415782333530931848159371603171352048520201908459242474692922360034692343104162841712901401956842173350139397088609853721439094478893531766690840660869744898396008124935665551885148534711688039486205382379613604411604324712818437360038377530430043913382943234122846719384362441990071992975607118205728749105581848810281755023370066574476760055090630158218929095364937778247290094448074500101919850375062869602512414832512571390538421709646054742088528161979464408480720883921784007771123589854959289507639767278016194143208 +/- 3.64e-676]*im
3; 10; 3; 11; 10; 1; 1; 2; 1; 1; [-0.014281711034325269680446486217093177273568481528546416655790183850109544933879605799348406635140831004541420705621652512122512292229153180175621047610302715813279161549986516627962855345305487084883187770230943832202805420719286973471417971601551265738967371613627011346643107296561265544340039445207616613861079681231407683219083255084868251161086836763038405472821086045419529997483144053362601874472648012996352882927220602158471204252946505935838747206731421055036200556795246632763291827640111425849944354440688607120296279379376047934732330899890629951700386018628883165387057904143005592711022393601307198889312616364729635445390771367114087164531325796449242342334472 +/- 5.42e-676] + [0.001585304894957535873648302132227112856871612713839375547489055994234570895453389918454338327689160629464317665219647308596151448712402257553647244951310501442846388913919738196502414683833600670498100519895237365990719927223548988902087481058882208069542220785428845420875930042530833558018655978627848324129786605756588640415301703508919634420416668435808391702322668937173195608872844004992681604829329692917809945577467866209912779523025194560934141720856639146352647708186495691714326814906530000033666631809022518248049567367454392305785767781834982760291279706944571462013520476767231852431397346355856364278316898229515283084111998138955659193137110104433993137117412 +/- 2.14e-676]*im
3; 10; 3; 11; 7; 1; 1; 5; 1; 1; [0.013937430570046525402289035416325837028356929873806048052395069748245880605092862637231005720929110828964423098758348179990327362837931188721819366191659480370724028766880604286230998345945974529592963092033496437034369750185429244595566905772205674664236137103383014723788320718437822631231369379957618524531452961187491354519026751095191330468721171875718510248186475339264124650636248347982594875002510855080821585286097657668612773356787012186066176881994949320158905944609693586138034748668960556688713962856539929719558574698956474551521881329924034132695573898034891072357034614551299257201166730840371825457640049621483119319782049598634463250983000988434794436322166 +/- 3.34e-676] + [-0.082185718177924884935774188281812711009361140982282611477907376311877566853473218678933673405851981418362560854766668176868666366422589616962312709486146131458103027056279688071029537730740342110679584680402387012739746631010019618002457326136683702358801321583797731865428807921166401645389316033984620683830694855998665976911559349188160536681686074101965807900412059098091838185980241088940041948928850981568268606973684499593421916375926255968599781801944145109500515318721445165246797154160021854404490824589609112592345991899317731518227444861746931321405833810834594014033924505351782163553120611214125986526456098270791062689438015749015248183700937352288654412037869 +/- 1.06e-676]*im
3; 10; 3; 11; 8; 1; 1; 4; 1; 1; [-0.229812959762391835802422938838267756269847171482675487747794541459803745092412480847094005230359363856462976674764152120748672696265373824981727056814923224109542813425075404290623477807405494477319750704191071968432626860942729219045540236431890601580726283042685179909120415687120137179948194040709220034651762860173251956070231962082707960267086877217461714428050137595129388371489057906501123565585096225812993210075994644230289087282331233027730376815091758931198084061600988404181820905552179430869034158663111169703355532839398074541487136022833540707333060605985349713531819746282981370843126948082793594387165857852180962103347349529675544220217345617209071729704940 +/- 6.23e-676] + [-0.171823304808697800825009086308732226597609301768435961487052590677078237616480310865188413804650760173959970506656654700031555781016493220176206931849677887476268016939300828548365551365941559300527280922200178861942371680007015696091877765515422666521716861883773612159771829219822768016563013621127518283217684308856301498532551513000259494397759891181603813265137542162646857011574098960541135482660311241313935075168025104886886616195833914238855214715861959246612849199498303958597800697853591968907421890684927234985160745396457554136786968529449022819666969731417785335124758349576374712261647902866481098950679338612993930785502412741877456295466263089285373665281724 +/- 4.31e-676]*im
3; 10; 3; 11; 11; 1; 1; 3; 1; 1; [-0.72822632769027605634724488173060176009904622495595863499250688996640083669429787067528532864741183268206811619569584360024321126618193263884644698141559539896459957098760281573909066708373580005131812834791936392372641732571873660831925286330684042699125894661023070936282570352396249992783051899187588238731503441107994020986035009901611488401111697615773369077207606388799256439912515845901198214655457463880040901061443304203144849141004895219700178894451712360694080137848448514046603715715744288784015495145901885187879850788530923333988114103005763157638301588091606890779852196303547443504971051612680160839170971608542925015431221299293260973226388255181253262146891 +/- 3.12e-675] + [-0.094964535847095882531018964594981596733104643997971199824958600467758557870021653386261519814084181897961809456197081078928387596415305366806604423742057917883013473111922148269204586289765757466324330958543843446523169625424721847000822177579364638356157070069070055563518805310771680035171757219932098897205042063755416021890133485110333787762694195866493165735738179077101675285223818025167964047413995142783353932784817285359908319294010654520370972742699430455741383679068725004465824996170008048055523836921815514274919766982905646400690760014391304174394073589266285366659154281263711923376546132285738561031041857238791993067046781681549558422845316997283677199464333 +/- 7.33e-676]*im
3; 10; 3; 11; 2; 1; 1; 8; 1; 1; [6.28344728218509977984150343063347826464947543042342062142276091196704432751889642365365522102357692536824770705805824152638824964824746470779655133888518237343853532278791658332896389430079706229762857369255583594676864320639927652362631464006299566236070679022374586752876021035438497328332427220012728584979520341592302376480823602682602346217762166931998028421883315510608224127526093538224181319639859403276021871269513262672023916600311391252394385751922235819964628591046151584366273638739666645215386767178230408501090589140082438067259325125504158536946637551420175380321637729320783164037831865130582985096720558219412918384821399393696096624689855788656698149855739 +/- 1.85e-675] + [-5.500166975831452196538415214443007423800614753563919128354505982149239050821849513546025071994972652683081661960893028728991662017615773746447408273512478530882787604565631987424522584067618790233581813596669198125540077848971918232709386131426975167219497526755034659098778945846742354849648396206068803536270306294982514359050978545525149899966290820387015229839189917299269567464313656326077924769210085332141295290562935118045928985111641163747287269094482727240096908770817128672418188335768369734127140421444982950375629185090260915747923683911472457053636382342013560980233028440167064921382779913490155167681260259611561579359808045141281001825263517251396718437885946 +/- 8.53e-676]*im
3; 10; 3; 11; 6; 1; 1; 10; 1; 1; [2.54621444378468700131770987495464155768176707385457094028502802230954677843172093194209767018204442432478532929240683010430256746468173931293699013459301469735702441719707813273817978550584801232138459754743281215903318012742607279303967238347819759510091240221965091432046119823937284055947940198235137551512322105594445857998295562682581269034218718389745695951666648245297856627974185687742065452537734648922747781603727461862514410245356128249388634221760806028688334723067546790113024289404128818214358958495730943261137365582180481917969968654382583370732766354860186561965545666927347978534908903011454810915813911649826184888626209316874024461340693465856063517836701 +/- 3.27e-675] + [0.018895925449264521655284202661653670465474557978952024456009947695110243344404156805929028592482095350058502522803547849239949394065428649201130423796271104061587171970785674772430404643148883293189502424381660838952247562518359897836495427503487540712244445728833365371694808927976244379814184443442431689130894929883530231669176359196123436092968181840250281059696247519498773996112228717426488038295797474276763717655171790904870279474325846011400939838622102433529611731166279750577680372974868416941637624290785788673424941632288273082963243514128813281444654643972485521760792421711966309903118822356196886833531784015586341019215832046684338896142049845850697824093024 +/- 8.24e-676]*im
3; 10; 3; 11; 6; 1; 1; 8; 1; 1; [-1.957809027402272489677523781814422503483859160698958032901742473914498834193587145738164937100466750222627274528473815033129861183835165633110967168646421993706052454706336881567047878130387433340209876212018244187015936034733734611800498359853570466493372424860115846033545496219772163034777942895505529533760185500647926561165353173814210278999854878348983670908620756886351863484854912751124737698677855538407480350806581364647398603353652451975942061559384625483478853087843684891506865185877521488338828482790477751244735322461485808241466897766299619982512135582349380750728226714551757266388738072374009127078280115748384064192139671757880360599799515476830376546584894 +/- 7.00e-676] + [1.342437551654870830326324095809897686151973416765267826526948874445922269219382079356366216981543109915632066491573973575360203289691655717614799419665648669789233139389028315410365168529613013548338582684371014644753737823874156075091598199323558427507728830757178846536400406637780657976419360107455253640576506488230423419936934594320007141066039883686639975581448206739977799626389183132116416811793486426988771284169749060521085422884093427691564851629776598352418107199373459505232492840834184453142519118767326629967468566733041088378932867740270017205229291938638077040488844013402183232662346089474559067500436175310779515881189816035533466400186447858464322335691589 +/- 4.33e-676]*im
3; 10; 3; 11; 10; 1; 1; 10; 1; 1; [0.461936739635214753448076600988385888812964242374692968507357685354789973396480045047802959205768639541560384990630827549693147582924726379708667414999434887739119361322115519283079121024053277363248617048306767722769219537472726261357934260234935098366276280968114537536647222559620263484284869981531729814979149024137272760982333099963132144090936051771665179771863481095053721765789905409819376237349086327729021049502448188927153913223250510377146775144955176473339014534911472765581729713855514487550386483304164647983783550048324147875772521796371557904014450687829342252310944345725542722826231376461125855425761536334452793420603512531337191664068161831441551558303194 +/- 8.37e-676] + [-0.122562186253717921663503924652791950968687582413113042590774037022087037416842863594799297731189894151821579959781571323350919810072515014758970614644835471687555122700356431958140627656549060917582861625402460877825420218280550360246092464780198430741648245071036040720386149853069486294808369113692430000445126947350401087946003662410438378424274556838051575671233191089177737396385665317331855902996788670569965217692760297379306002526985574644121506879501844198255022116466732763438671315357889413404740173928746245089794471406596102062614134915555003345049091449800320078454730807846764126781101493971854834525185142020560782714422490355404204182305517091844105593601740 +/- 3.71e-676]*im
3; 10; 3; 11; 5; 1; 1; 2; 1; 1; [0.023408322809088300122265899729526316834653601523990907778850213426938256312391926541098602904492890100695781458309952852952172263336575783797234686224163038491657463809926272759511211189837886362055117506295597647185599515562218322579019782034178704759165362352959843178583198987180959317262346961361683438434927754165402749495196263322307150905813109232938409882582182112337483975454586659788629109303724843112592259879363892894108174495641128045098805258068327299375010197368824458735602782288604404818755685328961969006621040767664322012030213030744768492318681483194940827233827609931279777352591202049185473379757585916954155951985803754542583470055990272685577790663728 +/- 4.04e-676] + [-0.2509564254012351955399121855971294315350152422846980201708496156668069467760351346193872282962901457199788087507129170755457293807626001680511831908281285655444089451148210014234918106675644872712180184525494451736762460147913993097131480736697674796517185525677046578553293570470216721107239437259917466756961150408444467569858464528120043727244194235420399620250568847059340711929746516294741352466460103932472862380189156656188804421420590403399819648330274575161145601873333941229649838800821080291503529184675462164322332758433581655784882676282386983875366856787275803410286107124531387222765180270733331407793952809880581552422044186523832000583399564448908334217661720 +/- 9.05e-677]*im
3; 10; 3; 11; 8; 1; 1; 3; 1; 1; [-0.043438331823772214830310951128716518748203025738553681880364542002571376645544580466739574637100621924508238139200850361840181939940806552383898850235046543301353528060984523422700605894685468935460716942338909223120819048846041427718674217745927604166201603338672214362569185807005619029046068485722369892118385116622616374344872271128891374061285843647356430474673684045774960272399287541538649110929634282457150752463081134632000984284009046827133659288771395589749997328861222795404093349645163398926109531430050651826956405066232603284608427295537309241647926220040863945785813406419482709628604185491811812956584945301502788202878718394334301737455245619254732237061167 +/- 5.37e-676] + [0.039515770124869809006739284866571313788318326411365901529412638462258371108172649621285357701944236021322810944096812967613726556611951263999038427905489517761230341143943265497428158263958618064741799961664043406313557066552823410937431827775482197297582430794488938296862100103628517396776160095639281513603804248581576069084544904679521734306103295229273696233529323904055379357583595163582417564651416860673438425588104717143478501081268218237118639092408270860510033133621440077132811752893775068102870005850709331151071923215082774651328124879959248998476418552042733415880213609318829052446402183034699854835535652258221685901794817067417669613420903777326776131805051 +/- 2.14e-676]*im
3; 10; 3; 11; 10; 1; 1; 8; 1; 1; [0.085522374581903879368528673060674331642020559330006332571387369986852349936633324661111460100699783601731330328559767139804250495731063068134322968399262682756085447904858505367713310471474417075810769960500038167268145694644376423970261133994218480999342408761407550672341507795618182315897284279263298381624524623583487378786428548357582064492068657678550728243114709230552198615627471186312306766584757878234440436940078213526549762607949343451046480746065851776249934525108123819591276904038220899440018794604856906964799734771686373110155243438826819689467460169455072600048633699123039422173335196454535163960962553201341381380861412454890946549740434402129599350483492 +/- 8.67e-676] + [-0.100924757421304408221689326955885463709724298173297896270255813224062443585663935640266075857494979071971777575266497176469651443798231994677009257087695178443933470200446124168688345708958542121432488815895883384183215751582561193256257816441625997142311052519546544353357282472832466464119221242756463573595258392149306131069903460088475948166526124620771627102963532301259403200129557330718334168508074072513242984351999410805299888134095783243761211288122916809000325315053575153967686014043584333197818043349566594066746010726593616046184126249255925096483246624830800423846090583896963359145688090274839192648098051009000912330468346273937322261795973071718952616774282 +/- 5.14e-676]*im
3; 10; 3; 11; 7; 1; 1; 2; 1; 1; [0.0314582873240958113695548226285342795299117540909066058230582256888892774519405991151480841680128679915777255475795351293905527839534345905638906818323043129588855681930017288639056844809089620137101659606587303374834390791952008028349736705348679902615402139333519340025573732956665163097318879241795470867352058175640499228737471866119622334867898059792870714257923396521122507525682522515361970537407960513231237438376053395374381608529847058476219114439747889649053545904131226820343475692152601316985766322471215673136928454356577256017453614761896450051394087791924749270616824582708578917188428695268981069967136008902699016257765838827960539799841815267319494720270281 +/- 6.81e-677] + [0.0035772047310216493374998923859245735216395111844295863612994255127669652153417492601000938759649416375511791425291063029270245720696690218897894889451531966371815745165552405739131317822605884588127574703859320516462773965470353250696526914322748776531698780991431747707545107824786915167073948065188392044958920753788707231678138300662416944607495827572847926272738898536974259669525799426402258176969517899555728287632808063251403408109210600350900801694467772936283826274217135528767572530753185123927693948103131930461310535506268885706943370932835397106791420055828573974459600432850447258487022570330550828332871202888065933474613409781331122014472521699071509547024354 +/- 5.69e-677]*im
3; 10; 3; 11; 5; 1; 1; 10; 1; 1; [0.22990420432884483663621112603313460241134697031535257575668509432833148119287365264049472372615462615028680177512243013998634852620309277152923609960110886024551426346529879879729296966248143204097168938702504550845691699130085496355232768089735117099250920757622179250288873276144342719621814215403271642901224995397067041582146408727121714894748951926606641361410493821896289293709275734332852220569843299507479587332914446797524271562577438175951179477687016275455543953847395556435154797674611515515693879612294910150915319546889611219404561347421083278456911464482902674117661762357923031795657652024763365423503850100949568045787369574498494875608984115557263480983396 +/- 4.58e-675] + [4.116625220169471357632454389135514100400534100225197929753508180226229190660614442744821490257712770568617468529821563798081834196384608326070472379782130817736183705084394561596196289614737581036690509523048994727029383642171283902793463835232841949494066089535129517369499996262290930309177967675822167782237855224336896735799506026160053068242467908849818945009086466974269948929771469539197060267765807784811582665459672265389123326347051670692565440209134119105182910840342964949504021314738801279097494899166980012840496503259153772344314096693578194249961566476708738742390369364453265803060371525676468259877865779540834900337167463438108711237866299441555248284685480 +/- 9.07e-676]*im
3; 10; 3; 11; 4; 1; 1; 6; 1; 1; [0.042491830949197146153876504496383759817414150883058083198534106859776707697442327219722618044346534591611312912825373341179642280713506097666170290585329686666775276852975716750978818695157505738368662275684857195029510097146918242368547722931195386824164228238862386536804420000737588515105592600935128243847639245257062469054664775551945509002205076395683823878173358265344148230141086639537287016127764325231296622583604136545255577481025914837996593990071879006846984603923576974741643557662973801129378187611662724529666597233077854248571479667203821210024403042821427515999969557260031518706887409356109451301477418050424076503147706794040937419204842049678404373278879 +/- 3.16e-676] + [0.792757957052392168976150897164017114729025399015164362246742622306442626971885083665472111923769302271037134275068612401222493591203214580718197624512609257199131817461338160103215615840425341068755453084280958652153279318343140105988784182947800535334458700223730587415894088957876679609687772598161869160818242303868664256069217520864639363329121824487391029417723921174427985044504227455685070828336854653571878252253078402506672017247038155977830548201521916812571271525273806296080796934332850209776890153259624666043218492804801073574966244327495258564857223452164915980427057473234125425609997666250269981900502589960861303434208657909176050358303206748875145255565930 +/- 2.91e-676]*im
3; 10; 3; 11; 5; 1; 1; 8; 1; 1; [-1.034468759748346236893822033853265584118225318292036158767955573926434855618043667138826834466665211761045313220421838054439787182751941484116694474453891818873775274863386988517225269231584722279936477287594064832116340373229019650914455581324021323739900731308276580371698614913590956849784327337409863800658246265769547470353836750187226909686603980315558036674178203099404740354264780518927480424050010163017261551274336162303144713681505019564613143428144247587294234044025034109367959878350185209498214628631356967566591939666449588816544534201820534787656321875665130320663229678008413656582092445997228823242699264939136077432920386436886718987635965011198843513082178 +/- 5.38e-676] + [-1.321228857675789323030415066676711067214030030824485547666939734722670112776580469164793595432829003936720324370235634454265740576855917366046693738729890797793205660083250150626112736450593440580075007779552574273510566463478668860290906863415401231871858843432348169009715752205379730597029848792439030819295293313131763068157428412507040495518619737492262988813369926740378947437677821740573571025935099879254417284503557482457884997389691904239071398730477483304727235908081238388013179358303069400096283466573350573708094092754494357412982679669430298593660630129118330374842067583139280949949284173099308745470522348148925848939175403254715385358018184676254456893591379 +/- 4.62e-676]*im
3; 10; 3; 11; 7; 1; 1; 10; 1; 1; [-1.561249001965929543192491695635177178418089976518401510956530621996340431256063028192528711156501619392792041491352957796538953300714514908219472222731017913874039165262510773240047882891390278465508259613543803851670143076989584624319188685745251890290354854484564269919889661819561569286631458132732072145289408395252208179766454586378141816302740674765147186667767732812492035751329775613715007134708357862746669878603362344265651025795951364006185532055227634839780233819047048796604061429994273090947200617263185190384520157288258536219888221470502125859188174837600782838916990243805165275548802174620301321373734620269323465102808523692001033003287571768980679553704313 +/- 7.24e-676] + [0.055558362814446955368488072765335118231008205793725582007372022025819766775636147293917466013320846610660677807418977588072354392809974729099048870246069952261685899691049042201823755510393207289292577677390113332696821818924729589293165446565892291721526081740331182395264771001761677364857703342746573762331404634617244213623332537963139544784011139465186740500837895942371735833980604323913909356551293889255325369388939393406710529156045660554550299676283116794533424516438122912413242684860833176906606580843246399005147830333656796074698279197466705442277183450442723853093898592800133056025005134260577732362577753537074143151227681401148821787065203379822169867415002 +/- 6.75e-676]*im
3; 10; 3; 11; 12; 1; 1; 7; 1; 1; [0.02177300670630261499088295847712307420881311697277925127580107366972336101577334470821487908443682661715494551531016014055788634686258367684580860253592329333560057340142873558091207053214035144391306673866377673943442541263336713992491407036904010742495956732741268303591449342296238229989805303304187949608592075341265679559823418417047075642480357964855585388599724958213612168340089237859522947634148166978367818398175131893950269106063068238301916577071635086179297246362335534712777635844799422526809003259101024061775308797555148894067161922056317429589026550419728912286222100606467565995662670669773075343746900090897799367824506454460253745340181467114915712274595 +/- 4.30e-675] + [-0.00903022898939309641094875044538010499163187046648748861463415233693986820240758783185242683914666513455201513643130056818759386793187719782367749619929760379707208348958072075433337476174901407810244111659162503454475928306995526804125993594087912080449574708764107672780919116151606729822176049516950598053673388246081137194786124591161258021872858255097809048433787623024454539767123472449347162629670354173809502574878982293104226730265041685015720870749307417192887138137332148105230554747484109633310115384320350661687941841475431247441727038571737372133135510942536570918793332150677456544552179064249722401291709482598247964787812126645654566884774413106054353329331 +/- 5.98e-675]*im
3; 10; 3; 11; 9; 1; 1; 7; 1; 1; [-0.170828586878213370757954957577567878758805110957183799050715187757578684894939188436887350378782753599384110927270639189638697787137578900715195623026326672908102800894225751847878450199566950853738395858326394153348384236497075126536141763591391607019905842025628075234575213718208666017601205389922717878095388829409848367247946456192764288289825796750409148862931339029370227535348666406217328762989978957926297334684959273572604653444062783637422751192051352562667106758699768222976160007330864777121261395655915720706973310044497483569026013984692885029055832329788371202415814716658252741155384290293700035979958143956826047846065506600941076411269161146977182063687683 +/- 4.64e-676] + [0.890921887447682820069018117389330587200187756800866089424744861157853204083252335312598442504164132766401215832460390972911796407710712775005342439724519842365752209941482421567754544632232026920667959290466318092504895568595961674262850300173700102893666219210169485773457315037663224991409865169517313336785725021290147266602301546630871417959563683889171855103071756416866779170650985261996159656583400710221318839701046087208608293275835346376311365930155995311324623657903826877499433268302649081348810441341267431968161671576446446630338076701238919247957862028645436783406562783892043845398669257541468686095766743369134521686595711676291346134601876185130021166532586 +/- 3.92e-676]*im
3; 10; 3; 11; 7; 1; 1; 8; 1; 1; [0.501666129819259466797903098743329964180515509701367608164321060938274869329132187952791789105718455875607330442027794761403015856716812969654045876303265676914926451131294838923376907988881397488227297213355679562701525164090536273481894525295958929110398983550548157516887649774367716381447761042939526027428316046794559699625349709762153839335059187802061480404414434047088803061087599914314280258797588250906546783764862850358182100369817566324184085612866090423282397707062260723247730426539470167530235767009485875437678018611735422574224019099294455462558251171207948568331679634134940703223869474006874675863966269884751693445666851203123486825449151465980020321411601 +/- 4.35e-676] + [-0.3766759195357674851010585626008812533168117792734861696712803648988782946970592079542768908813818556001467678729756743849653103124846396857806820070449623110628594342464349447465444029812632830052676966672744144646829102501596269985668120344157033580048855974797823037176993628916099088895492606504312015631325121338579680400862062914847029610061998089502283023831095849208055574116074568059434470453270198381051636439132378234651279635153725224445314562922395837436336047082017310724567837588235964549968404247105687269471148991400426885440785083736045063044868129243634004208799420467675841522354363099260903991652855065804005070179507350379118017007880788476421240963767882 +/- 5.26e-677]*im
3; 10; 3; 11; 3; 1; 1; 11; 1; 1; [2.12491215333483397929087650567661109633730670668576951749924009597258191700416981011052803628191230020564649531344487952743193765631703353593737910426227095193887147093393532863240681009591289654360031915463735603402640510026776737508580862612999897793041509288622406848798130664867315550614058931279241597287981658377788594270933797799651829016454317317447557225458734387560457858014972943998986924558292597359903194828356941784046127660741088804556451043708424707443123307072156242492180835165445344088381676311950655838040593220994838236907479437178915166698774932732533251192378647219846760474754616068366494786025314728152900679826426025115690170640812190790162772326667 +/- 6.15e-675] + [0.27709969920659055820194713673552608342378098860396938438526879576812111240894714639062719764522692258215233406711447377134091839232609898414626155537642731760903398518716952911399127967381648795856856489620158098253010922401195054882512552971424068824636195353758091433691916461554151019527290484571775510781530817386918662428795429458711366218453055527522056425315286588747381343804241927033262665808200792825967278686117242103561533245660558006215863463702849866160344314340994764666005310460759099846491230582242816732822300295094263221200146880259813748988905168059653024670124414832501200783063707953615818739621054021226347158485913692753537757762598158504158951912783 +/- 5.33e-675]*im
3; 10; 3; 11; 12; 1; 1; 12; 1; 1; [0.39761119648411609888579488216223055102865067481578500813597464764922955308006877809660708248861723119756856300238971139613766867626471745562953480782019354636508950921280756448116787670716655014733240924584470669342852692839037671107026240200265226670617683305628198005552708394022735460291589394078317114124800678506321229707511808225303550140641045250173982394439910348462471715956602059082883311583657652670872731531055931427474766568204102600287199636493931313637131147862410787950057179528696201494984960532154652020553694178418008528461554904902537749982735863274003283011538292871745968724133644412390699696824183324817915059295416435268637685782964683984277597598874 +/- 2.99e-675] + [-0.585842440420534168538754335349729763815641216899500112424972615081628848680043319488287423499592146877797515851119167152939752807352706404008219880329541377929673711424923911742495582166577631604329935866855715104564973965448784197857867907580568873042686104867966208786413323903718392472570114321018518203074927396053105187977033453268344292518375472061889105020452039167923810721264431319868616674149530777066019804605398922533894688596009384107255945185344629761767869590204128207530104497256155842244469786548177176384629731546157559100686763009495004608370879623155982146796447313584134660752926238234321172159771384693530908404334896415816451748746261100956144484941166 +/- 4.10e-676]*im
3; 10; 3; 11; 9; 1; 1; 12; 1; 1; [-4.74643111645292504877408817162595725745485668625416481750137088335178661875137860167558730706430958579280961497755300609258265918941143526900675338437348947022661712756019546668683134125287644142731673191176396809503135821999427709673640945380303873540490161842874878724314191064031399561871914819792854479060426732629093670520287643674001093694510181786700263748316066266136782655380952050618967651868292929669483974399962280271432823203979974099623477482459045713341238040018970872328386002414773618836970638831682230555029232415037920017174994333660765867693853127573718066927048308891160507509511967555367711604286016954413053450103479711747058919494269121120883734416715 +/- 5.81e-675] + [-11.48442400814870558965797687219469534039635319376195435159549984164913978792317641115533684489036311299795029232702407866238463793287817766343091623022532290644403451148784545407098423058016041497252818977591756779163743920043554229454383385592838467417589702459661814816392268877327888487214964269425257989886625630860752667373471214459029745900458659993877042296027535626028427633323136072419629433630932341717781985257613313034473410413776077445979750980001373606800458812995041128584423776404745266137008881071835448864272102780440799421729604986403296452734239965009882397558839333492592559483873267991968950215603950935041637057025571702212678059622601063832008710000024 +/- 4.68e-675]*im
3; 10; 3; 11; 2; 1; 1; 9; 1; 1; [0.130707542016294783039160412349452051847554236245403910819339386100325522970656938160608770340493505213573831436267775386286925718923258389324004039648157069342443902970921075836927363897129548685112080596740769177241397824749949492277835012463601953569821608026666120670171676949076241654498176244297328683116718843855869617466667476128880691850204028581241317830792044611758218858107658511392947039466199888999931472124974222768096426061506303996388966563722208028367204369409934257961422350882209556229318128210145479733904471654777983413181009736479171211835479911029935890927443983900338079891416962165737590859351136057610722233841521294303855064837377726360665914029802 +/- 2.16e-676] + [-1.136905870325395455278910217138538698804682960112319556289229489412324914879456171527076034230884821759512955187066566318018450154003169084323707632641953806398458761297255006108313504537577573412731164538839684318648584453818855204525678587750270531890322260476039256022700105904923880611682409861253715921927709422600801803143679342414464294583213070493811009343776430578617721362017868254696107287984715977869203183905851850052714724703433294986313970109396984967838235727679171227808244768150871449214637872925558328043387255035060736298166362546249123001504666254183316401040484222288730861711207977108507478073030987654522215011949184135506581319091896621788403082410679 +/- 4.43e-676]*im
3; 10; 3; 11; 4; 1; 1; 4; 1; 1; [0.32093122838804839174644383217080007411377226500505682545850103888792288805808764832456150612047159813569934617747665714004351854779342975073806996249518543943543459884010328232500786852077288890387404424116456865178324502643291479422683728778189170731156861590428659413641032455327021008924823894405926139516046628639202122960298631777661500992044555070486457980935045020601198357500515758561723593033599967843510963300529630484203244960201127289388003859233869434477852276578954364798388449874741641710809451198768050647148150175983485572285850665441399808032553646767967693520671856513023849840830723753857421963770930783200297429620402622317227356535094289855009128505302 +/- 1.09e-675] + [-0.128663050434447352256108644613917001911140458898873123070058641120520156761952729050153956683505947900309501096211496038149410707814002964366484400030399490861726510183765772249816408043107910898329585945291255993547928563490947602171113381080952052105383401691105034183316215989696829097387876709412249392409624646928578883638362862521227392235475533996534132373035940395964232018093143098182720831559015748057694481655027756763044362558635027917141553659197498226792934255801705552456537141633495678273114327040807417760913195712422518582574572574285610491212867488281672373301568037714945985828591116105788286824717902669197693849336681360561661389046139231219232201468628 +/- 4.71e-676]*im
3; 10; 3; 11; 11; 1; 1; 11; 1; 1; [-1.153465968819362205238756500281711499677611137017810567005088434052533404671691294057720835384559587369716209988913418201994417797267382890787639129973275335986536914893048872701248543160338095250157603872190208742430741108930477381356684978595389994791367173826883357730242944455183989171796217995361909598065224654341844279564244256743466644734354858373155987555184212695600061741485752982031333533952560714006651353569627891878736271239340358137227512113424866093254323553669161018121738504987460230636007903832363938756320503865615155155306790594663491880783940056454355130295817149318674590738019892585320829759636321732629050738299747165726652098574163174209826454447323 +/- 3.76e-676] + [-0.306040413714230409752360092022004313132667225029867386851788413056675871014399552122278507363913585321468296858298612448067573698177154981224178549868564385399384879935699310383056768286609309278215145274058689770112872715802242838171821148816611261297924431283298195894988931207763527163995577159447366861578509562267535724851820766727259013042790626545330851758250494911544578602066350881705299418186700439801597510478974606260506819968383812965929940925227432482799182597772306881293078112571055251244856572459712623384126800060917537691115566518293454721171477388289915110874706196943254805978917704366048630336963490392296256211053253867712255836543417367758478878980043 +/- 2.01e-676]*im
3; 10; 3; 11; 3; 1; 1; 5; 1; 1; [-0.34176533039155651272353399820092061272411866773700901487813918757657942389662579061613972881493137502984993892129581442148449797663319905084897088838635950631940328500881145986781482094574414469753112054115053045243332265614570838498450367380170279484662292422164969071373591684809877114749926385331262366882092593126505710447929022128049344008689471040025347229499705188512535059174778833705111055080537890264841941271664585813564233125007892131984161126141362096751394730940559812143722493373232892076341639197835458636807672275108622052992089129956975700208196222507199492780633812435884992708593170113062342257208673711546911649095081908840438036162013729355582330154519 +/- 2.89e-675] + [4.617299357529351826323464868006305111776639711965968808555908218040238656776411869904793265898653899315874348335608038133922950214461043793076491843304677221823863747664131138600807000360023798461682433476769417790333403733702793272844522780188091683791987086234554148988251894226572275427330631589699874583092583612005660440612891091999777021381151108581670090937766548212328900909694074776558204899914482092350812278703746999047059560045067956496682578879559339200770143808198913354746521708693210154592977488773269104818374157124271407803998287914232602523205805538201806317351182917810592905309152405818916388579826071390702621473596964714976890272658894437238758672326448 +/- 9.07e-676]*im
3; 10; 3; 11; 6; 1; 1; 9; 1; 1; [0.07778704857233761804923801868152695627524097507500727154323575047964968697515427144890260217990431684791799256383904627055491707472355942084013623338650315347356347799591145573407534684761992800979856193238988206740186157873207485839904829110495500176486987127077715312285604189797860890834678432957612514757500534138340049358375432188471554598711305808140586123702479157110704018684668987682171130097110960965940932022114293912702709459616603097740596738379546317289796141732804253139001041659398839351652212610353206046008209904170680917943259472332299183163367664660959040596272648015332881191220399228420755938054543576295256609971950075264894941195024303977785214173447 +/- 4.84e-675] + [-0.32861118782878316013586582560912663566598511146232042684679460312286584223692362312019253267920334824972465987031970762181538252194552661969353075765620165003809159870419263632680557360915923074838680346813790038976803203592025918230199529104415061665362469877758359015144564278859449331611751222759102003057767401154852261717799674786336301016787341850521997112670980165672372879384131019234131848742706896203517012972836690554383999135780193212015402215975903909489557777010477927617124694129516597073021520126199523073633418444770110830648846676390338831958406403591377432341905185803419436088862423742949445054261785058342562118086464740953144157017322311096830926405863 +/- 4.13e-675]*im
3; 10; 3; 11; 10; 1; 1; 9; 1; 1; [0.00616086754728967425659593112674008909225401936731865596211163037361038926904392299625706577140406794923086419307614332880709540575343014940199338779725786562896316929697660600028627499325410653106192946408462560087729849976950009522900644477868276396666358952834472897974731061977593693827837217733017052877120025492667612592985419236723905748520913727597269679814199434384405420748783306975463512259920177720710487061307980435795417681228656065238064173008933260088775947644439418587180185600674803923737235658859887782694157042532701237833134724131402826063642994534689841927327524484078625730906931719440741671854988660196001588303030943163282254025615284080180939523648 +/- 4.27e-675] + [0.17937978996227926221442377023258653306597735702082702369447434118143437884806315887365045193371171235955633351849185217183391410974467216808500231916518622787787718737654394847118259997067757076479000846820369815273550888771261877730421938763515995803806805022405983453035230889008222965432733389574069982020634131453335571223807792592332831038528271720958710470242300552062403359789839893624562572940138773959758873212074589543951430903957409961949089200804619696566752293155143958162234192579622591599339716048162971750923260902148383872079879029834562858411159211680793325242106241083308596652320546940019067243092246570365459349465736813658864739982221922934904983402793 +/- 2.95e-675]*im
3; 10; 3; 11; 4; 1; 1; 3; 1; 1; [-0.00901440458725758162950212236812785030266270419255034216100367833706074992873842164214064949870993864380096237431508603142503900855822465594462351155118156342352985603894331917240025316486396659502793658696541427615131480331760941958455034734702104071500322588782796329343748744531986044199460530656651717897890516895950382844711688465275827139447919699466905803185565007637653466365396719567984475855488571756305296751761084110810600211050732232127195668782815569802680776717007867795067386439407561661732754823407123917445001351159325748313264251698082127909865138113030970428927920816121658909221714005053451528183991484143699213485263149831369351298367049551664054150897 +/- 2.53e-675] + [-0.04670990013612964879481147313881827032029819117352600974255558723836851614509450635008196568622704919126154702387791393094443323300126569888151560231274909719035209373617302635881846530394351089850832311476367791166666026628603738745818665759002752998077496906628436454911040254177198735095033525537035389537354287702237790117783837349955941097791818006378348677806436248725873735272967190685452753089608765936219599573301177362095679722545122332039001023014159736826179213686279533868830751957744058054751639485155755940860127905335117253768054229004257833783335880886525690879480075445460138835500402309275116839040502030359988259454659001217082271337847083890010998490402 +/- 5.25e-675]*im
3; 10; 3; 11; 8; 1; 1; 11; 1; 1; [-0.069900339660599840838380466162644726443177821244120020381333306101244593266989538311394698290224007267972620174902517078094709663370064047529283906219638316704427462037943852887062949114150427593828730098103695784299534209429590315496798865778595936648205440154961016959468365527920604832668119349418044581207269509028239749572353766631911493714688609049687434547361460865255207379300761723658919548417180774240008932711219907152701797078785595558027501154548300307142589923788534948193863855409715780788035437025157962391885455013010099665612138053442398132962102884384301242499009522915683036999716533347068747290119430676329993805664862978460023709360701016440657346538120 +/- 7.59e-676] + [0.048696054119505232444209601367670738624061996258431483673370667599952020424199585447999351568842857919937438621949244713925951026515492444963330917043048793405059873832758938412756083919349023555821397320449910138350078883075760198146313787031965127679625185150940397184655737337761665436505265877621058469704601250544696061643969415184673458286049204852248680082615584956727458620669172833550152402465415450359873420318320490741790802513297406480615607772146907331334250553428812463349861524539600788268249337716618622401996880386732053749512561328622806402766784697273575439052299040876103157591092630328163313937147356528454266217366051102532018596679464617676523661099510 +/- 5.14e-676]*im
3; 10; 3; 11; 11; 1; 1; 5; 1; 1; [0.64947854324109579417617332409615015785951667180739077861997865111604141801015094512678338991151090118837373379341741159329833488577619782976791192427635178933591555442844570375650644231229797487826220137327394628756520061545764354469885197982812125999438512833547726079123552761051180573978367193063617995195980087066805050752203231367018391136171107948694918371040931807826956224956503018124104766987720576533725582377745394647191144468614339573288037282370825739962374367790806200285410698893018861626855892594240185529274928829433979540064613886479823900699728923837590163899908019348311374014171740431329713939900387421816294891371392574997538505722211786273379444193511 +/- 9.47e-676] + [-3.146452833367766357605547230069899610642340257161804424655234390087306174675500494299313685220205355968430096711351264474067971892795384856508780211801925682702473323641916235813000116083465026574508429668552727962147302045197254365920656907873663943093936736398274021177658756475577401117853649234316653272294758021343967219166918683398613787406053976700255247761619078247400699699316093237198693291744288204694855322477443234977033290086664108855199292283543401171987463521967431451130469990837689945030721605644251292692580521584153061878035401175183158457110201037846250490789963105856483955332731250657668899461011654582120773193279134023407966816312204783493049526468340 +/- 5.65e-676]*im
3; 10; 3; 11; 12; 1; 1; 6; 1; 1; [0.100784848710725657103784831663643758958181997170328695022100571385506078692878979562959647806532197348411231776526288561232739366119881745451273745360884855864259668755697871699650532886382612068161971603479623666952599852493751384347303237575557526705208429423029215265657359901108381064105656555817049625551225753638971465592840484565067188255415513712806085512880463865785449925379320986771698060843104461102137690290464192042159312418754930910795916275378639009979427393124714739290757812330542920551277320589752932536131064342793099965768030729620205151256065389829136925287952588616443976722498983524141736632965915957410143357590209477776781442645543068969574460974135 +/- 6.42e-676] + [-0.036807625172304680433523899560201152763858202840154710202090148608819766515241424999575775001259876227632686568214412145166219240219179449454510888064741955934354961454801862129328118391736020579053437346980699272722655160989589595381892596143830668530868336394518973378726520956966659466616882234478901499485457369921951962408936420335188812500806463092026662175563959661654524770484730941422293625522365409321704462464921396399752679981384674885023802076850947680314720711078157633943075624891480914230989843116288869249775040740205869412382098320766763418289448509335131225013315304558436663409983305298754526252887606653759414328384200242966393465516536120248749866246599 +/- 4.23e-676]*im
3; 10; 3; 11; 3; 1; 1; 2; 1; 1; [1.513542192149350045382113275803727870783926034871661413275860246350417535541914948898714316742379434170451052428122844592130611848491796106608237484646729666892465471601734725016440366500974347253994072698442873104815935038153231723841864018874802149894228575526035145799048705693492162633320367489183462993440410983280012624451443622242279439750610682699587847571904780383483381262683511466437091872395522459099085949385074362793916097575900963553859587447169716986374205998319207816186603503521215229168767900613842642354903241149239404081975439487583353035699016188310819873403893678361104197999781963342248945293711588032600033662762957985817729796117808998947134883115758 +/- 5.46e-676] + [0.028947927595377820566974668779606673634611877011141096028137985027887095413050973211767548917863547893418669877130542853794772134190628788716490535852503177704887966805791463502594419085129086888914664702202688386584075524004902083404850095719985095139274607780424862148183698876664441509325041629606886775001108328801420604843488692075022505172575065612877540644393592157048219004069411409846232190613037752752122525197286287042677549037278854698562493279171271169397001348679989917629886856707837913685951668392463489709102336876048033070500589831114365773363398884871922738033364443742583497369087215536171664475230841005876974594817387911426341146579783723249402436136507 +/- 6.05e-676]*im
3; 10; 3; 11; 9; 1; 1; 6; 1; 1; [0.282022106348081342515561593213530294772788988972557686233835058865418301867847615344107712558023979878408707391816572864050307737241786232135068989250035050287917721703387217226900018018916483365163923911183591255393077308776658927536863279347660947614695543497830189534236442246540280779071908472552068502976920154022903688508742399379377295927184450414713005248995831160157330769856556544558831052953839974035861793380475783135389039458997786972212719269756509821421275223082463173297545426622773007086402097469204394659097263064262295889646119316491817010930881777235356387031329754124493126647700815162240692927740031731262030235845556756001630279692647473859286482448412 +/- 9.11e-676] + [-1.191401667269008913659931638086060896693993481642103959085215349432048868728754917935423642071792432038083245107139231367691658851990602560741367684479104719537693106731928667616371547745640979447847125191079830182302454527007405135529176431887332503674080574270020593275394970645463330338418403290604187779923856923173609571686846360515832227125933644577487648835002371636988564928271963433964776388090486051607095353056013399112261663945718786758541284872155130206087463536946611762924523168682227977479948959289940516452063737414432822463891777436837441314574886296032892128360849897469234077464205185370676524212372144788538341882036533592952740792979975598713973016457320 +/- 4.30e-676]*im
3; 10; 3; 11; 5; 1; 1; 9; 1; 1; [6.01630626343746604317944055391473402172627205437731726402700733005963297903682772013318985945792920836496209582494035707672527441177046786692751403597445886841116275769636189885501280132412331794772572067058773487574667457075073180633075495998092435680513283900299223481831787356678708063446012004022225865951692886232345230231400659693175369701004738520387653247620801389671964572819156570361613297346525673561932031055645027426228384433525050465879584971050832892577940630586397642086538125902540641331522093219577657432820201749266433375944735880634155774015182683998198955930352526274235240567713869119687322829551099128414356606266671531414260432578650139262898390722937 +/- 6.82e-675] + [1.02794263528146059868673130036609319485890016363992656489101460378993926715008517145605949452014244873032047476572560264800556747374923083842039946604403382388704322845644990808787229635150569846786950347001017947379950709870485610464849463875180291120472084142491384105590575300656385769821594843264315352668817841445325891362976947524873409921773107555622197341941895673177290038059192753312485069882538041559069211899208692284131977673720854346871888215320934312143544119812053925403332517791252891565206656231359442294579393468161439300195419784104958967714368928922564742018352175181511159419642721355002230292366245505328561804965219343762325301700211548370666113345039 +/- 5.39e-675]*im
3; 10; 3; 11; 8; 1; 1; 5; 1; 1; [-0.068396695331316473128364187807133849908974158935910408776778149095629373975092827879773688149969434029284384993237776011742420571199372172568001017321547279432760518640717714863984882394787553986608550420598919532911276351522244493016390690082824701287850837278796903184590594779471804503261946102504633170049484885986697274318542945632069163785569738421231677976313812592288997106950684375002435041938896910174412568857149324277884772585346489318509422524146473909924873982325212326451647048160010687543428745300363126734789245919521993057922215125922244011758271274746539307232378028442997193062713657150765388853598118021595304311221164488439511641364133634482246835656115 +/- 7.16e-676] + [-0.087356613517626068336805409895516321021610844906194862862395844380909851449764544630253456160433862578994134264174364641741626475006688183701260139890028254526845850041031622869809578890618314708827020923368639262499645900226905167408039969173341159849301168278367527027904567313269026900018978862995588662005866715879525644859376532345042378364673434424027912885978547419226291887204835246674342053561672906031722781514120746566413889292308952857667864989913796210229787969179491188475532900402717492379469557842986327347292608218972455204687324790624295368576310278914742700976319664905945190976759238061009579802851666750222382962290575574428873251081016178940095381888981 +/- 1.85e-676]*im
3; 10; 3; 11; 7; 1; 1; 9; 1; 1; [0.015040234408526303391781082700473583881699814485544562212637374443045377811970926058803480507992528816338121710193036897750131671564469894022052007287586685278376445550237885530818264104145924690611356974367565668797163107524396732814048938433357691990086037933635204939801133454057413448101443262030042233301608108673173272862929880860512017657727295917750124364867479742247869389398423392547483969993157392444117060407332083498751919963263410026510200295642799801164731682076401880317342581397952220522654286842748318112760246275951534388537122786867371811895129901840195697522601608441059697232812029171125314137475642172071396834848865548361229316059471962752491956318714 +/- 6.65e-676] + [-0.078439295622416493297006799512688510227201891076749119241668239515540998430737335644638178485149361894843833567771123520946063445434266839999609427723077892167465198507368180586298082498326440827407152218200553599881387091768900623394680670933848940151627781638986724135117217763102009069463336112148111951089521271967815954207441597188706923973385886846549653892998611039687593751067147731898727724811585460394901600114663458235638738219429816316203582578249550964555690884476401885717598869022283770664216992403222360551285787510143970504951011798280458773595286597786503170492631802031381686919622675205222340494377294325001027789766459602705288268474737161755955111729868 +/- 3.91e-676]*im
3; 10; 3; 11; 3; 1; 1; 10; 1; 1; [5.57314663661874347763935076250481941978857097521618684739525432801406986260758460549759285534737554957595028437891362242927019824693453292431832615482681906397977023498470457236626300242751394542281340972342679374309181883571868526309158081133709014003127934672817477381266326020382878365011047242494887457708748455852915245310031344716874862518387024456254039171942298019398178748471423239905155308971794363041847188109062457249357325748374814783468282083992069100009595322035587615279744848147830415011349994198948784007232214159771366407621266797867607661025287823464215973179670372460039352966198892828633812614812410477255061424121375315142917030554077193746499679167736 +/- 1.13e-675] + [-0.726767576823176647456049328524542432614338865103065363079350970258028724167887952756930505641374852329634119940716682554935302686362373468560896838026784979922078242291814832374927481959612811648845189996479789461099403108347643721668866013272745012941598114341303406775799027198889912230858043693141118154345872542082296646220001607712645243973836401617292588716078061476415892651008592568609552601591870299189835396030280628724396118386158237560646116724298677186369605113669131396665943193438133601712866068730701047707428655905198769459676086667709902532057507113200639111846621887998649133036298487331228335224727742607849328138579356410502147838982772371157530628069444 +/- 8.10e-676]*im
3; 10; 3; 11; 11; 1; 1; 2; 1; 1; [-0.730111552416509710275542292669500928516541469005813215268353024372342461195928186085461525860591679489065594600627346165849941261929547599439175416050398610228666031522584925001452595203671881917025318073454625567538666391214951928182125725326985077809381923668438511957655794028680433023444494931724675545875286689368939361734776460205199221248635746480074442329881420974096608789016120646222626957012662119684904625358081854830762099534554080306709731396558860003411328822837055252717196837785969252349358637775426680858173100782290152323305640078963013787638750747489792655693256714293999363475725348300500022422217490047557027239267284083941417783906088982037521144579154 +/- 1.32e-676] + [-0.1094474292752981738097706810668093946988686006035264682176461714426191340003101306757756052433608700557499446199008240468314920151789524833929981777380791654155540676361103739504315791010045530259097100398103951254682708722175329503905355222566513345481154050735421804784072961642561394782678839541290675098885211338319920896691896905384468417318913538087500172817319366412479189649114343285106103466173695133629387110753263021616312965486330184003552376682926143189829166385071268608875060372364122528425582585729006874668089232692783817748592892055799998710960472713719692024881954255811509984083600624889956206727701262292561463417483177729068296562740266891906085279873773 +/- 5.82e-677]*im
3; 10; 3; 11; 3; 1; 1; 8; 1; 1; [-9.26966882320686134445304849563939349704210276949474440132746909167394823230203445842451876548550484967308843920504452087839422530682130923429683452440849217647655436131989473695445186294722333529479746973575043737590865785311411227953596991974969756154447655865844323455745535768367368471992698730594263670697316629938075220367430386525592489494260497732280793300413419832555342987267485329177862355264451309665364337383779266097488859945339870861177902732243684185736399317886669916749086177792266940221094348283580900625428066417493247144458153262840308522796463069286855464155808327937445840500850793527785394646722704616071333681300405780014592461109711187280781333417776 +/- 2.57e-675] + [8.43260058506789107707916626422852419235580264327298418139871299907118417460804309079237445687641938827157807449603160733040962462337769883811499931240908393237303944605959406210636971770174340803823343279937117861656242662451946019197028201627237697027985928658544111270883889539363850454919924793131328727909057561384446059194826818034018850646349483169828539790645587898630438850869325837872967351193517307563953235510907254149698958972460513900045083368364587133732294456662531810116487573618714116752867817561055105429707842928746646696007171018248155113344942266269526880055059134436013234242159763233308999469130856633646006146714328981454264920521159428237506182375641 +/- 1.31e-675]*im
3; 10; 3; 11; 2; 1; 1; 7; 1; 1; [1.986048282311910921872699426689594875273561515271991190735499150753279595726075072298445899336083453799003981551721164744124571908950252189720826271139604691708856050370538680536578464665222114400189196712980624240675114109668955281328479221570939439968725132503919594345028639214671482105656389403313836530341024380991558062267987727736359445545241272293346171508315333141430419326365145938482774360424313082540711607317545041356429909036546038241074155717470085174547362924363328113047979959720971448676249292927875547686447487683165873124690492516905087938955941679317128720095637290075385162978632252373540156735255548938572582142952742179745319945754913955076565758623245 +/- 5.41e-676] + [0.225838782586292270647526411787774315946289423897720305958867837923752177909049513749527892425388276219645042019003466079573875885660374210737357344213689585980196511432241100888548729540753607200440078365910320667506627757420446147432477308310076383835516088630515955785783975358501855624904240886864724752526305115071527978876819570709334742014843165881256976417019836021090838194265042364248276444831775235954180372708727996143589979683422839443618517971085108799992524216476815254051492959561510096423380526475594730853968957527312383873720332729548242545883620124727536801384759712526190077113253912971518320150970049069101724745802359644379833622567515217567600983829786 +/- 4.23e-676]*im
3; 10; 3; 11; 12; 1; 1; 4; 1; 1; [-0.392569102939784888773415934679862258911935156845338919873685382324249784315287851049341234497839126498950310490298575579801796175965802662719649774877878929967946210278952379959783533330489186400851854778132483609320548840379300276902935718869497339000590212503647878315878875360456665875948822540389047314112536435459217559185979836942119272371851013462467691125073323446246766179422686163082640118441695954314460110075608748499283133438545268796160039000762386983247616367098394282090449937371415284001278504902580152554899193089733225442526091697847005473836615643538828018561804990115199876030336142148517716456488532513870822590579847880133622677574196704476895969353843 +/- 6.95e-676] + [-0.487548056585660214571020143978348041988758942653563989874290743052376935203223717506579192247140033409605249704358591646124791124506271020690789131469186991711958695085971607984452187459238462881799075026021264888199102363393469326195267150837613571993418694864902179947926164815701362262636745261891528651133063302835544841410891756233845591514210718170047552563050427742691876571479081004979177660602781330521294185929192126044805079608288143803786013350470931218013640452876190610731071500188355538164159645074820786621218966749901579402504803771022735893325728802074964520763838206358400479233877195795424770871105208833936314712850994430160566184468496662403497581732334 +/- 3.82e-676]*im
3; 10; 3; 11; 11; 1; 1; 10; 1; 1; [-3.68033183770669258337594180166635283651799965495891888790477347333233114948334094635655633358800780737722009269548613768356633848840730829972574311813007447586316342311590385640889426420849794839402802890807173678096934598800990997760100479172009519491121159079287426226103204845445863731434833420053865008945279489756828450487756356651843439562676305788062804198720513885295944136314921080056176935983274299063274640701221571395447751292983888798717452235626192631707419065828929940199126927553267751713097003657202465885464313733011778267229465780494024856602248947116142223579533795792927249918541516366934355376359748873923177655101626837922582094422751309455223796945115 +/- 4.69e-675] + [+/- 1.08e-675]*im
3; 10; 3; 11; 8; 1; 1; 2; 1; 1; [0.087459671100932845434997572710333321123381981354336097810898552262777038833083215199724992829128023423502574844007446776372428100329145374570202904062174408979601571086344373686919767270581817963391500291964409881807641253230030159561913392526759221569582386552983532910204490523621401922243774022616213487001234703321408319983613076893252943295242237457180326876532408435162958139821179039447686123026124720436512675645983044833991973454521482349936923903543957721778563103583340346728349524483968413954678779193324664303490205679551934731881610128582049366858993432082658182136619214017423778972609382175261138005963359758245524569106530822009387511092367598208789969668887 +/- 5.22e-676] + [-0.076557146595355258495770596951331431243811937501686171317145980180397897468288264341466647936642954748166276192876645151167272733280841633456043460487343826938240571550573162270872403275463703599414560065088149389858972981876222171648396779636238118824239183950431411942277422408048004185494980995019817009216080432326992030622382434039492691447904137540916330721864628289377224868746090621550622916153252680841849255948078179208389463508161373272160100320964519792054625734915932630255908096292216083419752728547484717185097677319752313691543050403709379424484991676235040101512243012650995330454629431927823842941117257633809667811875976673200222733860249075843191636376855 +/- 1.48e-676]*im
3; 10; 3; 11; 9; 1; 1; 4; 1; 1; [5.382118262427386543537145236927260362813272459353784827140711015870565443292813279307582654516270010239912215301349295687642669035792848709874881330654481982137352585269496837303572672807601459945972444910492323599452924276830186171747730197558949972340397667692047030511373866693035700180633828507140390526463173205359356550551690244003014016389585255998382343720875935337139792511321806443026895469016156471053231123460974650352695310949199824936025270975693806337056853668633244296830429720493960380627099924117994960283870003458454777116176744712492068180235163904316493667407905679906104181677147974894415021984976253510148961054030154915201231643974288171247225268578435 +/- 9.07e-676] + [-0.514483542307611327027857436488503306811530900754310535416684796745680327670580818137570622298374619408949024941098117952822531581017644656469641419395615198953289975765028426070643101145467561056172502702112376509393291148864964786557031391336674918457757915377606098127418623094656693620125948436856031155992579557684786143350917825837503853080497399230287689113701416888532583970982449290728696780096400492605073795752486343591848570888407240029499175612738240098364213938824711053274391299074843454393345681669265751476697977720955665318595527010605627594857650965633662418422237289735076671031081575220196015294413259623368878453232520650284369542221768006678147692958236 +/- 5.49e-676]*im
3; 10; 3; 11; 6; 1; 1; 7; 1; 1; [0.24870273277530044924856307506174721683604521927744356870800722028548698638705929000386269000283602408050933959093260504189132074754590949275250963667552945838984971128771728415003843437423870095965012161902157587251471415250951423850088962393215338409280252205528593714671778648962462309691351105475256132633237504323802520137757494456699501682564463590643314989207251511423420153137886402314004010642598553237772830696853696807348220050199100132036350143004876121691796320904296084759818609086428944581633527999675239620369585015493725578353519752240943911643283881642819004607280804417245909307476169672839637605518213501656402066628611997160273375383471773055341894800183 +/- 3.66e-675] + [0.058546255154227327226617275506972902509693759150414359128384446790533753991314000181164438311969520906177106532096413922358080597206718760952628674793314068447699511817643298686462942473323618475035563419257432743848999073367663516135636042309068266047106593985070568349784696971634015029109733664231048840100723689926848878642922272274005003753792876122025961630228399424485873068379946567640884431896202048753444370043057510999576151550176879179228827370622227263852349004117840576855926317453066288753393431255820458131007911974549735400983940529670387738127008959450215480817257082261362350264545815251055586076334604219310334072574609406130571793237838599753043241908428 +/- 7.75e-676]*im
3; 10; 3; 11; 11; 1; 1; 8; 1; 1; [5.11205786971691941905629206163843820211757026123968837500319848326299022126860191043242298423033223993777587269572478456268219909535713246537800773017263195348283920908824602938766271363804604800059563976074157091902719605459815990972120344818829148268669865863165961502124502881780588006868674236349325898916116764560001900003256636600864874164135558983570772406890651827293034505699126663679724835375644558843216478123713926581286358075023847044768188301933129215169682436841653057721255585394888296424945419972090093405884644765006996754917222101149310401735604646188113499832160882826119833660270561311666200961083837342443770104618690708615313806048115005123992652260546 +/- 3.29e-675] + [-3.561313834732251932757253476480668992784479633482457476666210741898634895656695440774364906181516654669535050716832982414753119826927333632414393218272258675700679749834609116254798389836777089553828191854469836330123992087288865819635320364342175985806296442635171120117720987916083247441594196156443913033516677496262847954284557227060478404073831591733962119980698067243518741772636520198451671663598091819464038503988613538450756698841478230785995539601426488703051524667981123713528385863637608001925020086499210860774594571498448851014901211405758091741250469464036977074685587851793032573543007671459155476109570946693722149882241784033930582852042970135296510150673072 +/- 9.30e-676]*im
3; 10; 3; 11; 10; 1; 1; 7; 1; 1; [-0.857841312489804595385147610294398048391059755892921343237498138116114468393571772644195203157508310780436492176058836265720403434891206757306029386666800256716062890619803261981298142720116886222290041262698476245790368620390306245049622180376613531140133039305020193342373109511506800554945496198732092782614320254304129884912013997550173582927161939298591989986289557878653838550763046781438089624806217912410631216666721920339144144918827848393163017044766292608890127204312108015710104519834698038011137979617309344955718180855668753722716516167000028321326749846596491342405651077531479596032589190610248318768161335366848513798654405400263158497477864352713827591139192 +/- 3.72e-676] + [0.030527006785282799644307579931968254738385648101974287003674611099173490981793806822537170299210970298124701484625305142848391000578056479401308526394196961081825800119499921772987951160998980953682860141003599196967788415037018280878744697382580543579412787227954308300607558971572131656430659393398723554461408124584930577605796517298479128374708425808588799104559125418776860169303369511821349881366244686643960872530250065404940959282143715787461379159695826667553985282388293906851650095174381132908135194522058747787005025842236252338181471958154599451362950287245286154811029630084926548023417990518692332645906971844072542199149839249275403441899636792374140923328343 +/- 5.72e-676]*im
3; 10; 3; 11; 12; 1; 1; 3; 1; 1; [0.01953373395142161801296439441296829666429100556734468958333306866547821809168009366858179328487972351179971132837138870713577094953947674915509985985030685142050412087384413084378186185338591032589705933062066394575027805344914750650004296234254974072278451707639880469637544604752358046922459846623318755370902582019013493748361515775439252625323453460349914300894837609141989519704679039335116591307136288435236984648568436001403464485892528407632940642107073078053060447488448904605219205641238253831203098377019368162204327883505712782230733063268841817280834881310265276222184633621967033622593526626785894258081219031923098378050216490590142573007878440323662805532082 +/- 6.34e-675] + [-0.010350277930318269773263469055548513999439157416042566206706943522883666686593945443224346910544517748304440184061427262512394756274017210650262510947493814886475401178591651041053301826015325639416658523775976683324737119437197362269937175618463489612522357500492831623273081010156430823358617473487658683210639786985089032867823679065045693762460422889068703699993707607389846050269564231799140159857264738516344718120980822381252193817618671172535216562360501302798781499095264131410042969281533812966012710781918467098067431157027015834412244990964349016725323954887958489580516725065970174372281078986578404686891679605891690879818867508918000380366552663645859985713876 +/- 8.28e-676]*im
3; 10; 3; 11; 2; 1; 1; 12; 1; 1; [-2.823366992473247366889488426464464349626480196924119245811275100994191832219812563124082269180234296191286711080297681335999005024902391760088787335792771150972813717684414139234869827801522500863998106277590998717111033612492059953307915383389503333406909156955037462739969405722913814026654325763998023354672649288785139864071007204620241532155793882312511839218228444111285292068057154344083776930159663058275650351808386854152270310714495479393348588944187326992452589148277178031499889927703892809749072021671600250130994918965067054659327069480106454220723541935465333989588398263149599319850356089161062847735246336947833362139373602569040688279362016225230058633879177 +/- 6.34e-676] + [1.427541983005394059016420399717783182256626289499660907769230892698277689808856169953211831340925291111988689558269633325368112737370272998049617339309245980594396647980776681942599254784953117397875478939993089819268760766762122944587137119588609534864827486960486697471637267572641960868702370193265806821324221588806258159888258564091441946553797696325971078208174686812954747989350409754533522012371019142674051436764416580137895137760387022841629344990288470257319605558690705408257519557952328904451132317224927555513805504445434806847792517313887927602237738145996992423970021288257779853161505165566756385862254317181757111294960980149994619429293929789753678590250714 +/- 3.00e-676]*im
3; 10; 3; 11; 8; 1; 1; 10; 1; 1; [0.136775892954776986855618578586867311261868906970849553253925670010343133129521461842351762761290313082202878399930784593364267162123778494442338435901506756185153719320445679271840038858573807780702206015173579809233002229676360974757888952038477261261469263640493553788385043879555692192217611843869816050813953474146850811903955518780903456618554156699901136574243123421493140443761111604858862023008489455489381763338663930542472114698592003317329563581412605850765242066681837000417281456475191734073809579333630471497722426862947714528704822301254017981426069867810976553103520092135234326837518482278290100017691755918706458086593379628263021992514436282199141706255494 +/- 5.12e-676] + [-0.161408916497321406833710093659676055729391340641126998176649255628156182968356008935531421489307936939831315463446211424281423229402696934339410755094631932222935998139624988604152168759709101184679406254773340197861933763253121407627016816280144464068993661922639580895745169600796515997902826194517565152629051332665458837915496218101603522713289181832932552898166468301342567914250440586149671051559534578552575010766355427581661438331315677437752224058441760811579113090269835924269447748572474184741406740134886334619424132192038622269941378842250727851665241487552162609750871222904656368691230124189248821431334875435814672453013542187802523995497920218943829378233659 +/- 2.24e-676]*im
3; 10; 3; 11; 9; 1; 1; 3; 1; 1; [0.030266905586889971829165485158757511948039071973687120132794065390438119408011752067100760755409786085939096063831503379125596949939864319016270458786191726442882568381089554892130302237934004679155200425118477768694225596549380516676217654576192978119068296482058394649269425401475225250025681796544570780126835525511713276973420530208024459020683885472674782961850194198787161416690771679429787335301327121483952861336177643293684616716813863737041327197749052616238121932217772730697460328821811133442765869667875440353924027628148449448815929177403195966090256188300681448412329420871396715728338338299589795192058119292450655685143649560002539121636994421144104483310032 +/- 7.17e-676] + [-0.316494980017347933332908581371292295022528855182013865926544696283735997275380555466417059434613460740235856910832006598582997637333960523625529073280003500757190800240493328311697747763065160677566332169985540740863327757955701510232697218282099099763656006565369050229923175040584491696657525958814405591786124050350947789231493218187613988246879990548882891543901586630999264260519273700710777742512666520128136096159242494573523582021490406251331658764010658078337523220636804986095805863185349848251282794066324029539516931983985196604389275687381610276670305651632446644482618432250511566835278907808823377664212581784401087692778743444825282873783999957022767020236710 +/- 5.16e-676]*im
3; 10; 3; 11; 4; 1; 1; 11; 1; 1; [-0.005709712268631274402485016281896113364535900393504843680087363482276693084472720023818726295448917592137570470263141650365444113413872458882703102902364179776752758862942312869003739869218116346991945593057463818500058927680712100423051524525441056146024066183305268290515341774878635362520129092909941913005359195383567017441721737921414023348488871357293387649351853788210527365142607583024506811367653934944113522092445074698043340859305049881692875151180259447640783402219975503472248356200051815053363137027347653161248887423777163396945015708106517388646709487890557741717588254519507525217328949167479598783190747232673171929371663492941986399932114579027285237774802 +/- 7.46e-676] + [-0.093532117896332234192094498308785455007147685061053806726887229788976249016893651816308463104243912636611061255999091922447199096628987526872876947589566142475721311668053805118266875619721957662183966097150682802285389158411500504638388936870135245869649521276275415900166873178630731161095538042593002585477981290591983003714455639587308058136977085831217510762917956290447507566798701578466268377807669639183746691770171323136974234953450155138753195669365661127214691123498347995926556059148469788810334099023741417754083435401632610203564645808702130357470641880644363600664377900639990041828438608907919559874573451636962656686967706959092370214782716534672293942694934 +/- 4.85e-676]*im
3; 10; 3; 11; 8; 1; 1; 8; 1; 1; [0.039428291767175894078521383375251475754817224846218926017353522525963588589585323696662465545327393826051307376837605168486657752994995858519914696771815151169829895483176479504440211912074032256224125886815971298599574802735572685626895110383778047362379542868191555811494693515545307910579594116878070272532651913365436396472680747338974977164377864281639364519214846004864031018309993838270665442782763541820454370194068993668363043229276462570110402861876190603714596672466157447719012792828505286732784430534627087808079896932209074146853844573544828003342237339187208966254714733903041043321409881522908940360815005804482197015136772493475806302429040058481532106299509 +/- 5.56e-676] + [-0.415981385147112610863891921850434117006305321639531204535287657089382951248769971775740960419603837233372606280649580939732528534555859260394844339878084789835070980935825784319942059621391796181869565816903260169568315613459698791321480633167593015125252977264307438328044425696932470853145528984723182714090065812583654881475354941673810572570141378389965832740637970697897272950165439980852306120777507738307500593721208875774523654617034800936304241287657074494008081248784884083862220186144869454029347150894837075448056279007828466588611323797714927212626297571211127686046946167153691828505175996487262432593685493584571746882950335557440853487164971262926841154407394 +/- 2.60e-676]*im
3; 10; 3; 11; 6; 1; 1; 12; 1; 1; [-1.73039341780832052506278147336956108218260332833994411381957730426183024853005604780377869140366033998358692257766986088259998788950336228401905151904061397165993629288305853988189033346646730994460154619311039839761846631580288722053659416177510914047726562105901770412255577603304913651062077350383371053890442996199398374446097346753737645397575298950482587234994233632283183750225464795073059659494677034020607995376735842710462366792618240636953951118184053617484902089367768959478286339028204899056494974692542438474363074919047697747169110087488892141463846485385197712564488118250488804305898678908929355565163610396193060430956803959524275746112666354641038230246533 +/- 1.54e-675] + [0.631956818292407839955874333698625779477141963524924418470992215396608612095855833602154048751320438653334629190909093727305015853187098223184244292050899347910768764179370802730868141819705253878379909480164079675005997351806749927869808843890163394657410413398766103415660901191726415254813611198483676653184793652812451087531147318567416504842474139043467406458183787357618965023495003865726117388958741852256282075391912455426971192469082400087111423874550128150564980318252652178814818941981086680855317217580956521353668353480945388748163271548763547842484763171778952393838125795411113998892344127865572984645702689270172609793243274247412243258878570882647276665693077 +/- 6.82e-676]*im
3; 10; 3; 11; 10; 1; 1; 12; 1; 1; [-1.010616005676838023639556974771211251869229740807009843461342186722499413540836557844545545861581093424269961423454376054349086649486936745235052011221871404808328472165232245464919913075453550174546351571360979281851546422189886730428928123298772565528073373841898490919677866657474965169330918531240175855062304391754046629585326735415637658435962369699464226113176336490265254047202254992652113328516391791199480077608734734582499720256126008831436337103283473122705128224914696933062484392615286060935863902485907338102283982787746834373692794648210755773533585721213489369009340869985562078983106287070425014599590407408828129029425617152160556073076759919904904732689357 +/- 4.82e-676] + [0.716811357908010590504120259902434904912005989671811762927212500707030119110742589529126337097538542402269907006690834637087041409936832948345371178395121112957329236317068582207646091978164816851580882249604722955416989455956790610561694466056099926953693455266104933894849229922923845073059489101919618838814971791469162178786251541854853475082758732973502003633078536152329528356792386424264849892495925411347320261647538134827479613276958423278075741616993299018830270479925439635062759178462689542411537154090871065370991566342716323062103425586121965908607611017947242178399289186148837612608949675007961299220082919042815343569030181785547188040925746056108381693554597 +/- 2.88e-676]*im
3; 10; 3; 11; 5; 1; 1; 7; 1; 1; [0.18523778090630742673977323559539275966087606791294888462370292553477155056453790725615397620523435974527933656701777770464123925847748712908215373495339822031898162283502813162218433750530296913314946856795865177711923683305250545582812128189751630172016679841107190233105905554611094242784411736346200845998318053567637443366900097178906031434649240233397147220345348321863023835277883581601412588598176503062327521825145951927058430272015505817440702167259508643144367303425274741465815971531766581045651344017986700604869868767469875224166713122430572626424766756457413683932607780006193575232106261723686686135434638517828325886092465805945984149819002782938152519252856 +/- 6.40e-675] + [-1.09230320330264128468396043373257988535493934767738311496158958914179148988502981691223287265117657332559526393381784515577312807248011319039182724439583899891503139389610828849340965807750936450633144952534913950290513618978012858148127194305267028349504889824800304008665590581311280955105149437718892910325467158856575680748997333291794748481649913090956428760559932465626791172862829590581464449931024845100162571376616257465501960841000221594613433703543579956177880831040935544056321479411488464229439767268280634868483674323495387846088091552028179654029540607894190807940725875058086915019775099372116532803907930341829742134961668509704632387611878224760781479333986 +/- 4.49e-675]*im
3; 10; 3; 11; 4; 1; 1; 5; 1; 1; [0.249879345354091111440864989592534631126394281761650286383468214767577888231452005805137507169066902101460334601044421836654086824470128481523936526007020663782091738498425346030347224231677337289840862281914653429714256315161200563834698434525194530774792665387891554069949991810080818470668150110542205777569107815127599712190587982783389027796902389533772659849879427767088815177806409925314166195406555292829511811618140338084249204618689554891301668081554677162570563675820622292303045774026826387735609402855478300005743052396279321151674863676409468080968077299861292950772628788359028249537710839060795118647516601020592932565594805908499451736670610944941540369888901 +/- 5.48e-676] + [-0.029309120766721849643507407741195873427972277965072762223980385981501934211860050511399097561273029986645667348458394105076016370349809052240361663583193633728518854910070304096065009096238922917564221259696936900205283499535070213836674559415304697437331439059509068489574710806153423609856583134362707968494217639650465493326690648830353174393870255118657890583861894081805507736606376255009091431847405101606188172756554020237723668696401951828198788632409457329475030805220588484338786366391419809699701245510646622798107335339980800695317281543022091335544082770225832261416755983334953890377091761324667875051016361622550273271202625530092747738225879728953531572999061 +/- 4.30e-676]*im
3; 10; 3; 11; 7; 1; 1; 7; 1; 1; [-0.6010933073823459050330681977679184302177521370884653416364400938198176462426500097823795059462998194782852493482885786007759739523878640831285081337615094839138717315294384114115933740785862876664375598247236288042084804604589461623153619141883688845556727371379257444985452215485476317160107262988330926972260582507363993612587791865951985290272530808658829530633787563568783970788860680787311195490042028696972128715607049905809322484249307256442236750495600774400179731548358606142562345578616103646928677656216011325245201034241496862453689849077921940764757163045320908841516934125785929385446927023743074211798016104855740010238515221728800365322354577574732714695285132 +/- 8.76e-677] + [-0.1144838867644784707026241699017288677870619876886662469982481043657728474741786661166078999102470966075989794842807410309404696745262843163079264959189899328704990874867616111654750596430864550311140501083457162864485620314654204553474977909335898550849157173572243594737809802808740348079318943880810671916650000861559912013628030426245607043956061799905025331420548854978174230793691163138395412063271019029105841251013553577214515600640210130757622314007401892892218315846329300859735856410456690046037346933694702773658733637939007706036993173601997939296669304333733170878616790584924584119548287618935616760611611059617708204981561050646591976844356026037515942141185108 +/- 6.08e-677]*im
3; 10; 3; 11; 2; 1; 1; 6; 1; 1; [0.366344508252600189152051029757107624393431696022469875286376864729150040712794654861855328325113614793687997647132913384846065249418396317305359745577766222847470918658176113961250220182913929027030197252838416617024963096561268054665490425949529330950225104773181719674704832515944053618181563564540614604857577033564967901100767886834460476743386888687039258304306328309901289988518259113023548304531814739964529315626704569514952345362507335670126750272593344593318953629040409946527498560656847270006854116490617820677327510387419033955888290591375974149333780431846267596955045764691781055162152394490466252047535676326929221053346170123602648463175924417192010696662629 +/- 6.23e-676] + [0.057699801534441973180328009663001817939632465242257455200736406802825472061731071182181302203426296993224385916422353604289430781411947699237153317382138597370969631650016209070128205679154621795194383828243296856301432460691967690013457899548465167289413600411055486200562659285219696130323978298795984136531883965799906222312175385305106836713041724851502227498120750092061390189524658248228766117159578909379536310628056584835189436170404966521515121081997359061816922774554790225769937426045239016957230979257115226691742449612251429618913252434901334966055077130625243323561968587216890290761371384599362549067792393274213810547341874069964231758609855877275367910346603 +/- 5.72e-676]*im
3; 10; 3; 11; 3; 1; 1; 9; 1; 1; [-0.49970966600630158495256501495245313287675103063122163427617122497743547713466025818478912508873531580220311846733401921449410299653576417256579808492113157598271381984022126788004218624981844048541683418143949945609889598633126940634654963982227892307070496158795387899107029136641693763756213253628335741331968512071445894767042603884250348374680041524814922139000189193888920355343026268377305164090864021910361681137167329778693044754093721274640562707426679302825121755612896145588877302134881155061399916289809954597498973593573840561879228127000692140420702784370448443540401258598788936318313698164346096889495834747297814085014849886197393250219397763793578239143365 +/- 5.30e-675] + [5.225364063171515625510873899542671282328701837901316977635484012811035810230049261067901667732064726556287721640074938117849327697384306299159578108749576298392480640590612493892821929137201460247504854455077661191200082987628582743712128091474649042227478710278815020992069722597920255366221973861434356344739061493761710837910728035539471196604263383671971687235114154500490088468149598216240440366674815418781094132233472573413569061414653051845909834791437656628083160714305992124532093419676727505054914444193489107443430400358754510707282630349989019420408417805157127794201320110160827606229409274730167824811477122698256338560910291638543817045131437168507031886120295 +/- 6.96e-676]*im
3; 10; 3; 11; 5; 1; 1; 12; 1; 1; [6.10864660683597104676021529896571835755445850013071080422499737304636819955652430429274451714037098133466650914023303184311228126526485365365520959644925834216522228928420037314879127530915459582307157744368004237020355321568959896690642875578323640725116066388177343780938496953042139261001162156230346668060358485660819109618050957938786857956896810274501395987934609920265965067805054498120120263948086717578888535288124661545666462808844178261203735360812332449782208654186469135755375172827482569862604709376205937005104918319941742501311573686522095321400709459454547887986762356406486301722711375490688271443667786263568966451213791701833795324245471632716723847224662 +/- 3.25e-675] + [13.92618097561806062263010146580756760555407590343471137613665689992661950061349328909381543063676301955983619711332068974267766510138008488825947674697095659327592202084559525540468267042357198252047763447392451113692283033679026497697448747865833455702227448657933464610144172497583187624643411408580192490838474519154676129873965068265157955739241151425098794490877906613558562341304159037009897330124318014932110344218430137712388551098275882858113633649462947833199206660041091884618394094728755894594817214648719209948008003422195539810239346572875559928903755526168273094003716331910097780766716840830413257726221243705403034842494365467613702665341412390580610677607684 +/- 1.14e-675]*im
3; 10; 3; 11; 6; 1; 1; 6; 1; 1; [-0.32996100129737204681215770879040379957265971973736278706349021472390221676461364292107838656892075723377575747208096079432058970356260120980847223644318386069325222187933423264574907600422298968436352744407757089690864859779154056070297766050064229702810609156832560512183770564378847457644904887897890138808495088234709315309625500844534515978498869523877686001429982165924905045668924809614572404122152150946037402361228715126759150293379454212592292797794072823668344060555763768148782105750116281598954772846923320640702840830131919642240267855258045877920988377696598989253618920694328267185508110787604473284899203260364645089084647687314829534836163787756119951480628 +/- 3.21e-675] + [-0.092809236740864262579573010891099327592882137388956980497579501848741994592767356014891029954008545615046787276198281699673148164798944708274518558597622694843864570674490456043559094232953814089804067091392764416020715602068331577861881827971139785747267693463266762557688185725262014816835742047126920700673884403147473366278835094143798163825789717367694715681300192750532589359128815063738161201466468714505912768076882645913325810793738380999540375731565952467823699150409957802124069030306174410347717825316124171605289087219008381686832849308051335316530502604080926066028102330803807262873980333896392052339629774883193892430937415866989509555769488192040270784111282 +/- 6.76e-676]*im
3; 10; 3; 11; 7; 1; 1; 12; 1; 1; [0.119326781644584255465181783199472625498006262063713639289288513600798567089146130449931202064065281721691216618972375650895512591895587623134516186651266827906565783044836415754656182915441372660774549165120820090212128630103651232420055916729629201279622925695960963059096692624643679135362877031404816434470711953214519956932598863583919919868340211321678567329563479174049008376341877537643064607129333268494709707768232320363007113199302294023406888848901597384641916125093526745600145082295072949387443935107233103110925404287418743307125713083980415053691286112958755720133832921603460454731787209705266717580293072405884936974873413147472358560467177344309930225631444 +/- 1.92e-676] + [-0.049490094654955842900497350737396056273752308320970305730336970139905969547434284646142287797026872837124325500586600221223240045879233268578183983819253656218304136533355910549799264776453639452563308606547832444393740790197954856262459101352359729366950788068449417215274263867529114469552227032781650171872935936377291083450996389955538063343580789985040567867582598033898761057425592727170860308299413938580439394065571771447495424136276901135790768051075418135402687801813685195126352231233522827881629603520595716670376972278504390213606319870081913181327736537368903532405918399647580070699399694407136004446687613538408094974192076383755192162107408256253023599354324 +/- 3.35e-676]*im
3; 10; 3; 11; 4; 1; 1; 2; 1; 1; [0.0106691017502341719518580346220614863278322652069831019421435476149414346642902913995919583514081726870484119361144428554277757754026887359499517348900944410400344806948364979963055147658434177723651264401743553208283659077670897268363275986139341842938558362640064264611110543981939865412499871717546619721139391740134552122971974303079933614753617994391048971203839074197301046823464916599481512773521024047399419133164810859951411585440056265714577519176325654155187421904449187150796864099337563849449524262961981334727390896133225496766258542535038153805675906810564246119320918740189422342533175247481634331897985365927902348618562580693806451530671405493329124229262715 +/- 4.12e-677] + [0.0615921761218845374427467755316755683519635773727686167264673502578816856895004969169713104567522177471361780358042425647780684084777268890070355629982210942207357462203539968632129912779149322950096961450880161421852070613178654267980382348310907899181934100576141848936075623370457345482222975361987335571727328234282827864860160224130668893827213035916976976314248890237063951284851733497664650177663360136973983841171258131154974339930154557020865712001590016600136728875581502026917783130731116429248329023152364620774035067306694125723705865870075885723976324499331495366701500387223522520339813856828196965178043131003381065638600574790373452684527623498101195620990951 +/- 4.96e-677]*im
3; 10; 3; 11; 10; 1; 1; 6; 1; 1; [-0.446580418129426660307661969961055664807569272261774289838413340062051279056599673813097472267657968698422194474469419997111198751199290929815292493319179998070304182239851221049640510023987262607903379340377111592325724935968009405147820160436357574432398960829221609386272935906034546179241022172597465524906981887295966015243985591349637573741317363268368471423288721591033087900607513156825793439033322653844586574911767365054593221979452032890470202777272551019007201227799101252159101588221239794607908666201773837545225593843999425501377932890300575928244806958587138900256951228625390892834595876582600255350754193681712232245645474596401339021868422944991820181910115 +/- 7.32e-676] + [-0.003314155376297364657427634357469989190895848103439340725795291534686933052671270521834103956953814656209263756414420591160042792024415378620944553178721904385292085209447662684134554565081052332211198795275112244757125291583941563467098003353614662251914679419248635775903424150494715118648970858859834403612461380869624032590654919889201235982840940710763552459086526285369058540694295818392592789003624670275758232837201534626739270963244373727551980166734670401815597429283399626488317824000635915369115637575003036973513457120062016802116293049296861097690188694738185024264315672795751912382172825581440073027731558915709064279988451755487829819789985775505884443766152 +/- 4.84e-676]*im
3; 10; 3; 11; 11; 1; 1; 9; 1; 1; [0.84606474622119711439806346788614982688769671265508823542341802904358788692545898664773695566672226637437149949005363864041715145513867746461345126103235490438086323818731995013881525821244147744468026674862537742060627471962261036191403699626214486999315465365724026500580784530334713297595293660187578467048775587311362965379185906701140197230019156190162919294379143313025545477508267696620365906630619893712599220047375987403022903598344710458926765484066336220648230924708764829043570595570021147093694334107662667744078635363445581494667429575900087696990783615890744324242417519623437757181105653029399169766318341621324719979058590047865086257747194374906099848197662 +/- 1.14e-675] + [-3.696360928511071867254566098828294018535705307423896843463138620392895061386691999568503966525296719790226676038435651415358643174904724584348441217201303894310606151852745715186910345959832229474752228355031515413718570776575020674857529478472777148584548069627907537245724346147296076443760611625983419240774918742970530846775195345565630622733708928553699511153630357187778703696303407988953130333540338940868919874804640222506853599423461162164689357779404732781654755165943739100814920242123701982482570902416990651017113929159306894912501104074649546692833765663115081660011629590701228956179093931420294499722845685758870517009085404399933448090388846510121174790572091 +/- 8.61e-676]*im
3; 10; 3; 11; 4; 1; 1; 10; 1; 1; [-0.028844047330953669773262397522262992568626238309595659455489275259255482505811955833553677308129186845733429284262362453351507654284270005287355409168961539444210916472279742348908546074945522719093608469975798015241237489246871909725139839711381052750485221570574333537135726317613252969568485217161603627033412410536423244631856434072714671264743286144664280031092107452836162491584616374797054514605996355132305611285451309524512424050212435818977708770556992620804899148151873804940297440416236928744023737038030898099385769657343248991212846108664892481083298461959321518998086291941849724281179946358082342587210225872865685806494522142760999135143872230600724608422308 +/- 9.39e-676] + [-0.086947479535941918916066502420912051475926051646146080824665572279368243795819512312983445022718798682350106072258708573064680400680474154571249645388484232421867608961614784831906656660071291879700422511456031782325113883437622414581944207787960135728649155340029568056785862951333591264380354694591461052390896683509795805550178807873953377239330997743164492734075066984061899898196962314385375460298289135979197071236779351615005063600677900413381819420833838681090056560916833813945004547055439557601626175102455418094596249030892155765152960542516054712670839741794391056362633056756431911496885690290131396186074303012015522145235251179028468296874812670422775867372383 +/- 8.22e-676]*im
3; 10; 3; 11; 12; 1; 1; 11; 1; 1; [0.04073209342955889018344898726025245646421804300504855311990542784701661484854955250613060630974810154419367640743002472232639618235704555232625260392430307642639595699452148272860380147538228187283283268145613983174996238159847544821035503766734774575399545838422557244445588959491942586260164218626111043954360162329096488147559105423145875647231306245779290453977367570052983445946690354587203700025838137816891051686563550967435105708783664979796451549998361871762031246745092073927119479490146161512405161854054356664467169243021211861531332503859511167364588777962472182040734698938763122091215270156505130230424034881788193906874667190833113594531703624837256117592531 +/- 3.40e-675] + [-0.015219293080731298304347971593618013012222200290859171116081842062240326708478849879032083243084143229456916041548237186097783132941873418163051215986120176678024585526762445311790310954086025309447135297885329835088484201662831838815415462130734776004061296282389728974733320797369239757562997539541391654597182137775117751675397329379343642240555443156703054884320091836096101935757441377514091766807938756921222825973536915946789716019028894037931647603995956197739782618357259363823353893039209128660018387863190071616632004071742103199288794956611225453682644140397504553420687683647783928324792416635348195557978201052316884759228507602571910262373937084529914339152201 +/- 6.77e-676]*im
3; 10; 3; 11; 2; 1; 1; 4; 1; 1; [-1.07683872246303700704351389739026175801938992198678656059822432243341373495479929475752422599306212798562585316604449115642463606085387475087681433528107766278149153208659288683567077431442687580260537959887121478669615748350945583017370856968571706226381266094143523626847385471761378682606261102369957676873454007384209038691183165948486061254223973525146753819206265702459477365033124018988532134671547053344085251242406879072322005083291454806811974013784312244778325681480133404914367471404898214040177045970448940373239174313747514700703410451214266146060501721727569266232786455424097498915635152309663560141163832534911441296678846509549886169428670398005880255275915 +/- 3.26e-675] + [-6.21653460633204481132867545979354587090297247825396970804552283577011158406981353814615830168591051652833675296554172433512271712862018209173464003353400839062725505727805796000990404176159287243577554239254573525603805257713795395841716768565059019220812231712981293777879941257217105840352951403808086895146005047249105671907990984239502076786467077714125154867798020751137677523288541573304358499941272439518531706843414279411703547696840821680868157687538770009235219159813560886035104771509744934841192706531168704981077463144931989720718318896735528252989593370113384366875232228169433596650908945021463476009020581350343577396374156840512051671555640291830592364904992 +/- 5.27e-675]*im
3; 10; 3; 11; 8; 1; 1; 9; 1; 1; [-0.081407770533152398798485559408526887557840215318181060345753107473937203072259191166105553082217646159069746074289567662620413256951094501004068571788330790159966714158925435818690772421806384295371909764404730436743277337773747107825217943464773012404511512100407201790405255070015635622873321159992738553596987296567114997962203816262080832172156798086812466155734760028972861173493158469177711166128784048432200716732007593749690459463158468698262110136062231655745278553041261637163132324817449082906842848798164229178732899189418693192247002405681095764789828186045486975025690153751104831408315445666071325789946411220863787369770512594143637732830914915336219417915905 +/- 3.69e-676] + [-0.108701067253200229675449687429021348682447267504266538009768452299166423340468066738079576216728194158979893593557918896072122766534025588019563643524564802639795699913747164971692381061768143225054201289923073088555323881392073039440709723915531026208151206479075946227642470206477214942259934110619041112425081020886111422314703574244260114189511897617954803725356946838745173335464921909115185151470058571552436187559167907366558593300567646934916377697487220212682586305795045841416570624162083783122521083023414529092358367909645930557558697230237863116012304137971386770655869177842003183272251031652245457858817690844039142168463481425135159280033194083435072694194603 +/- 4.30e-676]*im
3; 10; 3; 11; 9; 1; 1; 11; 1; 1; [0.149530048979520689683179657470419166522049365057814877686151969870279254399483477760948508911109225694905840752899755763700865216718972807144812187049908226727770735720334397307995061002517629464878463218402680140835455621055691898717718299264146478357349735087307410443586973193347331706910962025939434153977784805675815668900440431208908213393020869707620171582361147761545573867742054016412307154320051496245340711319497676340756632661594651849008763735877990429921873912716354388168382859437587650554777719176698599884742436064956592999095472015295260117333107735445725509485379358203110593090572170064732265897233844506772700415197000360700806155502772146906659060139820 +/- 2.38e-676] + [-0.653279826579304769095459757198462205083499954403548088627222447142951398906216177071291778232785406073780261131917861279593772938282913380791649394835313713901393920933074222975949602178737083493082936282265518694445836303248894789462136077259974846805645634781275014514261245569608372934233310086985468806162367556721532264441199842102287020300689447129485595513554679498477836936329122751918959898902987069515423768888230035084374036309434523588683579492359242565758647572432325813628817772517542276470149906613161087631141527915488036915865532056756405466008233307151407632671864433545111705753534529770088827995968430714361566887551599665657796040867056612208434020501394 +/- 2.86e-676]*im
3; 10; 3; 11; 4; 1; 1; 8; 1; 1; [0.163584384708342963023677994813205995199819352300590755430315669736527531319955568021021827792409867570941657655572436185006790192604993526652591103437889652009696944781132089855847977360311438053728511883366346577649849853555962299702546554725888599070377401302105528388951211407278774946866433189642166108932393510908996581258372626174012477474035681528327522592114758602402075507629502017495311807152463581774531751147925871498426490341984519147839598956501097422692883361003696453805611823739480627684827321106750226773554794385644652559349266618133902062743656262678938331270864452503273335653575507515154067527865406708231374079291971683546267469944885169592767978625400 +/- 7.14e-676] + [0.122306460108889898510531793850437040647430822149674324297542927674995751313297431718621697384552281923986342993931182454305114172444314175702176960602695825771849495724046103812578706350767122296840963810603193222466600918788277511817281020067219284392964389305295424501497050336383207887920642558047035702994483230214666374674253733937537664033081809622287618279894550993289057714832782872499732872458019397126520594868807779081074495325047972596213313232795086585707764056251517250599362847158902251928292877121482669171921697246878578862777380432853983146038166650745691424924248911891448240043421227045786171674698097437010433673627762916995961943164658647000937345714453 +/- 6.04e-676]*im
3; 10; 3; 11; 5; 1; 1; 6; 1; 1; [-0.316691597685221768940632751202069171584430346747267845564028956665783881687492872198678485953079233819035090662887434456631975283944058026775974898296400787166055858925228616407394292998387944594427521040835530736579546898348436560450061106427789576434623397817973089004542705644575980693144452036218100813485866244270422085697937602245051203047410968771432587194702628394489596129157500990756446418632864824558918026873944124901226560488382316589764944712149162833078302650048205703081011853623572532076731351928567681413048583801112117899463049915792715137117299659536704983920292309830394477777120528698057659920777081577595687622010049710002425542069745046250345175024199 +/- 7.49e-676] + [1.478724653416432765447726149697303103836896909137027197169561928722276637702837310513089088657632488829563172903803612551498366562704501820630488050381053508166889266814766513710672132876318335448419181040767253416875553465951768319126706446122550001024465722337338124635259056164309865881699027325997345667137750730025339623559805633785869000208702827071979732728347116872627674120411335753898477202300217971908147734393053142762753621273122660281041985832388708760560940533472510910422515683330257367965637383082352630644256110549145010810434285464409296122931412568195204292235468351383199921985742719027049040246030765549287751008852542922603292641168503840110742622384917 +/- 4.35e-676]*im
3; 10; 3; 11; 6; 1; 1; 4; 1; 1; [0.21281567342957874540974529955116459615989198617040213182570424327030163134917267946844379211977552759717475396012049598325936579872716186139213621796556684817654523420733320328107319132175454655515414689636472150727744884811475303321119029492053648550472801204935854061130318975264329518301090642860237027777220341243548454266405922809178125249165083466872805599044697296148499514323818266459969026924133835518622400719720150378009311512530234573909781754839276801644467604116483529985192193801599922230111600686572487298481783982585652635454106065058946621705536940675486329592134307696436387531842759757649831078055128878819121785803745289807814209611977022933934989239793 +/- 2.61e-675] + [3.97044125254267463697419052175725258836919557753033848443302870011795655187853382731775685390091651276189879179597140523940398366073681320854157044754387161978729484543061895140414560861614316145215357191854453620936973371094006166046372295038328798869147051336300758105010909507523474375608610660503210598780807142174189592700473914549862642591940780674840495309033897568718517065996663039903246166200499276452142798235137297952104461782371025278337136575931219790936276163332359138117502802294002465000455560238226818041234939731416222217321146394463803122941203695025896871698178218266748854586431169236706192992978196995618489988851573228576577234058444673498071218259191 +/- 5.24e-675]*im
3; 10; 3; 11; 12; 1; 1; 5; 1; 1; [0.083864589888901514403455095571050503082709950831351141661588509487408344089205061365111481532418585192750853846129572640750231352277985348723866317282560333658242478450578664753111680211214614994130392122541397673357278693146978903343120703048712958793346495005260172720067278236267300588412072399195227001291557966674720224078631161591221776860074204466378438789857327901412805689276991542694562848203267163183970777195867165150981786657963503752884064094620212150017349771885485795292442522964134000289962827724891144738477898597996186068779155876366806533335871978289104234650267901332650025853047461047559044147836746023006857090825288173870050012359064834513475586124719 +/- 5.06e-676] + [0.191190214692049833447349076317333835613924954467786485756662519633526825544677199641142595595148457217505577988660959022731609163822894101827420237377849388144831126690222775374551639063276124596869106997552032232188829052952906375014585628091716276133816348185613344911549500591642081871270416743835393780601041317436066891327419421200477419516705052319369524443679128180986582463507678128317129568757014050244817922851446449608053186220596321572023704517984899550165904609514438764843700055949067364929445670776102669618154416604794252569200780054657497836698060404418013314307469706468654441792402452125532140774381695492249376146437520779737503694175991744536972963654615 +/- 4.55e-676]*im
3; 10; 3; 11; 7; 1; 1; 6; 1; 1; [-0.079387197751682281161589301680736605943236980762160500639693433123159750667820926719092089177600290172738152409862828293611490880013571423681839066969362406183658062240909109736539023584765677011893999329044898963963172471568048749254656743440604173098265913058758542710862565860345061484207400296322494379465675010517378853729785604452784085559723307654228278469494059913085257513105185022504753914601001010055779681746407404928740465727686721951842378796627454005545024188697618245602392138499728567650743976109217366202767652909264643658969330679146573170610174711833566202653396530411196134690478740121362382041541977233805000773906295190907505989955162728529100104607400 +/- 1.25e-676] + [-0.0186882672485482420982987916315273374574117150091435920217470054302651009573185007091681401763149998897095148545586025222299651129709919563890203538704879417222531847057352889548806738947364471727816969745192851834755464259749114361169948489663945617626830700392180583010023338254399160071398018003512030843998991645447997376076356719684899842346107296609238199413828338676737021645388150067419079913941937851473251704377434827020695215398956925604330197121873291803230218993159978438854247838354038474433656902108763864854286554448980746030648576717919497788041068583819718955604428531120399317397079934947158370560353228908414985921815857692061824459485459205517408058368057 +/- 5.76e-677]*im
3; 10; 3; 11; 10; 1; 1; 4; 1; 1; [0.02533722585977300891801420850264276545016006633704364096385106121539931653873341577995211742899409523252193893133472985713531804124977451550915590544615934738973915097111095412958549527583311748743666697758233661800827213766916020192920624950892578462332581309735935555656193721427568347233694475129894426609535834837394997828367547756877141906868589463231667941270309733577677660113546537897985897247327474465394246551573588551976666596919164654923010001448935584867095395968251347224112886385016386937109334462553706769301865989638807543539185221876212704025730456506911844135866300400666740542905325421233997062819971712018222941289629443447669871056004019442576664181616 +/- 4.61e-675] + [0.07637651892825798200746120574804223908409523086873468017114295448255089327965377547597246728508900809374814514596131711835979463484951054148414244493234547951771661976740759120630794884065492870588049685589654317241162759095210645357019802320315411346601785524667262615906165757911593107184027509199722149245279669695397049670495162774034057967827398090510446003964419531782171958909334262381994603424127442966847241844062995473867489635145043937828511733026313492372214172467890431981181787359911901525070142559858736757466818188575979900565325033942980479240977180707842464792351298980113908723382599992154068401793854797722863488027217287682559410243478446299601850915987 +/- 2.90e-675]*im
