2; 11; 5; 12; 7; 1; 1; 7; 1; 1; [-1603114//663325, -3214691//663325, -18147586//3316625, -8235011//3316625, 614764//255125, 23489636//3316625, 5145514//663325, 8819131//3316625, -2470389//3316625, 307070//26533, 17663307//663325, 21380878//663325, -10897099//663325, 716683//26533, 50106959//663325, 371716571//3316625, 90894326//3316625, -647850787//3316625, -1426613001//3316625, -391174626//663325, -1266312146//3316625, 291316664//3316625, 6156281//26533, 62611217//663325, -173801202//663325, 205647176//663325, -183182387//663325, 137379771//663325, -384451427//3316625, 167613378//3316625, -22722511//3316625, -168741603//3316625, 10346951//663325, -191242438//3316625, 117124712//3316625, -251051//26533, 9074788//663325, -8879883//663325, 7052694//663325, -4597639//663325, 93218//26533, -2128242//3316625, -3175972//3316625, 5373464//3316625, -7537253//3316625, 145518//132665, -4764088//3316625, 2266282//3316625]
2; 11; 5; 12; 2; 1; 1; 6; 1; 1; [5679913//9949875, 164444//255125, 8369227//9949875, 1245643//9949875, -3185278//3316625, -215914//132665, -12082542//3316625, -8188067//1989975, -1646382//663325, -2665792//663325, -769202//663325, -8462602//1989975, 17339//4225, -46190561//3316625, -48375702//3316625, -275972777//9949875, 56004804//3316625, 163286043//3316625, 53732657//663325, 81397652//765375, 10247387//153075, -5437678//663325, -708389//51025, -62490917//663325, 274931288//1989975, -90701747//663325, 360361342//3316625, -240442481//3316625, 26608318//765375, -24570138//3316625, -24440386//3316625, 14401057//663325, -145157417//9949875, 1547396//79599, -7836804//663325, 3782507//663325, -12694174//1989975, 10976557//1989975, -2611348//663325, 7428292//3316625, -2794656//3316625, -1806476//9949875, 7114786//9949875, -2774676//3316625, 44861//51025, -5179562//9949875, 287754//663325, -114899//663325]
2; 11; 5; 12; 5; 1; 1; 12; 1; 1; [-17423687//5704725, -14814266//5704725, 261064//1140945, 89582579//28523625, 189323146//28523625, 342220192//28523625, 108235211//28523625, -23082832//1901575, -3793268//5704725, 25510788//1901575, 444237//146275, 26559662//5704725, -140068816//5704725, 122742699//1901575, 37311856//5704725, -49709983//1901575, -1959830359//28523625, -7716370471//28523625, -4178587839//9507875, -1011090871//28523625, 916947529//1901575, 526212418//1901575, 569691063//1901575, 478130571//1901575, -2974587308//5704725, 1094100353//1901575, -2809675474//5704725, 668732071//1901575, -1141479689//5704725, 1948514663//28523625, 123468832//28523625, -2406383561//28523625, 2225171077//28523625, -290887271//5704725, 76640792//1140945, -2899581//146275, 147584302//5704725, -138638507//5704725, 35405957//1901575, -66430244//5704725, 30717103//5704725, -3863636//5704725, -64896272//28523625, 7062004//2194125, -36758907//9507875, 79873142//28523625, -8449238//5704725, 6927833//5704725]
2; 11; 5; 12; 3; 1; 1; 9; 1; 1; [-137872028443//58216718625, -71695021163//19405572875, -25909685297//11643343725, -199801350863//58216718625, 147161262366//19405572875, 46634613517//3881114575, 849533197759//58216718625, 312151877969//11643343725, 54391953658//4478209125, 61573882064//2328668745, 154332571267//3881114575, 163354041//11941891, 172096693006//3881114575, 5080736534713//58216718625, 1294061426833//19405572875, 463147088129//11643343725, -838402082692//58216718625, -141951358757//344477625, -4983055610843//11643343725, -11633535722173//19405572875, -499547814797//776222915, 2248477885736//58216718625, -1171643421997//2328668745, -779029123829//11643343725, 905014397347//2328668745, -5768762558537//11643343725, 9073265559113//19405572875, -20384052650003//58216718625, 2581154408108//11643343725, -5826117063626//58216718625, -38765999788//4478209125, 18998488006//776222915, -5456878276657//58216718625, 437096321602//11643343725, -1009136361814//19405572875, 29952408043//2328668745, -19061648842//895641825, 51409497541//2328668745, -70408406391//3881114575, 18565809651//1492736375, -378846351953//58216718625, 22660794844//11643343725, 67046575174//58216718625, -59657544188//19405572875, 31765813934//11643343725, -62417868144//19405572875, 16275084914//11643343725, -63764342867//58216718625]
2; 11; 5; 12; 6; 1; 1; 6; 1; 1; [5802//2041, -122683//153075, -1160026//153075, -14132048//765375, -1104638//51025, -2844577//255125, 7931237//765375, 7020189//255125, 500409//19625, 2257228//153075, 1002213//51025, 3731293//51025, 24643741//153075, 1808198//51025, 12413237//153075, 1462468//10205, 117674161//255125, 6439373//10205, 20555722//58875, -399855427//765375, -396965429//255125, -115049807//58875, -198430772//153075, 5783218//51025, 30651073//51025, -45174463//51025, 136372544//153075, -36203904//51025, 5626144//11775, -55526177//255125, 4351421//51025, 58056653//765375, -8225822//58875, 42370919//765375, -149573123//765375, 829069//51025, -5607614//153075, 2111932//51025, -1827437//51025, 3952486//153075, -34784//2355, 872134//153075, 988264//765375, -201023//51025, 4577623//765375, -336457//58875, 2041274//765375, -1057341//255125]
2; 11; 5; 12; 7; 1; 1; 12; 1; 1; [35991344//123602375, -249400253//24720475, -546802411//24720475, -4131922604//123602375, -3650226126//123602375, -603843366//123602375, 4321573547//123602375, 7008915648//123602375, 5477377696//123602375, 1108605402//24720475, 2057424372//24720475, 782131744//4944095, 1144462957//4944095, 13238121261//123602375, 6455466463//24720475, 9838883537//24720475, 86994780784//123602375, 73923734501//123602375, -40401208709//123602375, -254200848627//123602375, -412414154073//123602375, -391212020736//123602375, -45448729083//24720475, 6522036447//24720475, 3538909418//4944095, -426677247//380315, 143573666303//123602375, -23052262251//24720475, 16171415054//24720475, -37162720238//123602375, 14622349758//123602375, 6433485278//123602375, -29502990981//123602375, 1427739291//123602375, -35129755058//123602375, 426339708//24720475, -1127887882//24720475, 264148643//4944095, -232719486//4944095, 4277279473//123602375, -2943929//146275, 209637932//24720475, 141687797//123602375, -614140762//123602375, 864570208//123602375, -1068873656//123602375, 305107026//123602375, -57699241//9507875]
2; 11; 5; 12; 4; 1; 1; 2; 1; 1; [-4613459//3316625, -56093639//9949875, -11695027//1989975, -31254916//9949875, -33641014//9949875, -72779//12675, -2785602//3316625, 244005247//9949875, 1660196//58875, 50968072//1989975, 11637846//663325, 9132083//153075, 110436856//1989975, 397890907//9949875, 1618523129//9949875, 120257044//663325, 82199762//3316625, -31671244//255125, -106596969//663325, -436175808//3316625, -2966200014//3316625, -4049661248//3316625, -1772425673//1989975, 502165003//1989975, 342687959//1989975, -752835329//1989975, 4286187196//9949875, -1212393341//3316625, 182796292//663325, -1518143152//9949875, 39794689//765375, 4379204//1989975, -522619207//9949875, 61245768//3316625, -1094324962//9949875, 2135183//1989975, -2179666//153075, 12723147//663325, -12051397//663325, 10831442//765375, -87902983//9949875, 8724986//1989975, -2073129//3316625, -5527871//3316625, 4775944//1989975, -27056192//9949875, 13658834//9949875, -8256239//3316625]
2; 11; 5; 12; 11; 1; 1; 9; 1; 1; [20764557509//19405572875, 12289515561//19405572875, 18462000174//19405572875, 14644173026//3881114575, -39655523614//19405572875, 437524358//114825875, 9702044311//19405572875, -189523746471//19405572875, 68625101704//19405572875, -58402201198//3881114575, -81199536162//3881114575, 9921186919//3881114575, -149867297803//3881114575, -984093401424//19405572875, -599004631731//19405572875, -1646693736694//19405572875, -379123767718//3881114575, 972417154329//19405572875, -3760068753942//19405572875, 2240596950079//19405572875, 2941628486796//19405572875, -3919869638849//19405572875, 2161003158242//3881114575, -13750015494//298547275, -1013516630601//3881114575, 1499092004577//3881114575, -7527885463287//19405572875, 5964091463892//19405572875, -4026249683312//19405572875, 76303147516//776222915, -421981703173//19405572875, -682521962206//19405572875, 1081369161902//19405572875, -926228457207//19405572875, 720891605423//19405572875, -27861958092//3881114575, 61858462142//3881114575, -69604276024//3881114575, 60316382433//3881114575, -217263381177//19405572875, 123709898652//19405572875, -47764320242//19405572875, -1911117896//3881114575, 38739915817//19405572875, -51103612836//19405572875, 46222269517//19405572875, -31035547002//19405572875, 17389166168//19405572875]
2; 11; 5; 12; 10; 1; 1; 6; 1; 1; [-4568194//3316625, 11249449//3316625, 29329556//3316625, 52821256//3316625, 12209078//663325, 1345716//132665, -49051551//3316625, -132125703//3316625, -119443306//3316625, -12040568//663325, -17783199//663325, -11376984//132665, -97355826//663325, -138011931//3316625, -456642179//3316625, -39393677//255125, -1022862156//3316625, -236076133//663325, -22392989//132665, 2482855931//3316625, 6189834318//3316625, 7572451986//3316625, 886132417//663325, -11306583//51025, -63002802//132665, 513172989//663325, -2683036248//3316625, 2183554803//3316625, -1521457893//3316625, 748508802//3316625, -56867719//663325, -1338647//26533, 443088013//3316625, -7304472//255125, 670983128//3316625, -7087287//663325, 20686154//663325, -984315//26533, 21907701//663325, -81083478//3316625, 47888143//3316625, -20282208//3316625, -1428653//3316625, 2255946//663325, -687107//132665, 18110158//3316625, -7156626//3316625, 14420623//3316625]
2; 11; 5; 12; 4; 1; 1; 10; 1; 1; [199741696//82450875, 83492002//27483625, 159557329//27483625, -253768657//82450875, -1401899498//82450875, -1101386153//82450875, -5466559//16490175, -158228341//82450875, 49489901//6342375, 53679248//5496725, -164205642//5496725, -2493119//84565, 1045602991//16490175, 536152563//27483625, -572730572//27483625, -16756024102//82450875, 2901430179//27483625, 3285109766//6342375, 40564817383//82450875, 1965030541//5496725, 2456497516//82450875, -92546080448//82450875, -7044731257//5496725, 1132125243//5496725, 501337289//1099345, -4127572643//5496725, 64245693592//82450875, -17619921861//27483625, 35072031064//82450875, -6192700663//27483625, 569484988//6342375, 1761144518//27483625, -440759653//5496725, 9115329578//82450875, -4015559538//27483625, 57581847//5496725, -38323358//1268475, 7849597//219869, -175310702//5496725, 149137634//6342375, -384984131//27483625, 458058634//82450875, 23055836//82450875, -259425161//82450875, 435442834//82450875, -71601152//16490175, 300023758//82450875, -269111684//82450875]
2; 11; 5; 12; 2; 1; 1; 4; 1; 1; [609068833157//1432474821375, 2250196121284//1432474821375, 171276952647//95498321425, 268705493297//1432474821375, -506257396706//1432474821375, -858173916367//1432474821375, 614758491032//1432474821375, -3941484325152//477491607125, -13754666870846//1432474821375, -2960645347594//286494964275, -61020418436//7346024725, -1580011505427//95498321425, -6019768695443//286494964275, -4696118766174//477491607125, -16597404546858//477491607125, -15999686350741//286494964275, -1543850503134//477491607125, 106960567625746//1432474821375, 51931289843934//477491607125, 119784048748348//1432474821375, 135906952142457//477491607125, 196102707474457//477491607125, 97968482882876//286494964275, -869846867808//95498321425, -53716805850821//286494964275, 25091659053349//95498321425, -368416924263571//1432474821375, 287722324085488//1432474821375, -38329693853693//286494964275, 30596332811948//477491607125, -13380812895737//1432474821375, -21127702917604//1432474821375, 55037817942074//1432474821375, -11288803675304//477491607125, 70336500938143//1432474821375, -40489655684//7346024725, 1049144109838//95498321425, -1150057394878//95498321425, 979494412401//95498321425, -10389115155401//1432474821375, 5781737236798//1432474821375, -421707990728//286494964275, -560775457831//1432474821375, 682373336546//477491607125, -750725601188//477491607125, 756585291693//477491607125, -422720622754//477491607125, 1483013932748//1432474821375]
2; 11; 5; 12; 8; 1; 1; 9; 1; 1; [-3833934704//19405572875, -3093935433//19405572875, 151946367//3881114575, -26334390382//19405572875, -71374449108//19405572875, -12499655677//3881114575, -57380435654//19405572875, 4326693181//3881114575, 96255911012//19405572875, 5723661838//776222915, 18742871643//3881114575, 9433527621//3881114575, -16845278404//3881114575, 27747195429//19405572875, 348789042933//19405572875, 21895242144//776222915, 1327723239732//19405572875, 1790111394143//19405572875, 81818134081//3881114575, -409648111136//19405572875, -669668917417//3881114575, -4454661718562//19405572875, -21503346445//155244583, 241783307823//3881114575, -20313980749//3881114575, -111947580234//3881114575, 831358200457//19405572875, -810980256711//19405572875, 137548470846//3881114575, -377854655544//19405572875, 302769531924//19405572875, -1358750902//776222915, -74374834033//19405572875, -8744145454//3881114575, -318852357846//19405572875, -900569187//776222915, -3008557068//3881114575, 6825730089//3881114575, -592280757//298547275, 33444772877//19405572875, -23672580096//19405572875, 2851198092//3881114575, -4041873409//19405572875, 692585444//19405572875, 903712312//3881114575, -5631380033//19405572875, 407717328//3881114575, -7521172781//19405572875]
2; 11; 5; 12; 4; 1; 1; 8; 1; 1; [13448722//9949875, 9639996//3316625, 153952//63375, 40488532//9949875, 8432894//3316625, -16423298//9949875, -18466102//3316625, -3999784//3316625, -2373536//765375, -11572216//663325, -8421496//663325, -2752964//153075, -59957783//1989975, -610340962//9949875, -855771218//9949875, -186987513//3316625, -424923069//3316625, -7764803//255125, 2114607268//9949875, 1082067842//3316625, 3123393992//9949875, 3793141568//9949875, 254276824//663325, -125491798//1989975, -91098054//663325, 445731317//1989975, -2344071016//9949875, 1867132066//9949875, -1319781212//9949875, 627994519//9949875, -16294532//765375, -28114721//9949875, 433668868//9949875, -61172298//3316625, 151806598//3316625, -6227777//1989975, 1379246//153075, -7097466//663325, 6323191//663325, -417134//58875, 40948211//9949875, -5856044//3316625, -542572//3316625, 10408519//9949875, -12655621//9949875, 16605983//9949875, -8092114//9949875, 3368878//3316625]
2; 11; 5; 12; 5; 1; 1; 6; 1; 1; [7414//2355, 1097677//153075, 317347//30615, 1499326//153075, 48242//30615, -138449//11775, -14877232//765375, -1036901//58875, -13460659//765375, -4210444//153075, -580674//10205, -13919687//153075, -2980883//51025, -518863//6123, -17565563//153075, -760457//3925, -29886031//153075, 11039953//153075, 30771703//51025, 810461252//765375, 1962638//1625, 663301349//765375, 292037//11775, -7116919//30615, 15262671//51025, -44253419//153075, 2212192//10205, -22103017//153075, 2850274//51025, -895771//51025, -261664//11775, 10359053//153075, 1758867//255125, 22495238//255125, 12844837//765375, 1968989//153075, -416834//30615, 1718647//153075, -399422//51025, 42194//10205, -14367//10205, -9364//11775, 224267//153075, -280628//153075, 335479//153075, -6211//19625, 1339034//765375, 116234//255125]
2; 11; 5; 12; 6; 1; 1; 4; 1; 1; [1052762764408//110190370875, 1901394527263//110190370875, 146437606299//7346024725, 927535859017//110190370875, -287144694112//22038074175, -3254033400064//110190370875, -2936589216493//110190370875, -1264675375279//110190370875, -1895928366728//110190370875, -253967596252//4407614835, -796493645138//7346024725, -2776569089237//22038074175, 153825011277//7346024725, -16591428410708//110190370875, -2239207476871//8476182375, -266979478714//565078825, -16907915342947//110190370875, 16209239734619//22038074175, 189032841477884//110190370875, 215061942483563//110190370875, 140367757784144//110190370875, 2462865458871//36730123625, -3562256273746//4407614835, -781391502098//1695236475, 24101272166473//22038074175, -27694674161174//22038074175, 40273507502337//36730123625, -29737726853388//36730123625, 1950544233031//4407614835, -20529082705991//110190370875, 90209556366//7346024725, 23251171335107//110190370875, -3083711944712//36730123625, 24132663826397//110190370875, -13249919502041//110190370875, 35753692070//881522967, -410640544232//7346024725, 1181180427652//22038074175, -308168587917//7346024725, 984604068557//36730123625, -1449833498359//110190370875, 41059065448//22038074175, 466969255009//110190370875, -148514179301//22038074175, 1006202285137//110190370875, -13197050674//2825394125, 596555428112//110190370875, -248214663296//110190370875]
2; 11; 5; 12; 2; 1; 1; 3; 1; 1; [7998001204132//29199927305055, 91367796738086//632665091609525, -81683772561043//632665091609525, -45938312730872//243332727542125, 64283403958686//632665091609525, 629756135099466//3163325458047625, -3212945749550034//3163325458047625, -11485926752469569//9489976374142875, -2383927573305328//1897995274828575, -1481715836652718//1897995274828575, -3152061966284926//632665091609525, -4338526801187434//1897995274828575, 6008112156204824//1897995274828575, -76906256181925//75919810993143, -3886558768521764//632665091609525, -489590409132576//632665091609525, 130254182635246583//9489976374142875, 33600842985907481//1897995274828575, -4966218635359121//729998182626375, 251760434646515432//9489976374142875, 166366002241756988//3163325458047625, 6805437778655980//75919810993143, -9639450448729843//1897995274828575, 35253535999940047//1897995274828575, -3388792475040428//145999636525275, 40290096455731639//1897995274828575, -2002578648319372//126533018321905, 17713121753303747//1897995274828575, -1587156604052294//379599054965715, 7428650986960789//9489976374142875, 87193931148437//29199927305055, -32524769632990034//9489976374142875, 13454669309495807//3163325458047625, -292435250856628//9489976374142875, 3563198195455662//632665091609525, -1904486751100192//1897995274828575, 637123216166306//632665091609525, -518922529001287//632665091609525, 347106669309367//632665091609525, -35652529627522//126533018321905, 25334455312657//379599054965715, 119129108838634//1897995274828575, -372983178134407//3163325458047625, 99837610590234//632665091609525, -405408947913608//3163325458047625, 79754406483692//729998182626375, -36990936110798//9489976374142875, 178304836811927//1897995274828575]
2; 11; 5; 12; 7; 1; 1; 6; 1; 1; [-60902962//3316625, -90165908//3316625, -86062449//3316625, 25776319//3316625, 34028632//663325, 243737921//3316625, 157771467//3316625, -6647123//3316625, -10769937//3316625, 57873996//663325, 136520382//663325, 21600161//132665, -138853159//663325, 673236897//3316625, 1175781408//3316625, 165757168//255125, -707279479//3316625, -1224161906//663325, -11225831771//3316625, -803010109//255125, -1843577332//3316625, 8651575962//3316625, 2230681101//663325, 203357967//663325, -62478417//26533, 2049118446//663325, -9652699369//3316625, 576590503//255125, -4586034598//3316625, 2132672213//3316625, -22218856//132665, -106197836//255125, 896089939//3316625, -1473046346//3316625, 1521219546//3316625, -50499186//663325, 87604688//663325, -18342899//132665, 76219644//663325, -261463529//3316625, 142255429//3316625, -41604448//3316625, -22456062//3316625, 10051953//663325, -73753298//3316625, 47713054//3316625, -42742996//3316625, 2424312//255125]
2; 11; 5; 12; 9; 1; 1; 5; 1; 1; [13137649//663325, 7699501//255125, 8757486//255125, -13918018//3316625, -148327538//3316625, -266765272//3316625, -228761496//3316625, -17330954//3316625, -15715822//663325, -63126862//663325, -150666576//663325, -154543518//663325, 116413124//663325, -214960663//663325, -1199152963//3316625, -2829121753//3316625, 479138353//3316625, 5943381563//3316625, 75362401//21125, 13688710616//3316625, 3366408369//3316625, -1208180976//663325, -2027583637//663325, -57201167//51025, 2189081972//663325, -2608189991//663325, 179565628//51025, -8697826029//3316625, 5035788221//3316625, -2110753821//3316625, 223808979//3316625, 1837456086//3316625, -1155628287//3316625, 1856010747//3316625, -24638494//51025, 78247922//663325, -114669654//663325, 113023553//663325, -90094989//663325, 59016182//663325, -149076319//3316625, 30724776//3316625, 40477999//3316625, -69657906//3316625, 90346176//3316625, -4309369//255125, 50061662//3316625, -6236101//663325]
2; 11; 5; 12; 10; 1; 1; 4; 1; 1; [-3393804694973//477491607125, -1337836431863//95498321425, -7123395397291//477491607125, -2635816731931//477491607125, 8460017367596//477491607125, 15647033788431//477491607125, 10209689579074//477491607125, 1644439621034//95498321425, 5508470443199//477491607125, 3564679739004//95498321425, 2243973213012//19099664285, 9429824583874//95498321425, -2401892595036//95498321425, 47366668622463//477491607125, 20078927342323//95498321425, 171198148728616//477491607125, 66739342986961//477491607125, -356487515062076//477491607125, -702160068640311//477491607125, -758403374728294//477491607125, -111821146108913//95498321425, 302287015710246//477491607125, 103673268094449//95498321425, -4126887691341//19099664285, -30399791847326//95498321425, 54859710588954//95498321425, -288976440281826//477491607125, 49625545204569//95498321425, -160502559934872//477491607125, 94611381503953//477491607125, -45280008424423//477491607125, -44662473146328//477491607125, 349921549513//477491607125, -13186029552931//95498321425, 49758318908978//477491607125, -586382965764//95498321425, 434006253804//19099664285, -2641590680269//95498321425, 2412845332311//95498321425, -8988139596666//477491607125, 1115597847799//95498321425, -2216468675892//477491607125, 140291306448//477491607125, 952243579007//477491607125, -2389020105798//477491607125, 1099821551808//477491607125, -371809162808//95498321425, 1156132613968//477491607125]
2; 11; 5; 12; 6; 1; 1; 3; 1; 1; [1488608507179982//729998182626375, 13090681857217//9733309101685, 20235826101223//48666545508425, 79241957077434//243332727542125, 217105985246594//145999636525275, 1740983321136001//729998182626375, 5871631858888793//729998182626375, 8127398489502541//729998182626375, 4767193703038262//729998182626375, 145026443568826//145999636525275, 334640829910238//48666545508425, 1285783185729166//145999636525275, 4808609366559892//145999636525275, -28441316298808102//729998182626375, -3289527795777001//145999636525275, -7406735676495686//145999636525275, -15858883966220317//729998182626375, 1443843349338523//48666545508425, 9782922794751568//243332727542125, -109562272382431033//729998182626375, -14426001548513837//56153706355875, -57835398522140064//243332727542125, -3039191097357908//11230741271175, -16801777565101576//145999636525275, 15445354290817852//48666545508425, -54088758332842213//145999636525275, 80128478450209333//243332727542125, -35551784617876786//145999636525275, 6875043704083927//48666545508425, -14356250735182477//243332727542125, -245805327890384//145999636525275, 28977796180901447//729998182626375, -41978869216538734//729998182626375, 26696426419314707//729998182626375, -35116970315602726//729998182626375, 1671570599574604//145999636525275, -2389668759482554//145999636525275, 780364427040908//48666545508425, -616120848869114//48666545508425, 2002933755307143//243332727542125, -46010101769003//11230741271175, 23488054140506//29199927305055, 857918276709964//729998182626375, -20637173608199//9733309101685, 1687975327021657//729998182626375, -1487293423304744//729998182626375, 803791274475782//729998182626375, -674396414845126//729998182626375]
2; 11; 5; 12; 3; 1; 1; 7; 1; 1; [30364612//9949875, 56735423//9949875, 3028723//397995, 44398358//9949875, 104782//663325, -20151452//3316625, 8892094//9949875, 118661681//9949875, 13054558//765375, -1806908//1989975, -17730296//663325, -1947031//51025, 12222536//663325, -619212787//9949875, -354115871//3316625, -29143449//132665, -1970088313//9949875, -1831218//51025, 2335728781//9949875, 3417213926//9949875, -86497192//3316625, -1685666493//3316625, -1132243913//1989975, -520673233//1989975, 457240237//663325, -1601820637//1989975, 7082380079//9949875, -5239655399//9949875, 118460296//397995, -437722673//3316625, -116521//11775, 310173291//3316625, -939562657//9949875, 1024687082//9949875, -1029298007//9949875, 49951033//1989975, -1814638//51025, 68873989//1989975, -18123761//663325, 13539613//765375, -87446009//9949875, 206084//132665, 8191267//3316625, -9345787//1989975, 51040853//9949875, -38045767//9949875, 9340814//3316625, -6552659//3316625]
2; 11; 5; 12; 10; 1; 1; 3; 1; 1; [464220357089921//3163325458047625, 4389258306772178//3163325458047625, 7630224084525256//3163325458047625, 11041980172312831//3163325458047625, 18606884411035298//3163325458047625, 11936244723034638//3163325458047625, -13766519707225418//3163325458047625, -35732580592459662//3163325458047625, -2835960206492394//243332727542125, -3856294079336876//632665091609525, -4739314894028718//632665091609525, -15837525747258612//632665091609525, -4836535576561118//126533018321905, -81129195038638181//3163325458047625, -12994404156267916//243332727542125, -153899640228148976//3163325458047625, -160915590323184776//3163325458047625, -296091982176469823//3163325458047625, -124661734695088963//3163325458047625, 518356653117856078//3163325458047625, 1642123798044571042//3163325458047625, 2265761621946456292//3163325458047625, 228846650509693909//632665091609525, -77626016684904263//632665091609525, -26500960993030042//632665091609525, 1224092984369051//9733309101685, -487341550131558203//3163325458047625, 427968103027182721//3163325458047625, -329403201647638543//3163325458047625, 186258143485293882//3163325458047625, -94256003281613384//3163325458047625, -6124487530060254//3163325458047625, 71067444170026429//3163325458047625, 675737862473927//243332727542125, 165893924345015746//3163325458047625, 470512755365261//632665091609525, 2851271771812598//632665091609525, -4242936263715343//632665091609525, 835714331014341//126533018321905, -16866288225833113//3163325458047625, 10925215146395016//3163325458047625, -5707889308223058//3163325458047625, 1156580367318942//3163325458047625, 1192033497225676//3163325458047625, -2860403268931244//3163325458047625, 3416903453971049//3163325458047625, -1116288513595974//3163325458047625, 3698001798003191//3163325458047625]
2; 11; 5; 12; 5; 1; 1; 4; 1; 1; [-9365338759//22038074175, -53070801746//36730123625, 121480252597//110190370875, 21819899858//8476182375, 1310688804//1469204945, 24631608709//22038074175, -62632770269//36730123625, -104359102337//36730123625, 18891744088//22038074175, 43431397664//7346024725, 6369456787//1469204945, -76753440737//7346024725, -276337851547//22038074175, 156032443748//22038074175, 1272656892726//36730123625, -776689043154//36730123625, -4996227120874//110190370875, -442591876071//7346024725, -187853703436//1695236475, 3113607531639//36730123625, 22877865926431//110190370875, 1470890544529//22038074175, -664540996936//7346024725, -200112112156//4407614835, 847452425513//7346024725, -2964266050232//22038074175, 2612503327976//22038074175, -9297720444656//110190370875, 1815179905703//36730123625, -2414661542702//110190370875, -98800196093//22038074175, 65676854033//7346024725, -1594880767234//110190370875, 2937921397583//110190370875, -17363200789//1695236475, 93533127998//22038074175, -26091303092//4407614835, 126334069166//22038074175, -2555455457//565078825, 64352630428//22038074175, -152732918246//110190370875, 2122002508//8476182375, 45346405418//110190370875, -18313458167//22038074175, 5314174509//7346024725, -66975205994//110190370875, 23667747316//36730123625, -1431061902//7346024725]
2; 11; 5; 12; 11; 1; 1; 7; 1; 1; [-599568//3316625, -527114//663325, 543499//663325, -1972499//663325, 3183542//3316625, 2530116//3316625, -4040382//3316625, 8622537//3316625, -29629348//3316625, 6467776//663325, -230169//10205, 12467068//663325, -5331873//663325, -138097//3316625, 10260012//663325, -6931252//132665, 75479929//663325, -409715782//3316625, 4264823//255125, -68533938//3316625, -318181417//3316625, 297740468//3316625, -64209329//663325, 11712743//26533, -368439982//663325, 340354007//663325, -1287034396//3316625, 31832167//132665, -71871298//663325, 8625267//663325, 952332//21125, -245365888//3316625, 242578711//3316625, -210714326//3316625, 142700854//3316625, -1222967//51025, 3250978//132665, -13282833//663325, 8958828//663325, -23469026//3316625, 1304144//663325, 902094//663325, -1978008//663325, 11088169//3316625, -9862698//3316625, 7023761//3316625, -4325226//3316625, 10391//19625]
2; 11; 5; 12; 9; 1; 1; 2; 1; 1; [-1047717//3316625, 9210479//3316625, 15022152//3316625, 14869716//3316625, 11824094//3316625, 12651141//3316625, -13126034//3316625, -38217932//3316625, -10993166//663325, -5632478//663325, -1727898//132665, -19977089//663325, -41881694//663325, 19126307//3316625, -251489289//3316625, -389466602//3316625, -394894321//3316625, 23734671//3316625, 61424869//3316625, 798506814//3316625, 1780090852//3316625, 576895149//663325, 361169677//663325, 532927//132665, -215010789//663325, 292842941//663325, -1418376524//3316625, 1098315733//3316625, -730339241//3316625, 24975309//255125, -59520237//3316625, -112269318//3316625, 230664127//3316625, -121889149//3316625, 59649361//663325, -6525542//663325, 15754//845, -13367391//663325, 11267319//663325, -39488194//3316625, 21676108//3316625, -7709826//3316625, -2833853//3316625, 7760288//3316625, -9218218//3316625, 9025387//3316625, -4650154//3316625, 1571//845]
2; 11; 5; 12; 3; 1; 1; 12; 1; 1; [-352615408//74161425, 3231639416//370807125, 3180915861//123602375, 2597000771//74161425, 4019726626//123602375, 2692001392//370807125, -17113596272//370807125, -24874152917//370807125, -28172111//1140945, -1165199648//74161425, -2486051011//24720475, -1104621662//5704725, -6845968027//24720475, -1381134878//74161425, -91083375626//370807125, -146586131908//370807125, -51937959859//74161425, -27557057156//28523625, -27028728082//370807125, 883072021112//370807125, 1394817831562//370807125, 222731239052//74161425, 134429820502//74161425, 8012332592//74161425, -30102127612//24720475, 118385707559//74161425, -113237482577//74161425, 144370198304//123602375, -94525186063//123602375, 23566921399//74161425, -2686192448//28523625, -16871934467//123602375, 119254791566//370807125, -17874737419//370807125, 23338479922//74161425, -2846022287//74161425, 388555546//5704725, -1788117068//24720475, 1485872127//24720475, -47550383//1140945, 8322344227//370807125, -2788357654//370807125, -56496911//14832285, 2888382236//370807125, -1252075127//123602375, 4069209221//370807125, -1231038574//370807125, 158761981//24720475]
2; 11; 5; 12; 7; 1; 1; 4; 1; 1; [-2458041036559//477491607125, -8945268792511//477491607125, -15362428317256//477491607125, -3109699031421//95498321425, -6383927352336//477491607125, 8414609304084//477491607125, 22718836085264//477491607125, 28320382686214//477491607125, 154217595433//2825394125, 6618943723752//95498321425, 13178815329882//95498321425, 4421542922677//19099664285, 19251351439826//95498321425, 79018881161564//477491607125, 175273455835851//477491607125, 309584239043821//477491607125, 4899808463791//7346024725, 1369815392441//477491607125, -649832270012784//477491607125, -1405806345654864//477491607125, -1757842062046214//477491607125, -1383450639992682//477491607125, -7031168662626//7346024725, 44350786374602//95498321425, -1268091940729//19099664285, -14370195798064//95498321425, 130433548418177//477491607125, -123471329700572//477491607125, 122379123597488//477491607125, -2371380151797//19099664285, 39255743416618//477491607125, -40894343601497//477491607125, -70574549997362//477491607125, -63443044480212//477491607125, -81103722665846//477491607125, -924473112632//95498321425, -330551991832//95498321425, 41295576548//3819932857, -1188704802276//95498321425, 5469515998237//477491607125, -3832081641797//477491607125, 2642767641538//477491607125, -141636953869//95498321425, -21306795687//477491607125, 45819667333//477491607125, -155381901264//36730123625, -716450448432//477491607125, -1793954842371//477491607125]
2; 11; 5; 12; 5; 1; 1; 3; 1; 1; [185705431119008//729998182626375, 475993638972794//729998182626375, 829982194723082//729998182626375, 102791896155223//243332727542125, -121579757890622//729998182626375, 313176959233078//729998182626375, 11697156414868//29199927305055, -1776761867101211//729998182626375, -1040226540958518//243332727542125, -264115517569204//48666545508425, -10493417908232//3743580423725, -156245708802361//29199927305055, -172463483279033//145999636525275, -2819540990003646//243332727542125, -1754423975926208//56153706355875, -18912662352299852//729998182626375, 4864075232333132//243332727542125, 6996054387594274//243332727542125, -1043569187924936//56153706355875, 3555975832149778//145999636525275, 110490819990437171//729998182626375, 137925411534723014//729998182626375, 3072028789565356//48666545508425, -4074091911232146//48666545508425, 766185992148461//9733309101685, -2962110367605341//48666545508425, 708300936836804//18717902118625, -14041094119425362//729998182626375, 297817306126608//243332727542125, 1929708268499546//243332727542125, -7168864571799824//729998182626375, 2550491971853987//243332727542125, -91201074816394//11230741271175, 3176547023807591//243332727542125, 3893915775283892//729998182626375, 13982350025283//3743580423725, -455317946348282//145999636525275, 62471484804328//29199927305055, -56484662478999//48666545508425, 85422036646242//243332727542125, 107185666482563//729998182626375, -114869804162882//243332727542125, 131242056624221//243332727542125, -319389566054164//729998182626375, 234134448963001//729998182626375, -8617650766046//48666545508425, 11670796209766//56153706355875, 40780926113864//243332727542125]
2; 11; 5; 12; 9; 1; 1; 10; 1; 1; [-61361858//5496725, -517427593//27483625, -535962073//27483625, 110023684//27483625, 969042218//27483625, 1257254318//27483625, 731551724//27483625, -22884806//27483625, -63009292//27483625, 329605044//5496725, 778350147//5496725, 600026259//5496725, -697235909//5496725, 575710298//5496725, 7779049943//27483625, 14375933433//27483625, -1320114769//27483625, -32774143193//27483625, -60735354688//27483625, -55808986914//27483625, -604977588//2114125, 51842336027//27483625, 892610538//422825, 78145012//5496725, -6761719821//5496725, 9345326641//5496725, -9017585891//5496725, 35749629394//27483625, -22110375331//27483625, 10908389893//27483625, -3457354619//27483625, -6390085564//27483625, 3655539968//27483625, -6806986102//27483625, 7690631971//27483625, -205600939//5496725, 393977238//5496725, -424620694//5496725, 359772129//5496725, -251702221//5496725, 706645059//27483625, -224861736//27483625, -79168682//27483625, 16751857//2114125, -346973414//27483625, 218242928//27483625, -203624522//27483625, 162545286//27483625]
2; 11; 5; 12; 8; 1; 1; 7; 1; 1; [-498572//255125, -1309151//3316625, -8053962//3316625, -8984593//3316625, -15014986//3316625, -12307628//3316625, -27953864//3316625, -1365734//255125, -14708337//3316625, -75082//26533, -3198174//663325, 35341//2041, -170685//26533, 258302451//3316625, 96022181//3316625, 262004527//3316625, 492215663//3316625, 258512796//3316625, 366835073//3316625, 793873424//3316625, 238562357//3316625, 180455852//3316625, -952997//132665, 392628261//663325, -108141123//132665, 20850447//26533, -2027625897//3316625, 1314554363//3316625, -618382939//3316625, 134305289//3316625, 222595523//3316625, -340444456//3316625, 408032497//3316625, -297072649//3316625, 218543486//3316625, -4543596//132665, 1886098//51025, -4151789//132665, 580758//26533, -40038147//3316625, 13670008//3316625, 4784216//3316625, -13785236//3316625, 17246533//3316625, -15015106//3316625, 12020847//3316625, -6601794//3316625, 2994066//3316625]
2; 11; 5; 12; 7; 1; 1; 3; 1; 1; [-1641120474672472//3163325458047625, 52220128627503//3163325458047625, 119695532132669//632665091609525, -2747413779955761//3163325458047625, -12171135882875266//3163325458047625, -1348479568741186//243332727542125, -11302414593039361//3163325458047625, -11764436531323142//3163325458047625, -28579384005296369//3163325458047625, -8817370549065282//632665091609525, -5785497625659786//632665091609525, -1049895495059686//632665091609525, -5366791658199871//632665091609525, 27008014998350637//3163325458047625, -11040953306848753//3163325458047625, 2080378793348654//632665091609525, 86140632557174761//3163325458047625, 315729220682163616//3163325458047625, 451326787086059393//3163325458047625, 304542771494974721//3163325458047625, 276425601273786092//3163325458047625, 395561544977279189//3163325458047625, 100505354945030673//632665091609525, 12468182478124779//632665091609525, -5867095971337292//48666545508425, 97926761354441919//632665091609525, -457227232755322859//3163325458047625, 349367849168024101//3163325458047625, -43567225663301104//632665091609525, 103066757283462163//3163325458047625, 3752481154488803//3163325458047625, -1730750544604137//243332727542125, 79428634005178123//3163325458047625, -53404788449941939//3163325458047625, 5473312952468469//243332727542125, -2517400228095468//632665091609525, 4196073938592786//632665091609525, -4361335741551089//632665091609525, 3594612912012546//632665091609525, -12238779048628429//3163325458047625, 6521682564093036//3163325458047625, -76623838215542//126533018321905, -1053797247705782//3163325458047625, 2948876406821183//3163325458047625, -2669240146752541//3163325458047625, 2935930988790758//3163325458047625, -1694699335776354//3163325458047625, 1459524084138002//3163325458047625]
2; 11; 5; 12; 11; 1; 1; 12; 1; 1; [62004//21125, -348//21125, 19536//21125, -7668//21125, -192132//21125, -246214//21125, -7788//21125, -2472//4225, -237202//21125, 1998//4225, 2556//4225, -15948//845, 114312//4225, -936864//21125, 941208//21125, -1537416//21125, 689688//21125, 7763832//21125, 7289044//21125, 583758//21125, 116061//4225, -4810738//21125, -3914262//4225, -610704//4225, 47928//65, -3959478//4225, 18354708//21125, -13924056//21125, 8589432//21125, -296172//1625, 698931//21125, 2103592//21125, -2630826//21125, 107064//845, -2344874//21125, 104157//4225, -170316//4225, 35064//845, -143892//4225, 487008//21125, -256686//21125, 72012//21125, 48564//21125, -102384//21125, 129352//21125, -106701//21125, 15492//4225, -48434//21125]
2; 11; 5; 12; 9; 1; 1; 8; 1; 1; [-7941171//3316625, -2151936//663325, -17017149//3316625, -20206353//3316625, -6045222//3316625, 16795798//3316625, 44867942//3316625, 40425769//3316625, 7543144//663325, 7581954//663325, 3849576//132665, 34160917//663325, 24539873//663325, 212778381//3316625, 21460782//663325, 308239814//3316625, 597936643//3316625, -699744//21125, -88224251//255125, -2287728702//3316625, -2333336224//3316625, -303020834//663325, 56438469//663325, 18232683//132665, -156069183//663325, 166957353//663325, -681117197//3316625, 95993559//663325, -242847818//3316625, 106891489//3316625, 33665946//3316625, -151795299//3316625, 12180579//3316625, -208145382//3316625, 1188848//663325, -6218904//663325, 303222//26533, -6831127//663325, 394554//51025, -15271387//3316625, 1332267//663325, 139822//3316625, -240902//255125, 5023491//3316625, -5950859//3316625, 1958239//3316625, -348134//255125, -12037//663325]
2; 11; 5; 12; 4; 1; 1; 9; 1; 1; [-24660835396//19405572875, -116236528886//58216718625, -21651737161//11643343725, -72861076051//58216718625, 43931471182//19405572875, 71976334816//58216718625, 96851701769//19405572875, 158477026268//19405572875, 5407763481//1492736375, 59533794688//11643343725, 43837010143//3881114575, 6710145307//895641825, 203713495699//11643343725, 659589415661//19405572875, 1055931667212//19405572875, 177771448473//3881114575, -206664841883//19405572875, -610370739607//4478209125, -4523149341181//58216718625, -11004385056967//58216718625, -3505606331313//19405572875, -5263646560714//58216718625, -1564523398067//11643343725, 71304417983//3881114575, 208679042477//3881114575, -324350030157//3881114575, 5085095363549//58216718625, -3922504174787//58216718625, 570230117746//11643343725, -482638890089//19405572875, 42428741//114825875, 92001828257//58216718625, -1131087330791//58216718625, 226606056533//58216718625, -845518354552//58216718625, 5162255469//3881114575, -1016568126//298547275, 46172274299//11643343725, -13526215818//3881114575, 11541067123//4478209125, -84405546632//58216718625, 1471289864//2328668745, 2279665538//58216718625, -30699683428//58216718625, 27633996557//58216718625, -39135669506//58216718625, 13885820258//58216718625, -6308915454//19405572875]
2; 11; 5; 12; 8; 1; 1; 12; 1; 1; [101883014//24720475, -435064008//123602375, -141661874//123602375, 609714864//123602375, -33804288//9507875, -1253676114//123602375, 713336872//123602375, 97625336//24720475, -3796383212//123602375, -93432436//24720475, 1061909388//24720475, -869301047//24720475, 1084482//988819, -2805695183//24720475, 21856735308//123602375, -4709051351//123602375, -1046433613//9507875, 42251290464//123602375, 20524918319//123602375, -3113259264//9507875, 5019584759//24720475, 84873040572//123602375, -14727847111//24720475, -21343913557//24720475, 38136019483//24720475, -8088997484//4944095, 33717834799//24720475, -115932167761//123602375, 63442952067//123602375, -20876889117//123602375, -6992786978//123602375, 25030372742//123602375, -30036471011//123602375, 5239850347//24720475, -14484638144//123602375, 1500041266//24720475, -1839531688//24720475, 1676940597//24720475, -250928367//4944095, 760944647//24720475, -1624155646//123602375, 54769262//123602375, 860933323//123602375, -1206454073//123602375, 1231642902//123602375, -994391726//123602375, 129126532//24720475, -234522429//123602375]
2; 11; 5; 12; 3; 1; 1; 6; 1; 1; [94786218//3316625, 449832704//9949875, 155921548//3316625, -6994381//9949875, -228125752//3316625, -1091730301//9949875, -240045313//3316625, 20001897//3316625, 10824577//765375, -262237028//1989975, -218512802//663325, -44508736//153075, 543082511//1989975, -1279529503//3316625, -2139604748//3316625, -4032882513//3316625, -135443869//9949875, 1953056722//765375, 17293519357//3316625, 50421092089//9949875, 4722098318//3316625, -39135767386//9949875, -10458697163//1989975, -383551267//663325, 7592451272//1989975, -3291801218//663325, 46257338288//9949875, -35848878997//9949875, 7244055951//3316625, -10214229577//9949875, 60241052//255125, 6618255803//9949875, -4322126113//9949875, 2437359664//3316625, -2391430406//3316625, 82729746//663325, -32547248//153075, 440438503//1989975, -121601162//663325, 95826556//765375, -674712037//9949875, 63711266//3316625, 109461178//9949875, -247049927//9949875, 117630381//3316625, -228183118//9949875, 69522724//3316625, -147998278//9949875]
2; 11; 5; 12; 2; 1; 1; 5; 1; 1; [-83419//63375, -36407//21125, -10408//63375, 30731//4225, 24562//2535, 91469//12675, -457409//63375, -1679489//63375, -1715968//63375, -1786//507, 9784//845, -385082//12675, -1027423//12675, -670092//21125, -1126789//63375, 1136263//63375, -93071//975, -2313248//12675, -1332024//4225, 1509889//63375, 4488143//4875, 86235068//63375, 1650022//2535, -107058//845, -198164//975, 1477799//4225, -23682793//63375, 19613608//63375, -4493952//21125, 1409731//12675, -561493//12675, -15970//507, 2905352//63375, -216831//21125, 6822694//63375, -3418//845, 7078//507, -215458//12675, 64791//4225, -729083//63375, 146486//21125, -368//125, -239//12675, 18698//12675, -10838//4225, 142762//63375, -61538//63375, 11218//4875]
2; 11; 5; 12; 11; 1; 1; 6; 1; 1; [-6591449//3316625, -1734372//255125, -7001822//663325, -33132221//3316625, -11596602//3316625, 45833709//3316625, 57734309//3316625, 75448689//3316625, 255147//21125, 15954564//663325, 30606591//663325, 58317867//663325, 28679667//663325, 212028769//3316625, 26862662//255125, 27378356//132665, 604635906//3316625, -93556923//3316625, -2261864879//3316625, -3335109199//3316625, -4552590074//3316625, -1947180979//3316625, -109724601//663325, 165545971//663325, -160564873//663325, 131988547//663325, -421493313//3316625, 233419583//3316625, -3986871//663325, -28334272//3316625, 102584816//3316625, -218022992//3316625, -314223//19625, -274857722//3316625, -50109607//3316625, -7576429//663325, 6618194//663325, -4671847//663325, 2735388//663325, -4881483//3316625, -560777//3316625, 943298//663325, -4703812//3316625, 4752626//3316625, -5592672//3316625, -45129//255125, -4897522//3316625, -9358//19625]
2; 11; 5; 12; 6; 1; 1; 5; 1; 1; [-1519054//765375, -1569539//765375, 5630693//765375, 15780758//765375, 2975186//153075, 5807903//765375, -181501//19625, -28896196//765375, -32242546//765375, 953248//153075, 342052//51025, -13830881//153075, -21304174//153075, 2056429//765375, 19150903//255125, -87137623//765375, -268640293//765375, -59136178//153075, -110623//375, 461945219//765375, 1769211056//765375, 1980214051//765375, 108043183//153075, -50640869//153075, 6856879//153075, 18107251//153075, -153695743//765375, 160206257//765375, -44303358//255125, 74890201//765375, -788109//10205, 2495186//765375, 9946389//255125, 20139401//255125, 37287541//255125, 1047467//153075, 456214//153075, -1250159//153075, 477473//51025, -6447173//765375, 4768337//765375, -2865404//765375, 894581//765375, -37931//153075, -933674//765375, 1383602//765375, 190646//255125, 806181//255125]
2; 11; 5; 12; 8; 1; 1; 6; 1; 1; [-3473332//3316625, -6703641//3316625, -8868668//3316625, -9147701//3316625, -5585856//3316625, -5512302//3316625, -94753//132665, -3924742//3316625, -10195288//3316625, -4824962//663325, -1381362//663325, -1649861//663325, -805548//132665, 121245377//3316625, 219641441//3316625, 22856096//255125, 139075296//3316625, -183456914//3316625, -167385563//3316625, -34997893//663325, 190573917//3316625, 384431248//3316625, 252918643//663325, -28202077//663325, -108098431//663325, 33151744//132665, -829905499//3316625, 685078053//3316625, -436389901//3316625, 237267328//3316625, -66922997//3316625, -60504099//3316625, 19884567//663325, -109287939//3316625, 118395564//3316625, -2813513//663325, 6762952//663325, -7737519//663325, 104343//10205, -24421979//3316625, 14450633//3316625, -5256596//3316625, -531732//3316625, 3944873//3316625, -5444509//3316625, 962308//663325, -3628604//3316625, 2698559//3316625]
2; 11; 5; 12; 10; 1; 1; 5; 1; 1; [24417662//3316625, 4613004//3316625, -20304788//3316625, -28822083//3316625, -3437472//255125, -50459806//3316625, 41666498//3316625, 19885859//663325, -29795208//3316625, -1045438//51025, 12859701//663325, 30026933//663325, 59904469//663325, -459711672//3316625, 218245156//3316625, 103288278//3316625, 496788978//3316625, 2150021006//3316625, 13937518//21125, -2230959278//3316625, -782595284//663325, -1997345687//3316625, -761692474//663325, -258610884//663325, 802256943//663325, -955930206//663325, 4291815794//3316625, -3179243572//3316625, 1916927444//3316625, -773787366//3316625, 89800008//3316625, 572110243//3316625, -751642864//3316625, 89800673//663325, -580007981//3316625, 28391049//663325, -41928336//663325, 41613382//663325, -33189339//663325, 109028554//3316625, -54837387//3316625, 12749804//3316625, 14843109//3316625, -25482202//3316625, 31331533//3316625, -26842644//3316625, 2816368//663325, -11356626//3316625]
2; 11; 5; 12; 3; 1; 1; 4; 1; 1; [216737819687//36730123625, 2579172284177//110190370875, 280373430154//7346024725, 1736024023399//36730123625, 2044010513596//110190370875, -122158307462//4407614835, -6080350094357//110190370875, -9317295119746//110190370875, -175448594062//2825394125, -664714569676//7346024725, -1541275506558//7346024725, -6229634527592//22038074175, -2163735847634//7346024725, -27754476010406//110190370875, -1226765013543//2825394125, -16368957773851//22038074175, -8970216818579//8476182375, -5980804363631//110190370875, 11849643363424//7346024725, 397398291816857//110190370875, 559531174569236//110190370875, 118128751257351//36730123625, 819842051188//565078825, -215678228924//22038074175, -6297639730844//7346024725, 25483941814258//22038074175, -125716775000333//110190370875, 31781895189378//36730123625, -886496408032//1469204945, 8341291190523//36730123625, -1931968293876//36730123625, -126674932756//7346024725, 11664316799052//36730123625, 7598763440758//110190370875, 10257237038793//36730123625, -564119334652//22038074175, 1076433015644//22038074175, -1174940513468//22038074175, 328961999014//7346024725, -3499674199573//110190370875, 630457243133//36730123625, -145526474482//22038074175, -311150121481//110190370875, 669449834387//110190370875, -10148660444//1695236475, 1071588015991//110190370875, -64618985492//110190370875, 629156462624//110190370875]
2; 11; 5; 12; 2; 1; 1; 2; 1; 1; [8280289//9949875, 21498898//9949875, 3527581//3316625, 2021134//3316625, 12940448//9949875, 334238//132665, -15169462//3316625, -49390201//9949875, -97014277//9949875, -68678//30615, -1536371//132665, -6198811//397995, -37716992//1989975, -159036874//9949875, -765365218//9949875, -96263941//3316625, 64896096//3316625, 681704687//9949875, -9640364//1989975, 1942547006//9949875, 812915742//3316625, 1290138364//3316625, 18722134//397995, -4200308//397995, -1882787//132665, 47050988//1989975, -266903747//9949875, 183397096//9949875, -164301799//9949875, 91579624//9949875, 1343392//3316625, -2626394//1989975, 118716608//9949875, 74323133//9949875, 207650156//9949875, -98407//397995, 125896//132665, -159038//132665, 708964//663325, -8236447//9949875, 1431832//3316625, -2397554//9949875, 270134//9949875, 1685941//9949875, -108822//663325, 1073616//3316625, 281896//3316625, 4116161//9949875]
2; 11; 5; 12; 4; 1; 1; 7; 1; 1; [-1504082//9949875, -5300122//9949875, -1103222//3316625, 13287707//9949875, -4982792//9949875, -23256091//9949875, 55782067//9949875, 88783534//9949875, 4429254//255125, 9595444//1989975, 521704//663325, 4085668//153075, -60616//1989975, 323857562//9949875, 64694534//3316625, 97110842//3316625, -587141657//9949875, -80073566//765375, 564800336//9949875, -553359609//3316625, -1525049129//9949875, -5568854771//9949875, -523795826//1989975, 674880542//1989975, -627713596//1989975, 480776204//1989975, -1484918414//9949875, 689627506//9949875, -58873912//9949875, -322142581//9949875, 31077947//765375, -427555352//9949875, 290357554//9949875, -312330392//9949875, -127932113//9949875, -29960474//1989975, 1902536//153075, -5600798//663325, 2990202//663325, -994078//765375, -7599944//9949875, 18668548//9949875, -21501241//9949875, 17497396//9949875, -4261554//3316625, 6278539//9949875, -4261472//9949875, -5136938//9949875]
2; 11; 5; 12; 9; 1; 1; 9; 1; 1; [2615090038//19405572875, 17515537982//19405572875, 2242649776//1492736375, 18638229196//19405572875, -21920451698//19405572875, -64615839896//19405572875, -82593880799//19405572875, -33339799656//3881114575, -220517756167//19405572875, -34360704048//3881114575, -33656678814//3881114575, -33369121996//3881114575, 64056143//298547275, 1412775687//19405572875, -382162012972//19405572875, -826353760623//19405572875, 60274465904//19405572875, 2160442631448//19405572875, 3659376175781//19405572875, 3858259090669//19405572875, 1198643651817//3881114575, 6332829628677//19405572875, 369153461007//3881114575, -227832599409//3881114575, 96628443714//3881114575, -4456934181//3881114575, -253747054004//19405572875, 347217051879//19405572875, -394930159939//19405572875, 286072388582//19405572875, -6691393682//1492736375, 257232629753//19405572875, 155514406637//19405572875, 49044387479//3881114575, 334768099121//19405572875, 6600408153//3881114575, -1753452126//3881114575, -114608813//298547275, 3026092176//3881114575, -16704395794//19405572875, 14024307899//19405572875, -10880695084//19405572875, 5806874277//19405572875, -16807777//1492736375, 2641822913//19405572875, 5166444067//19405572875, 563014022//3881114575, 7524940636//19405572875]
2; 11; 5; 12; 11; 1; 1; 4; 1; 1; [-518733729097//477491607125, -901732971116//477491607125, -720586822733//477491607125, -3659648333131//477491607125, -313135796814//95498321425, -921522727758//477491607125, -591287444796//477491607125, 6035953804383//477491607125, 2332355268364//477491607125, 1138179144846//95498321425, 342557253771//19099664285, 24746934016//95498321425, 4201015520489//95498321425, 25310502626802//477491607125, 11148514803086//477491607125, 16821994801958//477491607125, 80463458229861//477491607125, -4504885171464//95498321425, 17227482848918//477491607125, -91423952770324//477491607125, -294706330668888//477491607125, -154907519881984//477491607125, -69152235801624//95498321425, -162885450864//3819932857, 45934015404066//95498321425, -61011676857111//95498321425, 291568631832531//477491607125, -223996378664152//477491607125, 143026590116139//477491607125, -4846463122569//36730123625, 1735026522504//95498321425, 26061620068849//477491607125, -44778176494502//477491607125, 28247312579281//477491607125, -41029915659582//477491607125, 1456434477714//95498321425, -518375667434//19099664285, 2746318314104//95498321425, -2293780461909//95498321425, 7955733832881//477491607125, -4307918720237//477491607125, 1386322436754//477491607125, 675982809023//477491607125, -66267287568//19099664285, 1929939405569//477491607125, -1779446711957//477491607125, 992310950926//477491607125, -867300278812//477491607125]
2; 11; 5; 12; 3; 1; 1; 3; 1; 1; [-66620457854719//243332727542125, -167978716679107//243332727542125, -646051419852613//729998182626375, 94069606269806//729998182626375, 201496883913488//729998182626375, 59018763459544//48666545508425, 535001352936714//243332727542125, 214011594583454//145999636525275, 3091153964440001//729998182626375, 261239763781856//145999636525275, 91917397946819//48666545508425, 1082978887324879//145999636525275, 53596888844144//9733309101685, 6415176087058927//729998182626375, 17856999187395041//729998182626375, 5970658098313001//243332727542125, -8380962121779101//729998182626375, -29711438821658458//729998182626375, -3308443478451893//29199927305055, -86651844142025792//729998182626375, -4478823975037469//48666545508425, -138464596620493451//729998182626375, 212720125648661//145999636525275, 3324097989562267//145999636525275, -357987911683327//11230741271175, 925245291066992//29199927305055, -17836621860103624//729998182626375, 12586994776501013//729998182626375, -4972503700255756//729998182626375, 263989170105269//243332727542125, 390890335428601//729998182626375, -1366373144912374//145999636525275, -661501238809661//729998182626375, -76967994533517//9733309101685, -1463334825039911//243332727542125, -195524501641996//145999636525275, 215089407839288//145999636525275, -182953627185239//145999636525275, 8704681387261//9733309101685, -360009857807204//729998182626375, 144308360842753//729998182626375, 16280104859218//243332727542125, -128517053171783//729998182626375, 123234025111601//729998182626375, -13731506118766//48666545508425, 9027886794493//243332727542125, -23769156812444//145999636525275, -2357382546192//18717902118625]
2; 11; 5; 12; 6; 1; 1; 2; 1; 1; [-686759//765375, 60104//51025, -149086//255125, -1888688//765375, 858472//765375, 1025938//255125, -682952//153075, -234044//255125, 4668997//765375, -284488//153075, 41424//51025, 307616//30615, -359669//30615, 10654363//255125, -3837092//153075, -560843//19625, 51880763//765375, 17741228//765375, -126360769//765375, 4747376//153075, 35833254//255125, -10907614//58875, 980747//153075, 6112159//51025, -79672//471, 1681974//10205, -32811216//255125, 12792869//153075, -10925957//255125, 8724479//765375, 10434874//765375, -22766867//765375, 763403//30615, -10171939//765375, 1315638//255125, -360564//51025, 395136//51025, -202439//30615, 47584//10205, -660996//255125, 46053//51025, 56438//255125, -208877//255125, 835189//765375, -854077//765375, 38494//51025, -246364//765375, 23624//765375]
2; 11; 5; 12; 5; 1; 1; 5; 1; 1; [17836//19625, 1137827//58875, 26166737//765375, 1338301//51025, -162314//255125, -17258444//765375, -14059648//255125, -16174228//255125, -933587//765375, -4849564//153075, -10040453//51025, -6930128//30615, -293458//2355, 22615616//765375, -318347561//765375, -530717632//765375, -25734909//51025, -7610476//255125, 6328912//4875, 2613776144//765375, 2660224154//765375, 548092517//765375, -71051974//153075, 114555596//153075, -24194926//30615, 19437571//30615, -331225712//765375, 53666494//255125, -74090591//765375, -10019713//153075, 73158691//765375, -38800358//765375, 191404502//765375, 68105992//765375, 18341667//255125, -5489771//153075, 4870694//153075, -55772//2355, 141328//10205, -4332622//765375, -447728//765375, 771938//255125, -162583//30615, 3543616//765375, -1916968//765375, 1331449//255125, 479874//255125, 15359//19625]
2; 11; 5; 12; 2; 1; 1; 10; 1; 1; [21195923//27483625, 110544502//82450875, 143372927//82450875, 16685621//82450875, -173747552//82450875, -4867017//5496725, -7889737//16490175, -695052121//82450875, -322865467//27483625, -30512914//16490175, -20411699//5496725, -300562321//16490175, -37252408//3298035, -1346851219//82450875, -976571494//27483625, -5199541192//82450875, 1986197414//82450875, 11771793577//82450875, 1384452943//16490175, 770907871//16490175, 6898627352//27483625, 21881692186//82450875, -156237949//16490175, -1325894077//16490175, 1908689509//16490175, -380448524//3298035, 191568657//2114125, -1688478007//27483625, 2221545094//82450875, -149561886//27483625, -147703384//82450875, 4828913//253695, -719477//50739, 159207656//6342375, 205105018//82450875, 79491979//16490175, -88409408//16490175, 75931841//16490175, -724831//219869, 50988701//27483625, -19520432//27483625, -5436112//27483625, 16891814//27483625, -50887874//82450875, 4124607//5496725, -7762388//16490175, 14503396//27483625, 7415428//82450875]
2; 11; 5; 12; 4; 1; 1; 12; 1; 1; [-348580814//370807125, 769206638//370807125, 1990108099//370807125, 1274541092//123602375, 3849038822//370807125, 283005829//370807125, -4821097196//370807125, -4562290216//370807125, -9553572//1901575, -1272101014//74161425, -123531307//4944095, -58871258//1901575, -4957414156//74161425, -8547202421//370807125, -23908104268//370807125, -8769069238//123602375, -29354141827//123602375, -8808835799//28523625, 13190143727//123602375, 252367215316//370807125, 307292283206//370807125, 3384530687//4944095, 42943018121//74161425, -36844721//2966457, -23914573612//74161425, 33236714149//74161425, -54317516566//123602375, 126896583991//370807125, -28010220494//123602375, 36410484137//370807125, -1003079807//28523625, -3599633724//123602375, 33428236063//370807125, -9227839757//370807125, 2052209767//24720475, -707196286//74161425, 7154886//380315, -1526311453//74161425, 431905967//24720475, -117506472//9507875, 847222537//123602375, -913832222//370807125, -328777433//370807125, 770679454//370807125, -1021930012//370807125, 1173261803//370807125, -450676082//370807125, 129669517//74161425]
2; 11; 5; 12; 10; 1; 1; 2; 1; 1; [5899479//3316625, 4708157//663325, 17670358//3316625, 6170027//3316625, 15744706//3316625, 3979762//663325, -11687317//3316625, -74139004//3316625, -100268648//3316625, -18888364//663325, -14575887//663325, -37804317//663325, -36242032//663325, -140757889//3316625, -143281883//663325, -43026671//255125, 98784828//3316625, 33387558//255125, 99162183//663325, 1034202157//3316625, 2670168639//3316625, 4038337788//3316625, 672567551//663325, -187563457//663325, -133920637//663325, 289989803//663325, -1641873992//3316625, 277151633//663325, -1039713429//3316625, 585678214//3316625, -196246588//3316625, -3221466//663325, 225575451//3316625, -104136033//3316625, 390996874//3316625, -986471//663325, 10942062//663325, -14639483//663325, 13837197//663325, -53737042//3316625, 1334997//132665, -16411864//3316625, 2414044//3316625, 6395637//3316625, -1855096//663325, 10814756//3316625, -5839958//3316625, 8932659//3316625]
2; 11; 5; 12; 2; 1; 1; 8; 1; 1; [19403149//9949875, 31202393//9949875, 1191467//397995, 2649489//3316625, -3106882//3316625, -156575//79599, -14182174//1989975, -37042412//3316625, -81676354//9949875, -6344826//663325, -11244362//663325, -19711552//663325, 1412833//1989975, -108697808//3316625, -636107203//9949875, -154870292//1989975, 39883206//3316625, 983813606//9949875, 276664784//1989975, 604240396//1989975, 1452380337//3316625, 3609487324//9949875, 24141554//663325, -133613222//663325, 39058618//153075, -158318149//663325, 1792415083//9949875, -384131968//3316625, 7253101//153075, -14559292//3316625, -60537599//3316625, 80879024//1989975, -41004406//1989975, 157505046//3316625, -6282566//3316625, 7291796//663325, -22649074//1989975, 6187802//663325, -4213821//663325, 33219713//9949875, -10228024//9949875, -1340738//1989975, 4697223//3316625, -15025912//9949875, 3006116//1989975, -98452//132665, 243162//255125, 895432//9949875]
2; 11; 5; 12; 8; 1; 1; 4; 1; 1; [-619210571821//477491607125, -77833668868//95498321425, -695978456359//477491607125, -22424289006//19099664285, -194894606072//95498321425, 1698701223276//477491607125, 388001283416//477491607125, -249251951324//477491607125, 13246172092//7346024725, 3000992810//293840989, 147496291848//19099664285, 642274500229//95498321425, 667592573061//95498321425, 21178369209466//477491607125, 73926219964//19099664285, 18623427636649//477491607125, 557474893994//19099664285, 454089368536//19099664285, -63011701700536//477491607125, -4472272864122//36730123625, -21594021520161//477491607125, -14893188645116//95498321425, 443489667118//19099664285, -46514685644//3819932857, 423838500279//95498321425, 178191360406//95498321425, -1211401031337//477491607125, 532222058636//95498321425, -1463616745013//477491607125, 93262910554//19099664285, -99721624891//95498321425, -2438373074418//477491607125, -2622019127998//477491607125, -1235209462768//477491607125, -604556898748//95498321425, 6425232469//19099664285, -257288072//19099664285, -14969834474//95498321425, 23173549869//95498321425, -93365273997//477491607125, 18066800542//95498321425, -42233180698//477491607125, 1637503914//19099664285, 663249188//95498321425, -61828435478//477491607125, -34886934613//477491607125, -34238016728//477491607125, -10054945008//95498321425]
2; 11; 5; 12; 11; 1; 1; 3; 1; 1; [-5139529887332426//3163325458047625, -404110437314586//632665091609525, -776018575783//126533018321905, -2784171241621492//3163325458047625, -5119636279390948//3163325458047625, -3867178038290692//3163325458047625, 48830276963504//48666545508425, 12502658667614431//3163325458047625, 10913485924654681//3163325458047625, -1988867466454632//632665091609525, -1501885113581208//632665091609525, 523182612180378//126533018321905, 6896945130803447//632665091609525, 158441180331343206//3163325458047625, -1656649092671618//126533018321905, -4992075320399627//632665091609525, 86547356203504187//3163325458047625, 68723433503215523//3163325458047625, -74431150027191518//3163325458047625, -63558883008347572//632665091609525, -37244127388889542//243332727542125, -121254029656791656//3163325458047625, 107988149593864608//632665091609525, 35047258678434252//632665091609525, -22254393292534478//126533018321905, 134184034875095892//632665091609525, -596383605076404987//3163325458047625, 89059901164027912//632665091609525, -53985065008629017//632665091609525, 116502414006131531//3163325458047625, 3295179078318509//3163325458047625, -68985204304767749//3163325458047625, 15275493509812084//632665091609525, -109544161169766163//3163325458047625, 63106671516560852//3163325458047625, -3936827554496238//632665091609525, 5848071181223628//632665091609525, -1162663949633376//126533018321905, 4663069341828003//632665091609525, -15227556261599067//3163325458047625, 1543741192514424//632665091609525, -367690249963238//632665091609525, -1912151309583374//3163325458047625, 3864630467346849//3163325458047625, -321583212148463//243332727542125, 644085177425804//632665091609525, -219906150097476//243332727542125, 1254372335235347//3163325458047625]
2; 11; 5; 12; 6; 1; 1; 10; 1; 1; [10147307//6342375, -23686124//6342375, -9427304//1268475, -108463808//6342375, -46390332//2114125, -8763032//2114125, 129030649//6342375, 10344539//487875, 124349876//6342375, 1151618//32525, 3051434//84565, 74483806//1268475, 202206154//1268475, 179424816//2114125, 880549064//6342375, 2428467//32525, 2694209123//6342375, 3865327046//6342375, 86653526//6342375, -5305309729//6342375, -8194612682//6342375, -862453597//487875, -676667426//422825, 10801008//84565, 320616802//422825, -470368502//422825, 2358646908//2114125, -5601983368//6342375, 57539342//97575, -1751444821//6342375, 203511681//2114125, 489045223//6342375, -1164974972//6342375, 627502769//6342375, -1354115543//6342375, 8806191//422825, -11680636//253695, 65680364//1268475, -18920718//422825, 68060768//2114125, -116071028//6342375, 8778638//1268475, 3306038//2114125, -32492302//6342375, 45228593//6342375, -15426319//2114125, 24590884//6342375, -29085878//6342375]
2; 11; 5; 12; 7; 1; 1; 5; 1; 1; [59930557//3316625, 104914129//3316625, 95406173//3316625, -28747824//3316625, -166779762//3316625, -263177243//3316625, -35217779//663325, 42211138//3316625, 45005184//3316625, -70682842//663325, -164062071//663325, -105423447//663325, 10230296//51025, -737729372//3316625, -125998763//255125, -2448962138//3316625, 413386264//3316625, 5587863287//3316625, 78218344//21125, 2328990291//663325, 31703937//3316625, -10340129779//3316625, -2169053422//663325, -77045846//663325, 1349293993//663325, -1828778927//663325, 8740030879//3316625, -6897250172//3316625, 4243224751//3316625, -2049355818//3316625, 588850571//3316625, 1292585834//3316625, -137370596//663325, 1255670096//3316625, -1500153067//3316625, 41992112//663325, -77516174//663325, 6357404//51025, -69535188//663325, 241423649//3316625, -134396512//3316625, 41527166//3316625, 17170922//3316625, -43844069//3316625, 68062494//3316625, -1661758//132665, 37905706//3316625, -31387972//3316625]
2; 11; 5; 12; 6; 1; 1; 8; 1; 1; [705752//765375, 84196//58875, 1625401//765375, 1782793//765375, 1869134//765375, 983717//153075, 961201//153075, 1845724//255125, 6201638//765375, 1273744//153075, -248754//51025, -1090112//153075, 601604//30615, -3897774//255125, -26075638//765375, -20891137//255125, -58512943//765375, -26990419//765375, -5467634//51025, -19643989//153075, -14259304//255125, -21908706//255125, -38403986//153075, -4203504//51025, 39701918//153075, -3174097//10205, 1367377//4875, -160586224//765375, 92945507//765375, -42739069//765375, -1330282//765375, 3941024//153075, -7366526//153075, 29294884//765375, -27443284//765375, 468707//51025, -2087278//153075, 2072912//153075, -110518//10205, 5465519//765375, -214193//58875, 592172//765375, 219897//255125, -460319//255125, 93208//51025, -3544//2041, 834754//765375, -540314//765375]
2; 11; 5; 12; 10; 1; 1; 10; 1; 1; [122901769//27483625, -41759529//27483625, 205722909//27483625, 608282772//27483625, 380165406//27483625, -1269494//162625, -286951281//27483625, -547335876//27483625, -1587547153//27483625, -101037386//5496725, 117255573//5496725, -603531601//5496725, -726955523//5496725, -5185928374//27483625, 3243507819//27483625, -5372759409//27483625, -11762331042//27483625, -2541592656//27483625, 5946836126//27483625, 11399522521//27483625, 46913406026//27483625, 72332596108//27483625, -318529346//5496725, -6051109162//5496725, 8542454979//5496725, -8384110393//5496725, 32709938168//27483625, -21230583028//27483625, 10230873353//27483625, -2625402596//27483625, -3300671723//27483625, 5895382578//27483625, -5425013712//27483625, 7086545858//27483625, -143453046//27483625, 356970436//5496725, -391035318//5496725, 333821396//5496725, -236507247//5496725, 658211758//27483625, -230025613//27483625, -66994592//27483625, 1251686//162625, -272836178//27483625, 251224728//27483625, -173966912//27483625, 151553938//27483625, 14096759//27483625]
2; 11; 5; 12; 8; 1; 1; 3; 1; 1; [-2066534533372258//3163325458047625, -1885178161598204//3163325458047625, -883054492465286//3163325458047625, -3585541330731002//3163325458047625, -2515330329957472//3163325458047625, -472089810102484//632665091609525, 2032862163082314//3163325458047625, -992738909426873//632665091609525, 12545367304074687//3163325458047625, 2241500994124034//632665091609525, 289743232392867//48666545508425, 3052032178232173//632665091609525, 1759361294822103//632665091609525, 74473651124581253//3163325458047625, 66640199812943544//3163325458047625, 75273756275009961//3163325458047625, 75506729360310842//3163325458047625, 3015332040625212//3163325458047625, -2123711595592357//632665091609525, -42402719817616864//3163325458047625, 2458358092511046//632665091609525, -45061379607612709//243332727542125, -1968001799971471//632665091609525, -17334035386057279//632665091609525, 25582087874075783//632665091609525, -24992527589638402//632665091609525, 103107136779091084//3163325458047625, -62303084974836003//3163325458047625, 35960540804682613//3163325458047625, -3722516258588094//3163325458047625, -52461736351011//18717902118625, 3228655829156801//632665091609525, -19711636996062487//3163325458047625, 3109295991472042//632665091609525, -36962913434891551//3163325458047625, 6238508427049//3743580423725, -1166448414014776//632665091609525, 1011343032225867//632665091609525, -716267082454908//632665091609525, 2104913246477384//3163325458047625, -685948981459413//3163325458047625, -92218266402282//3163325458047625, 712740677841461//3163325458047625, -804051464387479//3163325458047625, 146374187576323//632665091609525, -593795946238707//3163325458047625, 70517194129116//632665091609525, -650310634817276//3163325458047625]
2; 11; 5; 12; 10; 1; 1; 8; 1; 1; [-2077349//3316625, 211292//3316625, -17592//3316625, 785309//3316625, 1372074//663325, 12802527//3316625, 882824//3316625, -8529908//3316625, 105747//132665, -104166//51025, -195867//132665, 2506116//663325, -7808084//663325, 30152454//3316625, -101187722//3316625, 46619892//3316625, -11234229//3316625, -47998986//663325, -332970132//3316625, 1877892//255125, 133634633//3316625, 52581657//663325, 230983902//663325, 2366094//132665, -150497034//663325, 201328731//663325, -957870678//3316625, 738272134//3316625, -469630014//3316625, 221427633//3316625, -8859309//663325, -97687596//3316625, 134894328//3316625, -131259486//3316625, 24877077//663325, -4745472//663325, 2174//169, -9061146//663325, 7589424//663325, -26257668//3316625, 14258159//3316625, -4563054//3316625, -1964947//3316625, 207024//132665, -6600996//3316625, 5643493//3316625, -308042//255125, 532713//663325]
2; 11; 5; 12; 5; 1; 1; 2; 1; 1; [305078//255125, 405152//765375, -33122//153075, 85883//153075, 1796674//765375, 2150371//765375, -899138//765375, -2254974//255125, -6551044//765375, 606562//153075, -160438//51025, -275158//11775, -557104//153075, -22811654//765375, -10765702//765375, -1880833//153075, 1261891//51025, 15674606//765375, -73596086//765375, -15365242//765375, 274657372//765375, 346102624//765375, -14226848//153075, -21383924//153075, 37699456//153075, -40053749//153075, 166211333//765375, -8913932//58875, 12452456//153075, -3790193//153075, -2754629//255125, 20590892//765375, -9540042//255125, 12408442//255125, -806706//255125, 1490648//153075, -140242//11775, 551968//51025, -413162//51025, 3743203//765375, -540892//255125, 8296//153075, 35381//30615, -406014//255125, 379364//255125, -961301//765375, 65422//58875, -2136//255125]
2; 11; 5; 12; 7; 1; 1; 2; 1; 1; [-709473//663325, -2233391//3316625, 4057317//3316625, 2308922//663325, 6331266//3316625, -1330117//663325, -1355114//663325, 1691962//663325, 9313518//3316625, -11792//10205, 856626//663325, -255239//663325, -630932//26533, 9291708//663325, 4548857//255125, -25626277//3316625, -62335396//663325, -400648111//3316625, 2065116//132665, 1532436//10205, 8938783//132665, 65514//255125, 15181264//132665, 45532386//663325, -107112179//663325, 24237987//132665, -106209541//663325, 387088628//3316625, -223926971//3316625, 2846014//132665, -6891423//3316625, -12553126//663325, 21238818//663325, -13580704//663325, 59500656//3316625, -794829//132665, 5418974//663325, -5196436//663325, 807276//132665, -198707//51025, 6234058//3316625, -1062236//3316625, -483332//663325, 3239537//3316625, -733482//663325, 697166//663325, -378498//663325, 1107816//3316625]
2; 11; 5; 12; 5; 1; 1; 10; 1; 1; [-33335579//6342375, 2424104//487875, 40340576//6342375, -28685222//6342375, -1891636//2114125, 16229914//2114125, -19594717//1268475, -36092366//6342375, 298560862//6342375, 5961092//1268475, -5909953//84565, 667608//422825, 1576469//97575, 1049021684//6342375, -399683684//2114125, -249498176//6342375, 182227744//2114125, -57399808//162625, -795809122//6342375, 395082503//422825, 389200321//6342375, -7786465127//6342375, 667686602//1268475, 234391774//253695, -672021692//422825, 2110190792//1268475, -8703990713//6342375, 5941323334//6342375, -3232683058//6342375, 1004326036//6342375, 412700644//6342375, -1316814466//6342375, 348721718//1268475, -1281514892//6342375, 589659839//6342375, -79968872//1268475, 6420836//84565, -6695738//97575, 21531501//422825, -193524553//6342375, 80728849//6342375, -534788//6342375, -1193916//162625, 63406774//6342375, -21275922//2114125, 839753//97575, -31578572//6342375, 2926478//2114125]
2; 11; 5; 12; 4; 1; 1; 6; 1; 1; [9016973//1989975, 58981393//9949875, 25568648//3316625, 2885364//3316625, -113580698//9949875, -198847081//9949875, -6024667//397995, 2928994//663325, 203677//255125, -30227284//1989975, -7719862//132665, -2645726//153075, 28170419//663325, -83613713//1989975, -285385601//3316625, -1459875739//9949875, -103147934//3316625, 121103797//255125, 8494133801//9949875, 2048835739//1989975, -68830928//1989975, -7175887793//9949875, -2489543959//1989975, 141163309//397995, 458541812//1989975, -1046269033//1989975, 394432067//663325, -1736600243//3316625, 1216092701//3316625, -2155414796//9949875, 78663188//765375, 508559143//9949875, -35350331//1989975, 53333481//663325, -1082410889//9949875, 2369479//1989975, -201466//10205, 17616151//663325, -16800704//663325, 1003169//51025, -41861908//3316625, 57854948//9949875, -9616561//9949875, -5777962//3316625, 14095011//3316625, -5469214//1989975, 1174214//397995, -26228024//9949875]
2; 11; 5; 12; 5; 1; 1; 8; 1; 1; [169022//255125, -1051621//765375, -2133451//765375, -2205574//765375, -2979062//765375, -118529//58875, 1410907//255125, 6336763//765375, 1146694//765375, 16838//6123, 886726//51025, 2327924//153075, 4620673//153075, -997771//765375, 32821991//765375, 31459786//765375, 12039153//255125, 97303862//765375, 852617//765375, -225188401//765375, -303852203//765375, -199967624//765375, -9403373//30615, -14906287//153075, 48229054//153075, -57710647//153075, 261289442//765375, -192261637//765375, 117992018//765375, -47281823//765375, 4469696//765375, 9454977//255125, -49463023//765375, 24156506//765375, -38778082//765375, 339626//30615, -842446//51025, 2519321//153075, -671116//51025, 6658672//765375, -3337472//765375, 820678//765375, 886027//765375, -1561969//765375, 594187//255125, -568206//255125, 799946//765375, -253339//255125]
2; 11; 5; 12; 7; 1; 1; 10; 1; 1; [-406230049//27483625, -489078718//27483625, -39308056//2114125, 386839972//27483625, 311902662//5496725, 1630995872//27483625, 108615011//5496725, -281492752//27483625, -22131067//2114125, 13560228//422825, 753061848//5496725, 655259707//5496725, -1366109617//5496725, 2162725434//27483625, 4681802508//27483625, 16267994048//27483625, -9957600592//27483625, -10229343057//5496725, -68482536722//27483625, -2015649143//1099345, 3702786832//27483625, 85361771251//27483625, 21997671924//5496725, 634733838//5496725, -13571155313//5496725, 18424901463//5496725, -88422521648//27483625, 69127604834//27483625, -43298239006//27483625, 1578039158//2114125, -88955562//422825, -10480543676//27483625, 1989170128//5496725, -12482798754//27483625, 14284837023//27483625, -420645429//5496725, 779566882//5496725, -833799652//5496725, 702010467//5496725, -2444697298//27483625, 1350547919//27483625, -2545474//162625, -175412766//27483625, 89059119//5496725, -638843486//27483625, 7333232//422825, -379564054//27483625, 301143043//27483625]
2; 11; 5; 12; 9; 1; 1; 7; 1; 1; [-4267981//3316625, -1295959//663325, -7791636//3316625, -8460272//3316625, -1544666//3316625, 20933429//3316625, 334834//132665, 1000708//255125, 6658928//3316625, 2373798//132665, 12065673//663325, 1252103//51025, -4470054//663325, 60461751//3316625, 28843869//663325, 119803486//3316625, 299957322//3316625, 70096591//3316625, -1014418859//3316625, -224708618//663325, -1169629744//3316625, 180702667//3316625, -14520009//132665, 122768913//663325, -126055081//663325, 104415321//663325, -353544457//3316625, 39239387//663325, -50326687//3316625, -19317624//3316625, 81131878//3316625, -134812037//3316625, 5378057//663325, -109099047//3316625, 40727571//3316625, -1160124//132665, 401914//51025, -3833369//663325, 2296149//663325, -4703867//3316625, 6272//663325, 2991518//3316625, -3690989//3316625, 3848958//3316625, -3822047//3316625, 186573//663325, -1903562//3316625, 307891//3316625]
2; 11; 5; 12; 7; 1; 1; 8; 1; 1; [-1977164//663325, -23752223//3316625, -5561182//663325, -24501797//3316625, -4550646//663325, -2301136//3316625, 32354357//3316625, 38928979//3316625, 7799098//663325, 12402382//663325, 25387833//663325, 40077626//663325, 29173371//663325, 195466//2041, 557530013//3316625, 24553208//132665, 503988097//3316625, 14216454//663325, -1057145364//3316625, -2298110187//3316625, -2820010424//3316625, -488591586//663325, -130039418//663325, 138872858//663325, -8698088//51025, 80453081//663325, -39996022//663325, 92401924//3316625, 11871904//663325, -59790049//3316625, 19877111//663325, -133021587//3316625, -42006086//3316625, -164298577//3316625, -19222652//663325, -5691242//663325, 4273302//663325, -2542666//663325, 1124679//663325, 27556//663325, -2531241//3316625, 953738//663325, -3698789//3316625, 132676//132665, -3012407//3316625, -931311//3316625, -2612482//3316625, -480836//663325]
2; 11; 5; 12; 9; 1; 1; 12; 1; 1; [354659044//123602375, -16535804//24720475, -41673961//4944095, -2213543707//123602375, -2600099454//123602375, -186325969//24720475, 1402624884//123602375, 2559375809//123602375, 541919074//24720475, 71762806//4944095, 1025075046//24720475, 99005898//988819, 3401031938//24720475, -2775298424//123602375, -482158474//24720475, 3372654978//24720475, 60450193172//123602375, 90248463164//123602375, 8116812718//24720475, -8051464498//9507875, -231910531909//123602375, -4229483002//1901575, -5812417106//4944095, 6575435506//24720475, 1591113592//4944095, -14499868697//24720475, 78570041293//123602375, -13309210766//24720475, 9414885133//24720475, -22813946354//123602375, 12587212442//123602375, 982027211//24720475, -13928847462//123602375, 435311953//123602375, -4453646604//24720475, 26337358//4944095, -568998346//24720475, 143006206//4944095, -653488158//24720475, 2472790883//123602375, -60962193//4944095, 136986162//24720475, 6951551//123602375, -19250666//9507875, 102813833//24720475, -563179252//123602375, 179669758//123602375, -19312476//4944095]
2; 11; 5; 12; 2; 1; 1; 9; 1; 1; [19403362283//58216718625, 17408354128//58216718625, -56005145546//58216718625, -161768889701//58216718625, -48212073436//19405572875, -263287775201//58216718625, -104686945292//11643343725, -613537113749//58216718625, -270225855517//19405572875, -101197265548//11643343725, -11579051014//776222915, -81227278669//3881114575, -33878041696//11643343725, -700492071688//58216718625, -443979026796//19405572875, 455046992172//19405572875, 4724618868856//58216718625, 5113052746103//58216718625, 7010675143396//58216718625, 391199770876//2328668745, 13597568176519//58216718625, 15739118466536//58216718625, -1398497242318//11643343725, -79444606994//2328668745, 34297299737//298547275, -1643116792546//11643343725, 7419597453781//58216718625, -1871088851078//19405572875, 3425139553588//58216718625, -1219027431412//58216718625, 263439001084//58216718625, 1106067345628//58216718625, -44440517742//3881114575, 43489698133//1492736375, -136811471332//58216718625, 46977404728//11643343725, -14319236164//2328668745, 71408569792//11643343725, -19240100058//3881114575, 190944814301//58216718625, -32965769543//19405572875, 8442239876//19405572875, 27350634133//58216718625, -13980763747//19405572875, 56595960518//58216718625, -6962749082//11643343725, 14017040764//19405572875, -3583797947//58216718625]
2; 11; 5; 12; 4; 1; 1; 4; 1; 1; [139620545618//110190370875, 494981026676//110190370875, 856157393057//110190370875, 906620076634//110190370875, 137289618144//36730123625, -619663396177//110190370875, -804863216699//110190370875, -1955328326512//110190370875, -1305319928569//110190370875, -144713502276//7346024725, -273373272199//7346024725, -202693427854//4407614835, -85859841103//1469204945, -1715547422306//36730123625, -8410046316236//110190370875, -19659575518412//110190370875, -19330197316289//110190370875, -57550125283//2825394125, 11767234473934//36730123625, 69738876607189//110190370875, 100090986469612//110190370875, 73927122583279//110190370875, 220270018168//565078825, 232167209236//7346024725, -1212355988098//4407614835, 523135274486//1469204945, -37505862471769//110190370875, 28283748327532//110190370875, -6315175092737//36730123625, 7480806038323//110190370875, -397288791662//36730123625, -1744436222284//110190370875, 8422478691782//110190370875, -812817082604//110190370875, 2566213634679//36730123625, -64691831014//7346024725, 335616971672//22038074175, -70828730408//4407614835, 3904723165//293840989, -1014110746109//110190370875, 537650266847//110190370875, -61681120212//36730123625, -99956620312//110190370875, 70427865763//36730123625, -5555749666//2825394125, 277590339022//110190370875, -24360863048//36730123625, 156202426987//110190370875]
2; 11; 5; 12; 6; 1; 1; 9; 1; 1; [2727732987//1492736375, 1945547098//4478209125, -13264915979//4478209125, -31495146977//4478209125, -37810559876//4478209125, -31770145603//4478209125, 36990688//114825875, 33782519549//4478209125, 7492215214//895641825, 821305088//179128365, 2072785737//298547275, 7035048924//298547275, 19099420741//298547275, 26697981338//1492736375, 311943111602//4478209125, 593534794999//4478209125, 376164666164//1492736375, 1497925052891//4478209125, 1233252725108//4478209125, -31840720282//4478209125, -1249504800974//4478209125, -8778959443//22965175, -12525234740//35825673, -809991376//22965175, 75677095344//298547275, -97329399364//298547275, 1387036616987//4478209125, -1046427868084//4478209125, 692290534327//4478209125, -84835150448//1492736375, 104765095798//4478209125, 60761220343//1492736375, -197910358406//4478209125, 10927802791//344477625, -9545343031//179128365, 490165386//59709455, -4186006972//298547275, 4383069616//298547275, -3613634211//298547275, 37347669907//4478209125, -19743171524//4478209125, 6569975182//4478209125, 4187645911//4478209125, -6704045027//4478209125, 10239601709//4478209125, -8111716091//4478209125, 1598033396//1492736375, -977314144//895641825]
2; 11; 5; 12; 3; 1; 1; 5; 1; 1; [-260841569//9949875, -489058823//9949875, -486973168//9949875, 81589619//9949875, 790295344//9949875, 384492271//3316625, 969523388//9949875, 243412781//9949875, -46103//3925, 324712744//1989975, 265692939//663325, 43805152//153075, -538811843//1989975, 2681191679//9949875, 2676444941//3316625, 11566761733//9949875, -2025455929//9949875, -690947901//255125, -351596629//63375, -59464104538//9949875, -5527317442//3316625, 8765708134//1989975, 9550701679//1989975, -585557983//1989975, -4650618104//1989975, 6812856422//1989975, -33644873963//9949875, 9091668653//3316625, -17135788141//9949875, 2912893721//3316625, -245790469//765375, -4895121844//9949875, 1767844121//9949875, -5539932968//9949875, 1205169046//1989975, -130998884//1989975, 21772096//153075, -104769757//663325, 90511326//663325, -74392951//765375, 186551333//3316625, -192716306//9949875, -14044104//3316625, 50190416//3316625, -88044518//3316625, 148856431//9949875, -164676508//9949875, 5196898//397995]
2; 11; 5; 12; 10; 1; 1; 9; 1; 1; [7208922691//19405572875, 48895903243//19405572875, 504501844//155244583, 161177465478//19405572875, 158913348762//19405572875, 4273372527//776222915, -19044082217//19405572875, -274806338653//19405572875, -35966087424//3881114575, -20169303348//3881114575, -46938371484//3881114575, -12793856637//776222915, -210688820146//3881114575, -1032020153066//19405572875, -129697945601//1492736375, -277231418603//3881114575, -3134699852338//19405572875, -139328761734//1492736375, -285365857718//3881114575, 4025274196927//19405572875, 12988267934333//19405572875, 510446121308//776222915, 2437353258612//3881114575, 26846863546//3881114575, -58355687529//155244583, 1990024444219//3881114575, -9665105158828//19405572875, 7438204873936//19405572875, -976879926528//3881114575, 2171471184616//19405572875, -486443749651//19405572875, -169686198423//3881114575, 1502345208646//19405572875, -784534174521//19405572875, 342604312438//3881114575, -44492904307//3881114575, 83965050094//3881114575, -18113016752//776222915, 76385633646//3881114575, -268257350858//19405572875, 11272112822//1492736375, -10171219732//3881114575, -19824498204//19405572875, 51031157624//19405572875, -12817973437//3881114575, 59966147861//19405572875, -30680973066//19405572875, 7186893706//3881114575]
2; 11; 5; 12; 4; 1; 1; 3; 1; 1; [-272556058759589//729998182626375, -907698339900254//729998182626375, -496302618822574//729998182626375, 324789917429209//729998182626375, 1811099131514//56153706355875, 2721227799587//145999636525275, 675391761461058//243332727542125, 945476086415878//145999636525275, 862154569848554//145999636525275, 296755278206392//145999636525275, 39667195043527//9733309101685, 1911056582143069//145999636525275, 177435239088197//145999636525275, 7191640411062434//729998182626375, 1986292189175168//56153706355875, 5536977384844248//243332727542125, -1960781641803608//56153706355875, -12374026179390169//243332727542125, -3132017985391606//48666545508425, -61354778033267944//729998182626375, -9703748399176197//48666545508425, -32304826471201384//145999636525275, -6284788931486348//145999636525275, 179453654780158//2246148254235, -4124261398977277//48666545508425, 10504732467039017//145999636525275, -36182799106222868//729998182626375, 21253857333435562//729998182626375, -1953312361286396//243332727542125, -3658850624033542//729998182626375, 144286342700796//18717902118625, -2158848540922187//145999636525275, 382908208978826//56153706355875, -2461809509254232//145999636525275, -782889338220902//145999636525275, -564704702049797//145999636525275, 103891439487638//29199927305055, -129660530551688//48666545508425, 79917942450551//48666545508425, -518834784285538//729998182626375, 17811085438099//243332727542125, 275624828355242//729998182626375, -30924724093469//56153706355875, 343106472029609//729998182626375, -2706769342801//5839985461011, 47643182311636//243332727542125, -14789405614582//48666545508425, -7775264032564//48666545508425]
2; 11; 5; 12; 11; 1; 1; 5; 1; 1; [-21354761//3316625, -52888546//3316625, -104753424//3316625, -97640291//3316625, -23925394//3316625, 22736531//663325, 195935001//3316625, 167463657//3316625, 150079998//3316625, 33857736//663325, 93014601//663325, 167397301//663325, 90414079//663325, 534570461//3316625, 673977636//3316625, 2198595644//3316625, 1985505201//3316625, -3387194//19625, -533479//325, -10925911601//3316625, -857892634//255125, -6931732048//3316625, 41291751//663325, 42382787//51025, -772704939//663325, 767185499//663325, -2994228637//3316625, 1995200983//3316625, -66788301//255125, 289673563//3316625, 259681272//3316625, -151618906//663325, 47440767//3316625, -959455166//3316625, -14734//3316625, -32405171//663325, 35774834//663325, -30456351//663325, 21725436//663325, -60601607//3316625, 22281358//3316625, 7280642//3316625, -18381852//3316625, 24185877//3316625, -1086466//132665, 7510612//3316625, -19784706//3316625, -1499699//3316625]
2; 11; 5; 12; 9; 1; 1; 6; 1; 1; [-51582897//3316625, -80225571//3316625, -86364631//3316625, -3816646//3316625, 9388976//255125, 203338556//3316625, 161201069//3316625, 28746782//3316625, 22713072//3316625, 2170164//26533, 129674664//663325, 108002049//663325, -72351957//663325, 696254272//3316625, 1178693351//3316625, 2018269116//3316625, 49857471//3316625, -4635657093//3316625, -9362254036//3316625, -10237973199//3316625, -3202623562//3316625, 5422301098//3316625, 359450136//132665, 3828244//663325, -1034475461//663325, 1437309178//663325, -532763098//255125, 5506077998//3316625, -20233843//19625, 1698347843//3316625, -520123634//3316625, -979727128//3316625, 485574218//3316625, -1137240986//3316625, 1068276694//3316625, -6266882//132665, 60477256//663325, -65285074//663325, 55423947//663325, -193790114//3316625, 109109293//3316625, -35100732//3316625, -11728152//3316625, 33724761//3316625, -53357048//3316625, 32182808//3316625, -33078536//3316625, 22883144//3316625]
2; 11; 5; 12; 3; 1; 1; 2; 1; 1; [1162078//9949875, -3196511//1989975, -16205992//3316625, -67638718//9949875, -15122728//3316625, -234032//663325, 17369299//3316625, 49936399//3316625, 13273496//765375, 4919126//663325, 7530119//663325, 2211169//51025, 36110697//663325, 126666317//9949875, 60134519//1989975, 991536386//9949875, 1267255468//9949875, 17161981//255125, -96192883//1989975, -2982544847//9949875, -6958421542//9949875, -2455495441//3316625, -186722789//663325, 193032257//1989975, 63661861//1989975, -189357154//1989975, 1177381496//9949875, -69660303//663325, 276852331//3316625, -415809556//9949875, 1358563//58875, -1524242//663325, -83101917//3316625, -156519496//9949875, -487351309//9949875, -1289303//1989975, -524584//153075, 10300639//1989975, -3366552//663325, 3152932//765375, -1070564//397995, 14531528//9949875, -2173891//9949875, -2860358//9949875, 1247302//1989975, -9759536//9949875, 181084//9949875, -10593049//9949875]
2; 11; 5; 12; 8; 1; 1; 5; 1; 1; [-12753313//3316625, 2979676//663325, -2189479//663325, -32996194//3316625, -1996494//3316625, 6889344//3316625, -6278851//3316625, 16923854//3316625, 117890323//3316625, -338392//132665, -26265732//663325, 51272891//663325, 17905917//663325, 30960656//255125, -104522386//663325, 76500007//663325, 685990379//3316625, -713001041//3316625, 2318428//21125, 296943941//3316625, -2710409049//3316625, -3159562478//3316625, 22112222//132665, 583955828//663325, -872288429//663325, 872248577//663325, -3476552656//3316625, 457200132//663325, -9215261//26533, 309146937//3316625, 261623767//3316625, -552009612//3316625, 630069848//3316625, -646582002//3316625, 224153936//3316625, -7181641//132665, 40474222//663325, -35188606//663325, 25291803//663325, -72385046//3316625, 5377022//663325, 941804//663325, -21353088//3316625, 2094689//255125, -25503562//3316625, 1525921//255125, -14444882//3316625, 2725581//3316625]
2; 11; 5; 12; 5; 1; 1; 9; 1; 1; [2316065651//4478209125, 689878444//1492736375, -612800969//4478209125, 20666764//179128365, 2605996004//4478209125, 3645262877//4478209125, 1273917186//1492736375, -13849273162//4478209125, -2154294221//1492736375, 3794243158//895641825, -557294976//298547275, -3462228697//895641825, 329466408//298547275, -26027774007//1492736375, -32314166372//4478209125, 20542478539//4478209125, 17643609//298547275, -6670882384//4478209125, -156371066707//4478209125, -1981472678//4478209125, 596892009742//4478209125, -18643760614//1492736375, -135305388707//895641825, 747505923//22965175, 38035260073//895641825, -23273078142//298547275, 369340376497//4478209125, -315010529671//4478209125, 218625374722//4478209125, -7959770311//298547275, 38647054088//4478209125, 2769647243//1492736375, -44033335009//4478209125, 78957092251//4478209125, -16300161042//1492736375, 228124019//298547275, -910422244//298547275, 3382000267//895641825, -1033907373//298547275, 11588599757//4478209125, -183608784//114825875, 3127876402//4478209125, -33015127//895641825, -527678349//1492736375, 2146616729//4478209125, -2243833234//4478209125, 763621192//1492736375, -403916692//1492736375]
2; 11; 5; 12; 7; 1; 1; 9; 1; 1; [-615620546//19405572875, 4223060958//19405572875, 28086626279//19405572875, 19526544292//19405572875, -5134268766//3881114575, -51555868933//19405572875, 2394510962//19405572875, 118013621848//19405572875, 69051403869//19405572875, -793992798//155244583, -5479541037//776222915, -27626535102//3881114575, -6196189094//776222915, -133140577714//19405572875, -273338368348//19405572875, -1285622652524//19405572875, -1659230076577//19405572875, -134008169714//3881114575, 985436336998//19405572875, -113650092852//19405572875, -4620370030283//19405572875, -5202361388899//19405572875, -77474868762//776222915, 12339481942//776222915, 136006105448//3881114575, -45607098161//776222915, 1164741985258//19405572875, -975746812254//19405572875, 596028804473//19405572875, -421849128771//19405572875, 1075141601//298547275, 8250534233//1492736375, -149983378286//19405572875, -45127427794//19405572875, -379018293007//19405572875, 622537364//776222915, -1819036346//776222915, 10722337162//3881114575, -1928074602//776222915, 35256758708//19405572875, -21303682264//19405572875, 7541614918//19405572875, -1147946236//19405572875, -1192248192//3881114575, 8151977039//19405572875, -7088625216//19405572875, 1489419686//19405572875, -7915358717//19405572875]
2; 11; 5; 12; 3; 1; 1; 10; 1; 1; [2152720724//82450875, 2728292828//82450875, 177688076//5496725, -211434344//27483625, -6269359004//82450875, -8387031013//82450875, -3272020852//82450875, 978164501//82450875, -21369689//6342375, -1568587738//16490175, -1351380696//5496725, -86912857//422825, 4704120451//16490175, -24962511229//82450875, -29020548668//82450875, -15618393016//16490175, 9379742327//82450875, 17157778948//6342375, 358167378113//82450875, 277042899392//82450875, 13040632468//27483625, -321600097133//82450875, -88108718323//16490175, -5584261963//16490175, 58447572647//16490175, -77806457284//16490175, 368962268053//82450875, -95775741213//27483625, 35527556273//16490175, -28133743683//27483625, 1721136329//6342375, 48500139229//82450875, -39264827269//82450875, 54787279772//82450875, -57897152959//82450875, 1857253873//16490175, -6528996//32525, 3497252623//16490175, -974363112//5496725, 775736261//6342375, -5521637924//82450875, 111809448//5496725, 784810921//82450875, -1897785443//82450875, 915755523//27483625, -1931356214//82450875, 539397944//27483625, -403471548//27483625]
2; 11; 5; 12; 11; 1; 1; 2; 1; 1; [550587//3316625, 1727652//3316625, -1161761//3316625, -401477//663325, -5531178//3316625, 366803//3316625, -5121794//3316625, 9084551//3316625, 1097544//3316625, 1143174//663325, -609747//132665, 836357//663325, 1977268//663325, 23431953//3316625, -19628322//3316625, 1786432//255125, 5018012//663325, 176247983//3316625, 68332827//3316625, 261694054//3316625, -268625381//3316625, -544643254//3316625, -123017781//663325, 4165341//132665, 42468357//663325, -5449719//51025, 369053744//3316625, -304558011//3316625, 207904768//3316625, -21797974//663325, 40385454//3316625, 1706012//255125, -33385663//3316625, 3030574//255125, -5370424//255125, 944016//663325, -566694//132665, 3373483//663325, -3025353//663325, 11187754//3316625, -6693906//3316625, 2781838//3316625, 14766//663325, -1525666//3316625, 2349456//3316625, -1975913//3316625, 1485942//3316625, -1563687//3316625]
2; 11; 5; 12; 3; 1; 1; 8; 1; 1; [18483869//9949875, 2327098//397995, 29660113//3316625, 78591896//9949875, 884848//663325, -3814829//397995, -1789874//132665, -124359262//9949875, -3394494//255125, -9380936//663325, -5950673//132665, -11817388//153075, -91992448//1989975, -585417739//9949875, -43142902//397995, -589181318//3316625, -1941525401//9949875, 3404828//51025, 190510313//397995, 1609958744//1989975, 3478066524//3316625, 5518466546//9949875, -163533231//663325, -3736991//397995, 297464156//1989975, -417238648//1989975, 649971326//3316625, -63468971//397995, 901809848//9949875, -554918173//9949875, 1637738//153075, 5081539//132665, 6090563//663325, 251720477//3316625, 17521658//9949875, 9413368//1989975, -89688//10205, 18503189//1989975, -5257729//663325, 1386482//255125, -412418//132665, 8354908//9949875, 2099657//9949875, -2074183//1989975, 227107//132665, -944899//1989975, 17451196//9949875, -372497//9949875]
2; 11; 5; 12; 2; 1; 1; 7; 1; 1; [8022//21125, 80774//63375, 2503//1625, 56882//63375, 7916//12675, -34246//21125, -135363//21125, -361367//63375, -363397//63375, -3856//975, -3273//845, -4291//845, -32518//4225, -1223026//63375, -2622394//63375, -1088544//21125, 1222483//63375, 18022//325, 7966718//63375, 14401799//63375, 11767027//63375, 6628697//63375, -610018//12675, 24806//507, -102383//2535, 339086//12675, -318696//21125, 131138//63375, 28799//63375, -334741//63375, 119311//12675, -18466//63375, 923972//63375, 377821//63375, 358351//63375, -25502//12675, 3716//2535, -2212//2535, 1448//4225, 84//21125, -16892//63375, 1288//4875, -17506//63375, 1156//4225, -762//21125, 5524//21125, 9436//63375, 4061//63375]
2; 11; 5; 12; 11; 1; 1; 10; 1; 1; [-73534282//27483625, -143400219//27483625, -226500871//27483625, -212086523//27483625, 10211796//5496725, 223741022//27483625, 25289327//2114125, 608007532//27483625, 6321149//422825, 51003582//5496725, 231995718//5496725, 66737729//1099345, 203966954//5496725, 1907853122//27483625, 1696529259//27483625, 4425599421//27483625, 3105460603//27483625, -194634426//1099345, -10751857752//27483625, -23666608351//27483625, -31869483587//27483625, -169147103//422825, 1183735062//5496725, 81944348//5496725, -30793877//219869, 1054806434//5496725, -4874479029//27483625, 3911577542//27483625, -171453489//2114125, 1278868139//27483625, -77115577//5496725, -919248456//27483625, -377775508//27483625, -2154523536//27483625, 16517067//5496725, -24836327//5496725, 44507132//5496725, -9325866//1099345, 39414666//5496725, -133875549//27483625, 75180632//27483625, -19626502//27483625, -7727381//27483625, 4764806//5496725, -41905256//27483625, 8846287//27483625, -48478836//27483625, 629901//5496725]
2; 11; 5; 12; 8; 1; 1; 2; 1; 1; [-5289239//3316625, -7491973//3316625, -5246151//3316625, -3222979//3316625, -224514//255125, -8069092//3316625, 9262776//3316625, 8797284//663325, 455536//51025, 2544758//663325, 12182772//663325, 2383989//132665, 6043098//663325, 128266644//3316625, 253848703//3316625, 135774221//3316625, -96242191//3316625, -298000278//3316625, -194710248//3316625, -164300666//3316625, -308786079//663325, -308757803//663325, 77618//663325, 17371362//663325, -4546027//132665, 22732293//663325, -82141233//3316625, 68099464//3316625, -21149747//3316625, 3791//21125, -4488804//3316625, -24148129//3316625, 8565602//3316625, -16648362//663325, -936343//51025, -973368//663325, 1065938//663325, -177012//132665, 632022//663325, -1631823//3316625, 808544//3316625, 308068//3316625, -691403//3316625, 478176//3316625, -826389//3316625, 348752//3316625, -322782//663325, -239164//663325]
2; 11; 5; 12; 9; 1; 1; 4; 1; 1; [-880148052526//477491607125, -954518434016//95498321425, -9108304746438//477491607125, -9784376991241//477491607125, -993372256764//95498321425, 1227105362688//95498321425, 12433725064357//477491607125, 17523491751358//477491607125, 14939456803563//477491607125, 906893086434//19099664285, 7867200771129//95498321425, 2668305458232//19099664285, 13603487815447//95498321425, 43315562476926//477491607125, 18933911459356//95498321425, 186040223612493//477491607125, 215891719394841//477491607125, 991533387112//7346024725, -15972063397526//19099664285, -793919627438237//477491607125, -1047455842973863//477491607125, -844821313986158//477491607125, -14801577427008//19099664285, 13895318502774//95498321425, 997963542796//3819932857, -40961941671588//95498321425, 219177827102408//477491607125, -35160574783362//95498321425, 131713810623534//477491607125, -56357286310047//477491607125, 4588009474059//95498321425, -113831401622//7346024725, -62393626055986//477491607125, -17062263645944//477491607125, -65016727472774//477491607125, 20821727079//3819932857, -1644031188564//95498321425, 399493976502//19099664285, -1780316264187//95498321425, 6678428357188//477491607125, -60212004794//7346024725, 1834922246214//477491607125, 183746375783//477491607125, -36664180906//19099664285, 201049466138//95498321425, -1978464179561//477491607125, 123987585476//477491607125, -1377736624449//477491607125]
2; 11; 5; 12; 6; 1; 1; 7; 1; 1; [724843//153075, 1338728//765375, -1646042//765375, -4556228//765375, -528548//51025, -2224884//255125, 8119103//765375, 14795696//765375, 151961//765375, -1168274//153075, -88183//51025, 2315431//153075, 16498838//153075, -86646//2041, 5055772//765375, 189629//255125, 32443116//255125, 57686693//153075, 124656254//255125, -20366861//255125, -516287561//765375, -162724322//255125, -109862024//153075, -16066338//51025, 130602241//153075, -50665054//51025, 3473246//3925, -496286774//765375, 293491706//765375, -37893152//255125, 31804//3925, 31677092//255125, -35643418//255125, 25166014//255125, -98583718//765375, 1574423//51025, -2243092//51025, 6577544//153075, -1728276//51025, 86562//3925, -8315614//765375, 1704626//765375, 2554594//765375, -833107//153075, 1664872//255125, -3964859//765375, 2262092//765375, -1888763//765375]
2; 11; 5; 12; 11; 1; 1; 8; 1; 1; [3484617//3316625, 7365887//3316625, 11451564//3316625, 10342523//3316625, 8865932//3316625, 1261867//3316625, -25798308//3316625, -2131334//132665, -61271694//3316625, -9623166//663325, -7794669//663325, -17020526//663325, -6717552//132665, -178833697//3316625, -159131827//3316625, -151961174//3316625, 20436667//3316625, -14820519//255125, 22126311//255125, 1540663318//3316625, 430086092//663325, 2367130524//3316625, 152151579//663325, -143922469//663325, 8419218//51025, -14158706//132665, 151545884//3316625, -27182011//3316625, -71951297//3316625, 102603131//3316625, -111785196//3316625, 96685799//3316625, 13775499//3316625, 25288937//663325, 99633732//3316625, 5647231//663325, -3884636//663325, 2071911//663325, -26649//26533, -1795916//3316625, 3990484//3316625, -4890972//3316625, 4213886//3316625, -247102//255125, 2028919//3316625, 616069//3316625, 354368//663325, 2521117//3316625]
2; 11; 5; 12; 2; 1; 1; 12; 1; 1; [-51854518//370807125, -10601367//123602375, -452864834//370807125, -1064070316//370807125, -332128958//123602375, -514364//1140945, 51040612//370807125, 1294837504//370807125, 1068698236//123602375, 319300192//74161425, -130229//146275, -119232292//74161425, 114378242//24720475, 6206550848//370807125, 2786434477//123602375, 7311816248//123602375, 29187163781//370807125, 822152688//123602375, -5328216476//74161425, -11810674994//123602375, -58837333649//370807125, -21106285526//123602375, 2768261962//74161425, -275740468//74161425, -1226779022//74161425, 1865418821//74161425, -8981794076//370807125, 7835481938//370807125, -3954192218//370807125, 1281749181//123602375, -506871218//370807125, -120837892//24720475, -404917616//370807125, -1325058684//123602375, -584858328//123602375, -2479259//5704725, 75626098//74161425, -86040388//74161425, 25119868//24720475, -20382142//28523625, 163474208//370807125, -13607206//123602375, 5554606//123602375, 48219172//370807125, -5448538//24720475, 1899328//28523625, -30703194//123602375, -28149884//370807125]
2; 11; 5; 12; 8; 1; 1; 10; 1; 1; [-2329251//5496725, 151863431//27483625, 30890429//27483625, 2497109//2114125, 251949806//27483625, 31860397//5496725, -304163653//27483625, -136335214//27483625, -31236539//5496725, -226554374//5496725, -177639498//5496725, 19336803//5496725, -254338828//5496725, -207516129//5496725, -4762551721//27483625, 100924942//2114125, -1979005567//27483625, -461252117//2114125, 61170377//422825, 13282047583//27483625, 4364205169//27483625, 4022857557//5496725, 7858749151//5496725, -11233983//5496725, -4564174377//5496725, 6312388377//5496725, -6116354567//5496725, 23709978387//27483625, -15343750182//27483625, 7348322339//27483625, -1628082763//27483625, -452214943//5496725, 4769794079//27483625, -319763441//2114125, 180859637//1099345, -138116106//5496725, 264882058//5496725, -286933233//5496725, 243271383//5496725, -170750017//5496725, 36160349//2114125, -160279302//27483625, -53511746//27483625, 160359662//27483625, -39140269//5496725, 190967859//27483625, -129408498//27483625, 19451414//5496725]
2; 11; 5; 12; 10; 1; 1; 7; 1; 1; [-1390093//3316625, 361416//663325, 18474396//3316625, 32883433//3316625, 56204852//3316625, 30307501//3316625, -22422808//3316625, -4151572//132665, -111162358//3316625, -4444644//663325, -11370252//663325, -31247694//663325, -76229593//663325, -199958547//3316625, -43098192//663325, -273646951//3316625, -528392708//3316625, -1139173927//3316625, -446103181//3316625, 745064038//3316625, 950763299//663325, 491457021//255125, 773581851//663325, -183840987//663325, -196856014//663325, 373669392//663325, -2052941946//3316625, 345163581//663325, -1229112773//3316625, 653185336//3316625, -282900016//3316625, -93208288//3316625, 269102669//3316625, -13628831//663325, 41958383//255125, -2943276//663325, 14552332//663325, -18486471//663325, 17043588//663325, -65040426//3316625, 7995678//663325, -18185318//3316625, 1085696//3316625, 7319424//3316625, -12761458//3316625, 12964599//3316625, -1164304//663325, 11987689//3316625]
2; 11; 5; 12; 9; 1; 1; 3; 1; 1; [115187641038559//243332727542125, 59191225893463//126533018321905, 1912846470822641//3163325458047625, -243639291144609//632665091609525, -3098796074671766//3163325458047625, -1555648740280634//3163325458047625, 164241457166528//3163325458047625, -6829002548163246//3163325458047625, -5230190531780353//3163325458047625, 1060376031631402//632665091609525, -166677783592716//126533018321905, -4769235653505256//632665091609525, -1869598969255936//632665091609525, -25270647122539092//3163325458047625, -3942873522014253//632665091609525, -32730560899394036//3163325458047625, 13209979008053674//632665091609525, 15633059871964177//243332727542125, 76900880768254584//3163325458047625, -4855287355414056//243332727542125, 100256585928164586//3163325458047625, 256869411356009288//3163325458047625, -22337525040475328//632665091609525, -805055349014220//25306603664381, 40603596932054194//632665091609525, -44949244811118621//632665091609525, 190998007841156414//3163325458047625, -27345581305324798//632665091609525, 75051972683371977//3163325458047625, -4824940645629068//632665091609525, 2316132636133513//3163325458047625, 28773295186203172//3163325458047625, -33879395936522274//3163325458047625, 32823597506516058//3163325458047625, -9506016513336566//3163325458047625, 1559819279685348//632665091609525, -403499520717746//126533018321905, 1883679362978836//632665091609525, -1444771449323814//632665091609525, 4490540540712904//3163325458047625, -415092061716712//632665091609525, 202687897120062//3163325458047625, 186462721959187//632665091609525, -1173368673256977//3163325458047625, 1422483927963642//3163325458047625, -1150682939209889//3163325458047625, 816917494666758//3163325458047625, -156047275795571//3163325458047625]
2; 11; 5; 12; 6; 1; 1; 12; 1; 1; [-7951849//9507875, 81944938//9507875, 81965012//9507875, 5009818//1140945, 1305882//146275, 8785454//1140945, -281329691//28523625, 9011291//28523625, 195673886//9507875, -38450888//1140945, -161473681//1901575, -254018267//5704725, -164244313//5704725, 1639639882//28523625, -5432503064//28523625, -2964061946//28523625, -1279701658//5704725, -2515583093//5704725, 769600528//5704725, 30224927071//28523625, 22039124384//28523625, 10323160862//28523625, 1311771478//1140945, 1524476752//5704725, -5966866147//5704725, 564774619//438825, -33525325789//28523625, 8315372596//9507875, -5170696716//9507875, 425143724//1901575, -174658649//5704725, -655457042//5704725, 6324828058//28523625, -297007031//2194125, 4318232456//28523625, -41039039//1140945, 106041206//1901575, -322294838//5704725, 86975911//1901575, -871193699//28523625, 445793293//28523625, -119638958//28523625, -6991194//1901575, 38981861//5704725, -44762188//5704725, 220879628//28523625, -119462558//28523625, 87012626//28523625]
2; 11; 5; 12; 8; 1; 1; 8; 1; 1; [-861343//3316625, -632731//3316625, 63782//3316625, -3583271//3316625, 2956956//3316625, 2259177//3316625, -5219233//3316625, -684744//3316625, -10603821//3316625, 324508//132665, -567036//663325, 4401438//663325, -353737//663325, -8246402//3316625, 62760371//3316625, -2125767//3316625, 159870221//3316625, -18726451//3316625, -45831822//3316625, 156069923//3316625, 66910669//3316625, 381960961//3316625, 1656622//132665, 24949114//663325, -39155522//663325, 39982588//663325, -163075526//3316625, 112030588//3316625, -56830066//3316625, 22407493//3316625, 11092007//3316625, -27424861//3316625, 35240004//3316625, -21257798//3316625, 34589983//3316625, -318476//132665, 1845516//663325, -1627258//663325, 91269//51025, -3489346//3316625, 1430313//3316625, 113694//3316625, -822827//3316625, 95809//255125, -1229281//3316625, 1048914//3316625, -519628//3316625, 593633//3316625]
2; 11; 5; 12; 10; 1; 1; 12; 1; 1; [-34374882//123602375, -410323937//123602375, -217385182//24720475, -804673971//123602375, 74483328//24720475, 1406963593//123602375, 407179472//24720475, 1208145704//123602375, -1131452678//123602375, 104908632//24720475, 1221760212//24720475, 1274335879//24720475, 275600977//24720475, -1779837013//123602375, 4921498217//123602375, 768150542//4944095, 17497881611//123602375, 366097692//24720475, -50998722113//123602375, -24949312516//24720475, -92140547184//123602375, 43595678483//123602375, 12086479137//24720475, -5145945073//24720475, 245245749//24720475, 2773020962//24720475, -19740560264//123602375, 19435135201//123602375, -2863687211//24720475, 820976691//9507875, -955835749//24720475, -1315384739//123602375, -168288219//4944095, -6752024437//123602375, 4707324429//123602375, 89963248//24720475, 81445848//24720475, -162443739//24720475, 180017868//24720475, -771609364//123602375, 548706726//123602375, -58084912//24720475, 123760108//123602375, 447287//1901575, -144891439//123602375, 3546228//24720475, -192023772//123602375, 122013759//123602375]
2; 11; 5; 12; 5; 1; 1; 7; 1; 1; [-239104//765375, -4727//765375, -11096//58875, -384643//765375, 232966//765375, -322408//153075, 1852079//765375, -52196//10205, 6467203//765375, 4372//11775, 332816//51025, -1722308//153075, 61376//6123, 5328868//255125, -2736061//255125, 6518756//255125, -10447927//765375, 16559584//765375, -723722//30615, -42817909//765375, 7115193//51025, -59502311//255125, 3487696//153075, -17076554//51025, 68907922//153075, -4379529//10205, 85263769//255125, -162670844//765375, 77535854//765375, -12377701//765375, -2097956//58875, 2993602//51025, -48987362//765375, 8688214//153075, -34232729//765375, 971713//51025, -1034506//51025, 2604938//153075, -120372//10205, 1652559//255125, -1607639//765375, -49042//58875, 1826629//765375, -715986//255125, 382592//153075, -1451647//765375, 186226//153075, -494059//765375]
2; 11; 5; 12; 4; 1; 1; 5; 1; 1; [-72095939//9949875, -167586832//9949875, -106659641//9949875, -1490824//9949875, 55644616//3316625, 339361499//9949875, 13663214//663325, 104586592//9949875, -62488//153075, 7044026//132665, 81875993//663325, 7350916//153075, -18525932//663325, 770143564//9949875, 1099099384//3316625, 858758382//3316625, -47384512//3316625, -153380072//255125, -111897152//63375, -2877180512//1989975, -1583644044//3316625, 1363401448//1989975, 34160674//26533, -986562416//1989975, -98931052//1989975, 719839324//1989975, -1555741146//3316625, 1521364792//3316625, -1088773239//3316625, 2115303032//9949875, -95760763//765375, -226479569//3316625, -16504762//663325, -842569976//9949875, 62852432//663325, 2624023//397995, 1824232//153075, -40035728//1989975, 13953812//663325, -4437362//255125, 40571807//3316625, -61575272//9949875, 6388224//3316625, 5214536//9949875, -13504249//3316625, 3406159//1989975, -9951752//3316625, 4903568//1989975]
