2; 6; 10; 4; 4; 1; 1; 12; 1; 1; [-1162041169//1146897375, 229502528//1146897375, -1900295467//1146897375, -364390118//229379475, 2500640618//1146897375, 3346306364//1146897375, -2388255556//382299125, 1769718328//382299125, 31842642//2262125, -132601948//229379475, -443204058//76459825, 288925141//17644575, 2934993002//229379475, 5365990328//382299125, -37439891558//1146897375, 114150396472//1146897375, 7538515549//229379475, -4643251592//29407625, -85215873764//1146897375, 55093436976//382299125, -59890045583//382299125, -425618871299//1146897375, 29339195012//229379475, 6317870822//76459825, -43202764507//229379475, 16385875969//76459825, -212806001483//1146897375, 151685074546//1146897375, -27747551303//382299125, 1403457407//45875895, -237333628//88222875, -30332536487//1146897375, 13726127068//382299125, -39422211862//1146897375, 4464917593//1146897375, -539605069//76459825, 167900678//17644575, -2081200468//229379475, 540337526//76459825, -395496961//88222875, 2408138666//1146897375, -96033278//382299125, -170126422//229379475, 1291937986//1146897375, -1563587507//1146897375, 455261283//382299125, -983617402//1146897375, 24839186//382299125]
2; 6; 10; 4; 7; 1; 1; 5; 1; 1; [-19731398//26385125, -447585746//79155375, -59176283//15831075, -288116033//79155375, -228896064//26385125, -14084303//26385125, 77899084//5277025, 363724814//79155375, -90216//5277025, 104056244//3166215, 192282693//5277025, 70764763//5277025, 200421593//5277025, 4598130724//79155375, 12428323496//79155375, 69935994//5277025, 7601296243//79155375, 5532518634//26385125, -589359379//2029625, -275152581//405925, -24174835294//79155375, -97000627//211081, -2911268627//3166215, 416252743//5277025, 2260946738//5277025, -3354298127//5277025, 50410471757//79155375, -39664335082//79155375, 5321302048//15831075, -4358719967//26385125, 100411864//2029625, 790409719//26385125, -599560466//5277025, 2003858236//26385125, -511899598//5277025, 37073623//3166215, -138039258//5277025, 155661572//5277025, -135064568//5277025, 1457856767//79155375, -274978784//26385125, 12551263//3166215, 58411969//79155375, -79793613//26385125, 100468944//26385125, -22878903//5277025, 204704498//79155375, -874277//405925]
2; 6; 10; 4; 8; 1; 1; 4; 1; 1; [-4947067//26385125, -17918207//79155375, -35968537//79155375, -5687758//6088875, -8059522//5277025, -181832413//79155375, -61207097//26385125, -89809543//26385125, -301273403//79155375, -21819748//5277025, -40838821//15831075, 7508256//5277025, -15270241//15831075, 1287729826//79155375, 512058739//26385125, 2161687837//79155375, 2945568749//79155375, 937643998//15831075, 7139545228//79155375, 6555780311//79155375, 2555450333//26385125, 2680647451//26385125, 1987625576//15831075, -4640422//5277025, -1138180412//15831075, 1583975534//15831075, -7606946192//79155375, 6084073366//79155375, -1260080793//26385125, 2011722127//79155375, -5467057//3166215, -283674856//79155375, 103131646//6088875, -745215223//79155375, 1271760649//79155375, -34292126//15831075, 66302266//15831075, -71969048//15831075, 20386907//5277025, -71159354//26385125, 40287102//26385125, -13036848//26385125, -10182668//79155375, 3025252//5277025, -14606132//26385125, 50712788//79155375, -26927518//79155375, 9017213//26385125]
2; 6; 10; 4; 11; 1; 1; 3; 1; 1; [-3649195812//3372965375, -123258583//3372965375, 2131361146//3372965375, -119063018//674593075, -2158413838//3372965375, 3710492286//3372965375, 7870435396//3372965375, 743074001//259458875, 14181882818//3372965375, -4193243466//674593075, 5148738//3991675, 910296692//134918615, -3256786816//674593075, 32812938412//3372965375, -23203360987//3372965375, -100067385486//3372965375, 951919894//26983723, 68914925303//3372965375, -315500561456//3372965375, -174956678776//3372965375, 326011484042//3372965375, -220036025683//3372965375, -17583847236//674593075, 51770987212//674593075, -12267084234//134918615, 55039777879//674593075, -201970016254//3372965375, 120478998694//3372965375, -54692507058//3372965375, 856063496//674593075, 33784696519//3372965375, -4316195516//259458875, 32176992402//3372965375, -16511243849//3372965375, 10022924641//3372965375, -207770578//51891775, 2664984238//674593075, -84774380//26983723, 1390563306//674593075, -3455265644//3372965375, 758668974//3372965375, 859125142//3372965375, -331733798//674593075, 149856833//259458875, -1863666798//3372965375, 961025257//3372965375, -334515074//3372965375, 14802156//3372965375]
2; 6; 10; 4; 2; 1; 1; 8; 1; 1; [-173175701446//180062887875, -283766294893//180062887875, -292105905172//180062887875, -309734078449//180062887875, -9476497434//60020962625, -11456046626//12004192525, 48466117292//36012577575, 1118137312702//180062887875, 30816064358//2770198275, 13849222424//2400838505, 132447534527//12004192525, 25941749747//2770198275, 212185616249//12004192525, 5549786817086//180062887875, 48837869959//1146897375, 7823275311082//180062887875, 697335637433//60020962625, -125024929992//4616997125, -2625999284768//36012577575, -4559306876776//36012577575, -40291169512037//180062887875, -14135928460192//36012577575, -112749461814//480167701, -1112153754964//36012577575, 6496303306271//36012577575, -8290403450143//36012577575, 13013179664561//60020962625, -9738269327162//60020962625, 18771122419736//180062887875, -8242880909183//180062887875, 48617169427//13850991375, 613274655388//36012577575, -17593410602//480167701, 3755118014974//180062887875, -308021153974//7202515515, 42871556027//7202515515, -9128656614//923399425, 369427754714//36012577575, -101246283309//12004192525, 26664807647//4616997125, -543580654886//180062887875, 167442752326//180062887875, 98635343137//180062887875, -231618224684//180062887875, 3300862638//2400838505, -16383314169//12004192525, 128666961334//180062887875, -10326613958//12004192525]
2; 6; 10; 4; 6; 1; 1; 10; 1; 1; [-1552865089//382299125, -3590802958//382299125, -270364166//45875895, 237348434//382299125, -1736832782//229379475, -6567832173//382299125, 7222715216//1146897375, 2204763781//45875895, 340866479//6786375, 1613420828//76459825, 4175244689//76459825, 1834704152//17644575, 1739302087//45875895, 106579349627//1146897375, 372757343624//1146897375, 51890947762//229379475, -197875954552//1146897375, -337076873//1357275, 61011162959//1146897375, -134188350892//382299125, -390815397589//229379475, -826433499522//382299125, -48287238437//76459825, 70123773437//229379475, -11000399854//229379475, -4653864203//45875895, 203749870871//1146897375, -63295067561//382299125, 36521838607//229379475, -41831298122//382299125, 252755333//5881525, -15647169358//1146897375, -28814528063//1146897375, -4213578108//76459825, -141306970348//1146897375, -1486898039//229379475, -39147034//17644575, 1605831029//229379475, -125770274//15291965, 661711597//88222875, -5969336638//1146897375, 797479178//229379475, -1732535351//1146897375, -10561274//45875895, 330089094//382299125, -543266591//382299125, -28925362//76459825, -3084363898//1146897375]
2; 6; 10; 4; 6; 1; 1; 8; 1; 1; [25210556766//60020962625, 214035151308//60020962625, 908449278164//180062887875, 428656507421//180062887875, 61018816696//12004192525, 548858669592//60020962625, 141200981968//36012577575, -1854330934406//180062887875, -81170542808//2770198275, -37372896254//2400838505, -39086519573//12004192525, -42801929393//923399425, -2111150066042//36012577575, -1064433430656//60020962625, -46053075564//382299125, -10141499791718//60020962625, -11840591478346//180062887875, -9508805402//2770198275, 518407674118//60020962625, -2388120072434//36012577575, 75968771816816//180062887875, 47483016326887//36012577575, 1862579408288//2400838505, -3379735479798//12004192525, -2279614429517//36012577575, 2947194708496//12004192525, -18543259382393//60020962625, 16636130960146//60020962625, -39637825762202//180062887875, 22894990401782//180062887875, -52629025973//923399425, 211372109374//60020962625, 184708678864//7202515515, -4030981780492//180062887875, 724445122249//7202515515, 1292700693//480167701, 7838475976//923399425, -160499144336//12004192525, 161823266964//12004192525, -50843829161//4616997125, 436334884686//60020962625, -714628654292//180062887875, 172630841827//180062887875, 29242586944//36012577575, -102710222206//60020962625, 66604477627//36012577575, -76920531344//60020962625, 82610809244//36012577575]
2; 6; 10; 4; 10; 1; 1; 10; 1; 1; [-621954932//382299125, -278065923//382299125, 26877042//29407625, 57561677//382299125, 166681576//382299125, 1596132089//382299125, 3157988772//382299125, 1903329173//382299125, -3057149363//382299125, -714300538//76459825, 24789867//3058393, -2911774//76459825, -1575152492//76459825, 19385999522//382299125, 407342651//29407625, -24214649941//382299125, -38428458062//382299125, -33218413571//382299125, -20443797524//382299125, -64931202762//382299125, -61152082233//382299125, 118350407763//382299125, 2606311334//5881525, -460105376//15291965, -16468809274//76459825, 24088145528//76459825, -118595495679//382299125, 95550962274//382299125, -63713858388//382299125, 29630227274//382299125, -8587693903//382299125, -9334625347//382299125, 985529218//29407625, -19709693869//382299125, 19671037129//382299125, -460662257//76459825, 199466272//15291965, -1113297556//76459825, 961606812//76459825, -3418876899//382299125, 1966324109//382299125, -742607578//382299125, -172240591//382299125, 583943107//382299125, -784517047//382299125, 651097829//382299125, -585508464//382299125, 33020613//29407625]
2; 6; 10; 4; 5; 1; 1; 2; 1; 1; [-342122317//169147875, -107155796//56382625, -7409176//6765915, -69155018//33829575, -680163161//169147875, 590515972//169147875, 1018755827//169147875, 11703619//56382625, 2563406416//169147875, 277966954//11276525, 104583496//33829575, 4010599//663325, 676852564//33829575, 13692293792//169147875, 1991311821//56382625, 150759287//6765915, 358814437//6765915, -5898478169//169147875, -50145401062//169147875, -30760080877//169147875, -15017386867//169147875, -33008615927//56382625, -15990743068//33829575, 12544362091//33829575, -8048967716//33829575, 300675058//2602275, -945385938//56382625, -6202084396//169147875, 26217437//397995, -4350587//66725, 707641216//13011375, -224096019//4337125, 2067049934//169147875, -572455972//56382625, -297688129//9949875, -445836787//33829575, 82583128//11276525, -531827//215475, -27358489//33829575, 149363082//56382625, -518120831//169147875, 6325764//2255305, -22737226//11276525, 204314348//169147875, -43404307//56382625, -26837351//169147875, 38665694//169147875, -51875606//56382625]
2; 6; 10; 4; 8; 1; 1; 3; 1; 1; [-2120624776//3372965375, 393832754//3372965375, 1505465656//3372965375, -1143780132//3372965375, 840586184//3372965375, -1946696051//3372965375, 13677225781//3372965375, 133091181//674593075, 756201382//259458875, -59290814//26983723, 1295978376//674593075, 1441329644//674593075, 222754167//134918615, 67701851251//3372965375, -70738529774//3372965375, -10683124401//3372965375, 44411996497//3372965375, 19551519591//3372965375, -24523721019//3372965375, -287487070601//3372965375, 45779712242//674593075, -120864085651//3372965375, 18601351193//134918615, -34340362259//674593075, -487921692//51891775, 5780064902//134918615, -178095122867//3372965375, 163921004573//3372965375, -126732444693//3372965375, 79801934421//3372965375, -33534659447//3372965375, 1385776113//3372965375, 3498051007//3372965375, -111836200//26983723, 18628427187//3372965375, 72384589//134918615, 976806264//674593075, -1560892059//674593075, 319544388//134918615, -6463272187//3372965375, 4334468418//3372965375, -2308740758//3372965375, 670516601//3372965375, 475961058//3372965375, -1024273867//3372965375, 876951017//3372965375, -11954132//51891775, 591039877//3372965375]
2; 6; 10; 4; 10; 1; 1; 8; 1; 1; [-31753037384//12004192525, -17507291563//60020962625, -145338697948//60020962625, -70268904697//60020962625, 14244494918//60020962625, -409983939546//60020962625, 446582997537//60020962625, 141262597692//12004192525, 3195325662//923399425, 10252667978//480167701, 51882544596//12004192525, 218801963278//12004192525, 60917509423//2400838505, 159862665158//2400838505, 5110659689//382299125, 5742229725548//60020962625, -5309911149188//60020962625, -4278254148008//60020962625, 7048897020596//60020962625, -19864641591187//60020962625, -265765659227//923399425, -5031494715964//12004192525, -256868110444//480167701, 6783627303716//12004192525, -5645589275512//12004192525, 12025130579//36935977, -2072916398497//12004192525, 3333674202614//60020962625, 1817604203284//60020962625, -4311854020534//60020962625, 4540433463366//60020962625, -3872310693982//60020962625, 2156252328704//60020962625, -103259766672//2400838505, -84744412846//12004192525, -11219662046//480167701, 209301381234//12004192525, -126602229888//12004192525, 10866930273//2400838505, -578417519//12004192525, -147582736541//60020962625, 213905474574//60020962625, -207868465729//60020962625, 156582826956//60020962625, -97796844552//60020962625, 33770609169//60020962625, -4951529462//12004192525, -297015922//480167701]
2; 6; 10; 4; 4; 2; 1; 2; 1; 1; [5583979//56382625, -41824408//33829575, 7161584//56382625, -149585576//169147875, -118275752//169147875, -11616087//11276525, 1324324//6765915, 599724326//169147875, -1408247//520455, 89853982//11276525, 62962579//11276525, -3647239//867425, 581542649//33829575, -2231662412//169147875, 660328912//11276525, -1036352004//56382625, 535723572//56382625, 453418274//13011375, -1043763836//33829575, -789502894//33829575, -22309646461//169147875, 1495164014//33829575, -2184037078//11276525, -7132779428//33829575, 13695273749//33829575, -14802028466//33829575, 62793951304//169147875, -8719982828//33829575, 24338638924//169147875, -8249530252//169147875, -62111366//4337125, 554743547//11276525, -2093582494//33829575, 2756353994//56382625, -1307576486//33829575, 529957709//33829575, -51524584//2602275, 620111786//33829575, -156467413//11276525, 111617888//13011375, -7521847//1989975, 50785184//169147875, 303550748//169147875, -148156978//56382625, 3540761//1353183, -72289721//33829575, 72410424//56382625, -22582969//33829575]
2; 6; 10; 4; 7; 1; 1; 2; 1; 1; [105072958//56382625, -101408758//56382625, 5579423//11276525, 164451468//56382625, -161383886//56382625, -385711139//56382625, 51480622//11276525, -51090434//56382625, -883703023//56382625, 8595688//663325, 173252472//11276525, -21545637//867425, 1748477//11276525, -2134846408//56382625, 5771699568//56382625, -762102261//11276525, -118713944//3316625, 533234398//3316625, 4600911114//56382625, -350361852//2255305, 12307051699//56382625, 1076035534//3316625, -9444509524//11276525, -3132528778//11276525, 9824552839//11276525, -11799736963//11276525, 53047812411//56382625, -39077178326//56382625, 4689218363//11276525, -9957037374//56382625, 358006268//56382625, 6010551437//56382625, -1680218674//11276525, 8273132312//56382625, -5208061436//56382625, 348283639//11276525, -39672114//867425, 512027596//11276525, -409856907//11276525, 1348852521//56382625, -675590306//56382625, 1821852//663325, 174477946//56382625, -328094512//56382625, 366717907//56382625, -62973738//11276525, 225534302//56382625, -103641631//56382625]
2; 6; 10; 4; 5; 1; 1; 10; 1; 1; [199136299//45875895, -101502223//88222875, -6986588957//1146897375, -10224600382//1146897375, 2526905903//382299125, 3454404152//229379475, -13387232288//1146897375, -12387554883//382299125, 767087//3058393, 2243497031//76459825, -8362603571//229379475, -1179377513//17644575, 4694254069//45875895, -14874319202//229379475, -43937423366//1146897375, 10743435919//88222875, 539135868247//1146897375, -63011364304//1146897375, -53046444138//76459825, 36632175361//382299125, 1545748022614//1146897375, 40677225313//76459825, -332170815712//229379475, -14707214202//76459825, 252941134846//229379475, -64959108248//45875895, 101105363991//76459825, -1160813386423//1146897375, 728558889371//1146897375, -302841430379//1146897375, 10324441586//382299125, 7141730924//76459825, -212945888576//1146897375, 96238262119//382299125, -9910110347//76459825, 2793255184//76459825, -357998736//5881525, 14449738084//229379475, -476239889//9175179, 8104855652//229379475, -7206712416//382299125, 2146737917//382299125, 4240445201//1146897375, -2986296199//382299125, 1891448771//229379475, -224964484//29407625, 7715371522//1146897375, -49001123//17644575]
2; 6; 10; 4; 4; 1; 1; 6; 1; 1; [-87050011//9949875, -45992326//9949875, -316525993//39799500, -99622181//6633250, 13467586//9949875, -254650207//19899750, 74578939//3316625, 478595753//13266500, 102307273//39799500, 155322847//1591980, 383680109//7959900, 9520892//663325, 341518577//2653300, 11117513089//39799500, 2152773287//19899750, 10709370313//39799500, 985954924//9949875, -4665270333//13266500, 2167102309//39799500, -14368735297//9949875, -37910353349//39799500, -27265098433//39799500, -722055793//265330, 869301282//663325, -1818011491//7959900, -3476050649//7959900, 30188062597//39799500, -10228965791//13266500, 26016045739//39799500, -5748221209//13266500, 8670664393//39799500, -2668983743//39799500, -4173740939//39799500, 2063059963//39799500, -5560052819//39799500, -3717201//132665, -19154101//1989975, 118278833//3979950, -140955863//3979950, 1281071677//39799500, -312076581//13266500, 572436589//39799500, -115445671//19899750, -7298521//19899750, 47193479//13266500, -80347713//13266500, 50757091//13266500, -167593939//39799500]
2; 6; 10; 4; 4; 2; 1; 10; 1; 1; [53703166//1146897375, -52871356//1146897375, 531164941//1146897375, 53294968//229379475, 46809172//382299125, 86769743//382299125, -100478047//1146897375, -228425781//382299125, -11808157//5881525, -228169966//229379475, -12891122//15291965, -1349162//705783, -145565548//76459825, 200388439//1146897375, -4123273964//1146897375, -7940806996//1146897375, -2838148723//229379475, -281112199//29407625, 16733562851//1146897375, 6421231069//382299125, 20965605688//1146897375, 25825657081//229379475, 235164719//229379475, 1408903763//45875895, -397212082//9175179, 9609336046//229379475, -37891927798//1146897375, 24344138603//1146897375, -12323486408//1146897375, 112002247//76459825, 248722229//88222875, -1919001359//382299125, 7728265661//1146897375, -4761360286//1146897375, 1955782747//229379475, -413910649//229379475, 6943076//3528915, -15414221//9175179, 90207053//76459825, -58347326//88222875, 86785291//382299125, 68329772//1146897375, -53880409//229379475, 303306212//1146897375, -269335457//1146897375, 227652101//1146897375, -36625312//382299125, 32933716//229379475]
2; 6; 10; 4; 5; 1; 1; 8; 1; 1; [-923517509764//180062887875, -441428959149//60020962625, -93587114011//12004192525, -262947961844//60020962625, -341754574496//36012577575, -72974699461//7202515515, 3017346592841//180062887875, 6173909639987//180062887875, 180820568607//4616997125, 31493345216//923399425, 1627823833513//36012577575, 3651687880258//36012577575, 538870778371//7202515515, 9358961201808//60020962625, 41123185765127//180062887875, 2662309577277//12004192525, -3971435606291//60020962625, -1041696262898//36012577575, -874452729149//12004192525, -107327055189086//180062887875, -248567170812472//180062887875, -121554024074081//60020962625, -9272837999982//12004192525, 24764795406808//36012577575, -5947485424794//12004192525, 2144534421883//7202515515, -6615540294626//60020962625, 110618657302//60020962625, 1079661224699//12004192525, -6523363463283//60020962625, 1184656659113//12004192525, -964860037249//12004192525, 3905502188077//180062887875, -15347210200931//180062887875, -15958496846879//180062887875, -942918118679//36012577575, 204435327394//12004192525, -98715491031//12004192525, 818861191//480167701, 483554042047//180062887875, -257643751998//60020962625, 177275025146//36012577575, -721129679804//180062887875, 574411853//213092175, -18433970876//12004192525, -8606905663//180062887875, -173455174021//180062887875, -137945392093//60020962625]
2; 6; 10; 4; 7; 1; 1; 10; 1; 1; [-127355361//382299125, -50370142//382299125, -27243906//382299125, 232778504//382299125, 368164084//382299125, 171747369//382299125, 149674246//76459825, -494292999//382299125, -1980823236//382299125, 790248//1176305, 214112244//76459825, -92125287//76459825, -1136171797//76459825, 1159588516//382299125, -243974078//382299125, 143936131//382299125, -5947388004//382299125, -292166188//29407625, -11985084984//382299125, -1183108398//15291965, 16975785634//382299125, 89257063866//382299125, 1703844702//15291965, 2750245894//76459825, -8745080497//76459825, 10462311748//76459825, -47370114357//382299125, 35137448066//382299125, -21131863602//382299125, 8594215568//382299125, -172855482//382299125, -5689555492//382299125, 1157479078//76459825, -6113028923//382299125, 9436530618//382299125, -12340342//3058393, 459454636//76459825, -456938608//76459825, 365034417//76459825, -1206888837//382299125, 609886191//382299125, -143375822//382299125, -160630902//382299125, 295483818//382299125, -333635782//382299125, 49822336//76459825, -177691948//382299125, 183116438//382299125]
2; 6; 10; 4; 12; 1; 1; 7; 1; 1; [-140074323559//60020962625, -24993228803//12004192525, -65902943273//60020962625, -15749904889//60020962625, -4282179748//4616997125, -113668233697//60020962625, 108423563841//12004192525, 984387242898//60020962625, 723368179242//60020962625, 155885579394//12004192525, 200919058026//12004192525, 61448582968//2400838505, 56803156177//12004192525, 3482240771994//60020962625, 737232074507//12004192525, 1986442911238//60020962625, -5896703028686//60020962625, -7164878752341//60020962625, -3174858116818//60020962625, -4091055102279//12004192525, -33478846762458//60020962625, -33999642334637//60020962625, -2411083818396//12004192525, 3468488884386//12004192525, -134908649556//480167701, 206446594464//923399425, -8575283936668//60020962625, 895290543068//12004192525, -806722726451//60020962625, -1527501173138//60020962625, 1942033532927//60020962625, -2550365489889//60020962625, 218004611964//12004192525, -2912901996344//60020962625, -778889316131//60020962625, -158225901909//12004192525, 136034012524//12004192525, -19186379302//2400838505, 54372333003//12004192525, -93888743168//60020962625, -62861371//184679885, 90603836884//60020962625, -114463783743//60020962625, 93807517927//60020962625, -77539525249//60020962625, 1125178752//2400838505, -3717745628//4616997125, -28240459626//60020962625]
2; 6; 10; 4; 4; 2; 1; 8; 1; 1; [-44412876281//180062887875, 40034116992//60020962625, -41071156049//60020962625, 29231491936//180062887875, 24705435952//36012577575, -49412508763//36012577575, 140035669653//60020962625, -156349646186//180062887875, -27964845046//13850991375, 33939232096//12004192525, -32937911452//12004192525, 1301035599//923399425, -8226358204//36012577575, 721266904441//180062887875, -21438180028//1146897375, 4179755297182//180062887875, -667224287607//60020962625, -11274288406//923399425, 381133005833//12004192525, -15123361003969//180062887875, 5218145315937//60020962625, 3189731982758//180062887875, -1156641187349//12004192525, 5568475768279//36012577575, -1899317422583//12004192525, 4657647909256//36012577575, -5223601098939//60020962625, 8070525113147//180062887875, -693227159188//60020962625, -1723282209673//180062887875, 53521877429//2770198275, -49983508969//2400838505, 929036070981//60020962625, -1772454159787//180062887875, 1565083095694//180062887875, -262415437708//36012577575, 5973775944//923399425, -170285898271//36012577575, 33514174393//12004192525, -5155983263//4616997125, -15488573018//180062887875, 138164370076//180062887875, -180778304233//180062887875, 11196736147//12004192525, -25264890947//36012577575, 70169832068//180062887875, -25513239932//180062887875, 2777336663//60020962625]
2; 6; 10; 4; 9; 1; 1; 7; 1; 1; [12417044//12004192525, -10748330919//60020962625, -69532270376//60020962625, -71817146481//60020962625, -73311237276//60020962625, -34560266589//60020962625, 9608939312//12004192525, 230397222967//60020962625, 148291969219//60020962625, 1518891594//923399425, 14586898176//2400838505, 21957623621//2400838505, 71872720741//12004192525, 18031492532//12004192525, 389887067439//60020962625, 1737967838381//60020962625, 756968919036//60020962625, 1247351608236//60020962625, -604332518536//60020962625, -771104339544//12004192525, -9641247059217//60020962625, -2759539467654//60020962625, 258516539472//12004192525, -44965983298//2400838505, 34262517171//2400838505, -94642198304//12004192525, 39794636359//12004192525, 32014637872//60020962625, -54245368412//60020962625, 210266259728//60020962625, -109783248082//60020962625, 100913019162//60020962625, -51127983458//12004192525, -399171925561//60020962625, -130312948862//60020962625, 8737858643//12004192525, -1117843828//2400838505, 571272224//2400838505, -482933181//12004192525, -835239673//12004192525, 7803607852//60020962625, -6388995442//60020962625, 7217671873//60020962625, -3456187822//60020962625, 1935923032//60020962625, -811971354//12004192525, -8600711996//60020962625, -1415975537//60020962625]
2; 6; 10; 4; 7; 1; 1; 8; 1; 1; [5466706368//2400838505, 7912608023//4616997125, 343013744092//60020962625, 621306714617//60020962625, 26150344438//12004192525, -464935713664//60020962625, -538783048228//60020962625, -14761598253//923399425, -287131030391//12004192525, -42039301548//2400838505, -161748170829//12004192525, -669860667479//12004192525, -745737475909//12004192525, -175120459392//2400838505, 576510471//29407625, -7889349842357//60020962625, -11617418278647//60020962625, 1316729745251//12004192525, 19093393615574//60020962625, 2425214742846//4616997125, 12066048917487//12004192525, 12050853897692//12004192525, 353299564392//2400838505, -4578052904094//12004192525, 5268284394281//12004192525, -4717507799769//12004192525, 134795257605//480167701, -9957061961632//60020962625, 3605644984924//60020962625, -202696156341//60020962625, -98091659167//2400838505, 4485768285522//60020962625, -1988724608706//60020962625, 214515045791//2400838505, 214522630074//12004192525, 46791555423//2400838505, -227474855246//12004192525, 178300399604//12004192525, -116340292101//12004192525, 11123719299//2400838505, -53367064747//60020962625, -95119577156//60020962625, 144011703209//60020962625, -31254714113//12004192525, 151115786972//60020962625, -65736567506//60020962625, 1563117658//923399425, 7195121537//12004192525]
2; 6; 10; 4; 3; 1; 1; 11; 1; 1; [9272287366//1146897375, 9098033969//1146897375, 6626146369//1146897375, -8713195753//1146897375, 13613493086//1146897375, 3584098067//229379475, -11371024776//382299125, -44064050528//1146897375, -2889326318//88222875, -475122126//76459825, -2203383059//76459825, -486323606//3528915, 11746382822//229379475, -219948817141//1146897375, -363992450899//1146897375, -70407659158//382299125, 619659987608//1146897375, 2788010631//29407625, -17130412049//229379475, 767198323348//1146897375, 1592546271358//1146897375, 745823334388//382299125, -72057148881//76459825, -280676618377//229379475, 102469670588//45875895, -548177863603//229379475, 2297786634022//1146897375, -1619297133907//1146897375, 870028234468//1146897375, -86446405982//382299125, -2765295387//29407625, 21276277299//76459825, -115706909527//382299125, 413470491179//1146897375, -149527213298//1146897375, 20066083348//229379475, -1915932926//17644575, 4561120231//45875895, -5716779819//76459825, 4026444584//88222875, -23236757342//1146897375, 354722086//382299125, 4039431328//382299125, -16679935438//1146897375, 1094935197//76459825, -12451848731//1146897375, 9934198934//1146897375, -783076621//382299125]
2; 6; 10; 4; 4; 1; 1; 6; 2; 1; [4459283//3316625, 14204153//13266500, 4501287//13266500, -3384689//2653300, -871463//265330, -27057361//6633250, -2392088//3316625, 2895927//3316625, -7331791//6633250, -660724//132665, -4016346//663325, -6420343//2653300, 48595587//2653300, -77286878//3316625, -89294083//13266500, -251573877//13266500, 2951937//106132, 324823909//2653300, 1108693351//6633250, 580573751//6633250, -265243133//13266500, -1472435819//6633250, -33941308//132665, -34542967//1326650, 488212317//2653300, -634625123//2653300, 2977284589//13266500, -574412351//3316625, 8449231//78500, -128938937//2653300, 591497//51025, 93376939//3316625, -186043717//6633250, 208779043//6633250, -120413166//3316625, 3172003//530660, -13584673//1326650, 7096347//663325, -23507577//2653300, 80366939//13266500, -43367709//13266500, 3228971//3316625, 1453911//2653300, -3173459//2653300, 836681//510250, -8245037//6633250, 6225723//6633250, -2479991//3316625]
2; 6; 10; 4; 12; 1; 1; 12; 1; 1; [189649257//382299125, 724761536//382299125, 1070021424//382299125, 121019334//382299125, -406473222//382299125, 991432264//382299125, -78070508//382299125, -502118132//76459825, -231242156//15291965, -862045396//76459825, -50494767//15291965, -353514224//15291965, -1642944981//76459825, -9047111992//382299125, -16186179206//382299125, -31918620289//382299125, -6103200929//382299125, 49649415212//382299125, 5265742696//382299125, 44742406428//382299125, 1229711016//5881525, 37633308924//76459825, 48138603224//76459825, -3975294842//15291965, -109083254//15291965, 12105766109//76459825, -83398588141//382299125, 78830850342//382299125, -63443875332//382299125, 39379238333//382299125, -16668628859//382299125, 3407839273//382299125, 8620537084//382299125, -1470179598//76459825, 3979095014//76459825, 306774661//76459825, 75090662//15291965, -140066786//15291965, 748242531//76459825, -3169551431//382299125, 2188334602//382299125, -1241014072//382299125, 396847878//382299125, 190381146//382299125, -433959067//382299125, 559419559//382299125, -15956426//15291965, 101053266//76459825]
2; 6; 10; 4; 9; 1; 1; 12; 1; 1; [1924562469//382299125, 1117471197//382299125, 310007909//76459825, 3325697852//382299125, 553187234//382299125, -4757933796//382299125, -3017376868//382299125, -3616718121//382299125, -14580701476//382299125, -2273200038//76459825, -7240101//76459825, -3345514169//76459825, -2954363281//76459825, -60947028219//382299125, -8591167747//382299125, -10302698011//76459825, -66512803017//382299125, 111411005751//382299125, 230909335621//382299125, 136230689858//382299125, 248001636786//382299125, 415408122621//382299125, -7750280073//76459825, -3711812007//5881525, 71114291271//76459825, -70808194131//76459825, 279698883548//382299125, -1102748429//2262125, 1402987652//5881525, -24548709531//382299125, -19446478312//382299125, 56883025718//382299125, -43893125141//382299125, 53613624058//382299125, -10788374347//382299125, 2933151348//76459825, -3289742714//76459825, 2848653059//76459825, -2041203714//76459825, 445024906//29407625, -2172272586//382299125, -17426756//15291965, 1742589689//382299125, -2169586502//382299125, 2288653948//382299125, -1464772456//382299125, 1187180458//382299125, -77343857//382299125]
2; 6; 10; 4; 2; 1; 1; 9; 1; 1; [-62326532//382299125, 134558897//229379475, 206262658//382299125, 302575408//229379475, 795489356//1146897375, 2430932072//1146897375, 156618934//45875895, 6028757473//1146897375, 77393804//17644575, 1004460226//229379475, 162895484//15291965, 3244661//705783, 4567159658//229379475, 18034015291//1146897375, -686814183//76459825, -7248560879//1146897375, -3541024933//229379475, 580011201//29407625, -64182603107//1146897375, -4659505272//76459825, -30170548336//382299125, 8258213959//76459825, 5117383741//229379475, -2992411171//45875895, 239690493//3058393, -15870076862//229379475, 60083838163//1146897375, -7173258773//229379475, 4759403851//382299125, -31786343//76459825, -608561306//88222875, 3091419588//382299125, -2970847931//229379475, 1666958452//382299125, -44653537//229379475, 786751439//229379475, -305348//90485, 8258833//3058393, -133989211//76459825, 79226531//88222875, -47083034//229379475, -281539382//1146897375, 99541601//229379475, -177038166//382299125, 136504608//382299125, -25556553//76459825, 100878536//1146897375, 371135//9175179]
2; 6; 10; 4; 4; 1; 1; 4; 1; 1; [-24629296//79155375, 360196//26385125, 330411934//237466125, 308013659//237466125, -19303918//79155375, -18103681//237466125, 198647861//79155375, -132286147//237466125, -1478729294//237466125, 636664//5277025, 25469032//15831075, -474047092//47493225, -63822646//5277025, 313305872//26385125, 4414364//6088875, -10875524789//237466125, -7491615649//237466125, 6042611339//237466125, 3835990256//237466125, -4349340181//79155375, 19041022132//237466125, 56166817354//237466125, 183812582//15831075, -76023286//5277025, 203579876//15831075, -55808616//5277025, 530024563//79155375, -211457734//79155375, -34814704//18266625, -7484329//79155375, -188944433//237466125, 630237823//237466125, -955149824//237466125, 1100799511//237466125, 2426176762//237466125, 3360706//5277025, -2729504//5277025, 16143662//47493225, -233504//1217775, 4673653//79155375, 3027836//79155375, -28412512//237466125, 14878673//237466125, -13217333//237466125, 5455301//79155375, -18619219//237466125, 18985376//237466125, 48561412//237466125]
2; 6; 10; 4; 11; 1; 1; 11; 1; 1; [-16002164//382299125, -48676018//76459825, -185952138//382299125, -150687178//382299125, -6999004//29407625, -254695281//382299125, -145301569//382299125, 25438878//29407625, 463487156//382299125, 70619574//76459825, 18286986//76459825, 12898147//3058393, 719209733//76459825, 5324549214//382299125, 2553553854//76459825, 984875761//29407625, 14656493248//382299125, 5459801422//382299125, -7327188084//382299125, -3354145011//382299125, -22520281749//382299125, -56352823296//382299125, -11867621166//76459825, 332741352//5881525, 183695697//15291965, -3730608432//76459825, 23674566187//382299125, -167582332//3058393, 16783724684//382299125, -9276138956//382299125, 354133997//29407625, -592555617//382299125, -2319949128//382299125, 2134125778//382299125, -5661717388//382299125, -42630339//76459825, -128355796//76459825, 40568926//15291965, -205377243//76459825, 842760707//382299125, -110366047//76459825, 303518414//382299125, -65892906//382299125, -56643694//382299125, 124190943//382299125, -147896273//382299125, 105879628//382299125, -137175788//382299125]
2; 6; 10; 4; 3; 1; 1; 5; 1; 1; [435308753//237466125, 232534226//26385125, 36024332//9498645, 1129479397//237466125, 3745599632//237466125, 1600737497//237466125, -7828088818//237466125, -1169389394//47493225, 297837184//15831075, -246581111//5277025, -4179943663//47493225, -549719282//47493225, -1946300569//47493225, -2221650251//18266625, -23266252193//79155375, 421559627//9498645, -4637021947//237466125, -90875901007//237466125, 2884441602//26385125, 36836086527//26385125, 3545729794//3653325, 10241895097//47493225, 67566935131//47493225, 4778541797//47493225, -46198696837//47493225, 60972460316//47493225, -22311711418//18266625, 219425311483//237466125, -1868154046//3166215, 21743598958//79155375, -13110929956//237466125, -24376373486//237466125, 55626685544//237466125, -95238301//730665, 7212704653//47493225, -1477885391//47493225, 287710862//5277025, -2734332548//47493225, 2278701844//47493225, -7877143229//237466125, 4194122453//237466125, -52886903//9498645, -70075279//26385125, 1563131884//237466125, -145106302//18266625, 1973501234//237466125, -207098756//47493225, 30755648//9498645]
2; 6; 10; 4; 6; 1; 1; 9; 1; 1; [639056736//382299125, 2052201272//1146897375, 1027142802//382299125, 371650699//1146897375, -148799738//1146897375, -5238371893//1146897375, -3132951611//1146897375, -1511371803//382299125, -33484254//5881525, -397700138//76459825, 243354242//76459825, -398900987//17644575, -760833592//76459825, -53381630768//1146897375, -42795851282//1146897375, -45522873236//1146897375, 18935635412//382299125, 11889052861//88222875, 248606167078//1146897375, 51302722441//1146897375, 111824101669//1146897375, 11701162792//76459825, -1196581328//76459825, -79629787304//229379475, 112142123129//229379475, -109472416691//229379475, 142871406542//382299125, -281321679136//1146897375, 44848980174//382299125, -24385320382//1146897375, -897390019//29407625, 28359636668//382299125, -75510240332//1146897375, 70000933057//1146897375, -2451155374//76459825, 4685079674//229379475, -394164542//17644575, 4371574066//229379475, -1028762338//76459825, 220667504//29407625, -1020955217//382299125, -871932098//1146897375, 2959327103//1146897375, -3415556761//1146897375, 1144996608//382299125, -2358931087//1146897375, 1551987482//1146897375, -94293662//229379475]
2; 6; 10; 4; 10; 1; 1; 9; 1; 1; [-237945642//382299125, 176915812//382299125, -224534256//382299125, 6814241//76459825, 745603728//382299125, -88041738//382299125, 734633717//382299125, 653812506//382299125, -162926303//382299125, 665848384//76459825, -185399361//76459825, -240353149//76459825, 451402648//76459825, -845837788//382299125, -12870958212//382299125, 1235540511//382299125, -3510901032//76459825, -1946879371//29407625, -6032259672//382299125, -53777914397//382299125, -3823418416//382299125, -29392403437//382299125, -1669617422//5881525, 12866958134//76459825, -5220327759//76459825, -241645492//76459825, 16902096331//382299125, -23282357346//382299125, 21655096328//382299125, -3505087504//76459825, 9480407056//382299125, -5275557281//382299125, -1679517966//382299125, 129477484//29407625, -4342067991//382299125, -365316764//76459825, 76252776//76459825, 106440764//76459825, -191676258//76459825, 78426827//29407625, -866299956//382299125, 593106598//382299125, -67644717//76459825, 82212981//382299125, 2979733//29407625, -167013091//382299125, 138904032//382299125, -151699221//382299125]
2; 6; 10; 4; 4; 1; 1; 3; 1; 1; [1204937653//778376625, 641295871//778376625, 1923907174//778376625, -484392407//778376625, 714939884//259458875, 43514566//59875125, -1579507526//259458875, -1810382734//259458875, -1339137924//259458875, -17856262//3991675, -815927583//51891775, -1796820698//155675325, -50136397//51891775, -33455192383//778376625, -33953487611//778376625, -25590356144//778376625, 6135022649//259458875, 663688156//59875125, -16609277363//778376625, 227868539128//778376625, 163585100837//778376625, 227455438297//778376625, 2986997679//51891775, 23947599341//155675325, -38621471738//155675325, 39396401144//155675325, -162458178304//778376625, 106943015567//778376625, -19312130579//259458875, 1266676567//59875125, 11707061239//778376625, -25506527444//778376625, 12677366783//259458875, -16583584549//778376625, 27449313451//778376625, -1554910727//155675325, 1812726164//155675325, -537421269//51891775, 392232242//51891775, -269283968//59875125, 454193114//259458875, 67115408//778376625, -305223258//259458875, 1245440069//778376625, -1188059524//778376625, 1101364789//778376625, -434105384//778376625, 462715711//778376625]
2; 6; 10; 4; 8; 1; 1; 11; 1; 1; [-1655867136//382299125, 222412399//382299125, -2328951817//382299125, -2784201632//382299125, 247750102//76459825, -4408854382//382299125, 3523661692//382299125, 159989734//15291965, -2047808147//382299125, 4628480646//76459825, -4196031//76459825, 562979031//76459825, 6295520486//76459825, 50822577696//382299125, -4034551069//382299125, 95716188277//382299125, 1442200099//29407625, -6140808329//76459825, 84696422312//382299125, -271465550552//382299125, -2646011171//76459825, -85291920638//382299125, -126274706964//76459825, 90587064864//76459825, -51978860429//76459825, 19702080621//76459825, 18845438298//382299125, -79469209762//382299125, 104533361721//382299125, -91865909039//382299125, 13765711957//76459825, -39566005914//382299125, 7039522154//382299125, -435356366//76459825, -12910304884//382299125, -3034309656//76459825, 1428722146//76459825, -213836466//76459825, -527460936//76459825, 4355261208//382299125, -4427753267//382299125, 3705115236//382299125, -2432574514//382299125, 252167961//76459825, -288081364//382299125, -479955761//382299125, 108296106//76459825, -694423129//382299125]
2; 6; 10; 4; 11; 1; 1; 5; 1; 1; [-7600868//26385125, -23323204//79155375, 69480878//79155375, 6330512//6088875, -2899103//5277025, 38322848//79155375, -6643717//26385125, -185664086//79155375, 1168338//5277025, 206413//3166215, -8126894//15831075, 57592039//15831075, -26442231//5277025, 84913713//26385125, 799092974//79155375, -579778253//79155375, -724186471//79155375, 135336727//15831075, -336636466//26385125, 7140819731//79155375, 9681358951//79155375, 331934337//5277025, 74676008//1055405, 275676461//15831075, -1030097366//15831075, 1266288997//15831075, -5783185108//79155375, 1458066334//26385125, -889648208//26385125, 1107815662//79155375, -579232//3166215, -645604684//79155375, 1180303388//79155375, -399793672//79155375, 177791143//15831075, -1427212//633243, 18363918//5277025, -55536124//15831075, 44916028//15831075, -149877383//79155375, 25979619//26385125, -6776213//26385125, -6006271//26385125, 2412628//5277025, -13358733//26385125, 39723133//79155375, -5175424//26385125, 3536183//15831075]
2; 6; 10; 4; 12; 1; 1; 6; 1; 1; [6464//4225, 180303//84500, 127473//16900, 570907//42250, 494384//21125, 2931243//84500, 1943889//42250, 1190096//21125, 209227//3250, 530527//8450, 1096059//16900, 36958//845, 750127//16900, -583343//16900, -6902823//84500, -425797//1690, -30939339//84500, -27123633//42250, -68941503//84500, -18669962//21125, -19246881//21125, -30860311//42250, -6441421//16900, -1034821//16900, 53038//169, -3317549//8450, 1229791//3380, -1823863//6500, 675386//4225, -604499//6500, -1922043//84500, -59977//42250, -7860369//84500, 958663//84500, -3183543//42250, 177751//16900, -71486//4225, 59047//3380, -120381//8450, 162739//16900, -435319//84500, 5127//4225, 55693//84500, -230263//84500, 36994//21125, -243719//84500, 15737//21125, -126931//84500]
2; 6; 10; 4; 3; 1; 1; 2; 1; 1; [-6411799//9949875, 42817236//56382625, 3743224//11276525, -130118834//33829575, 23265002//56382625, 255284962//33829575, -907184012//169147875, -480534194//169147875, 10625389//867425, -146244382//33829575, -81984056//11276525, 4454453//520455, 1446891//132665, 4052578313//169147875, -3563357886//56382625, 19568202//11276525, 4366795816//33829575, -994667417//13011375, -5550259571//33829575, 10552267134//56382625, -25263147701//169147875, -2432114229//11276525, 12597039413//33829575, -1481402173//33829575, -1053924647//6765915, 1637282839//6765915, -41048421281//169147875, 32896977911//169147875, -4454501693//33829575, 831223178//11276525, -16024678//765375, -153217253//6765915, 6713273761//169147875, -6960086543//169147875, 222374727//11276525, -135989798//33829575, 8518662//867425, -25416389//2255305, 22372826//2255305, -93114127//13011375, 698581271//169147875, -54982714//33829575, -149759//2255305, 190143812//169147875, -18999819//11276525, 272041966//169147875, -209110058//169147875, 17253818//33829575]
2; 6; 10; 4; 9; 1; 1; 6; 1; 1; [-324247//126750, -137043//42250, -232909//42250, -33607//12675, -370837//63375, -88294//21125, -299771//63375, -1195739//126750, -187917//16900, -33937//8450, -190201//12675, 339977//16900, -256089//16900, 3344619//42250, 9405389//126750, 7567869//42250, 480689//10140, 9708901//84500, -9336247//253500, -8798471//253500, 33484363//253500, -1692731//8450, 2580013//50700, 14086213//25350, -20260277//25350, 13255181//16900, -26150113//42250, 34614103//84500, -8155243//42250, 87341//1950, 2660069//42250, -2247723//21125, 9290739//84500, -22212191//253500, 2830631//50700, -420722//12675, 619663//16900, -798683//25350, 283208//12675, -3191173//253500, 389403//84500, 306317//253500, -102919//25350, 327286//63375, -1182811//253500, 218468//63375, -509621//253500, 293//390]
2; 6; 10; 4; 5; 1; 1; 9; 1; 1; [-3435184853//1146897375, -3676626388//1146897375, -4934270024//1146897375, -3484341154//1146897375, -1755446116//382299125, 1840559723//1146897375, 8387513464//1146897375, 7431248191//1146897375, 4533486673//382299125, 370746068//15291965, 789403217//76459825, 5493487054//229379475, 256825919//9175179, 39588258701//382299125, 107600290048//1146897375, 102294897274//1146897375, -14889531671//1146897375, -95408695142//1146897375, -343659909848//1146897375, -344236689154//1146897375, -235573239091//1146897375, -145855930763//382299125, -2863800937//9175179, 8609173882//17644575, -112876270796//229379475, 3681109067//9175179, -100462187292//382299125, 163358335064//1146897375, -36703196083//1146897375, -35446395718//1146897375, 67854161894//1146897375, -31771409678//382299125, 17646113616//382299125, -59281302778//1146897375, 196983577//29407625, -348295332//15291965, 1535334988//76459825, -3334714274//229379475, 78267544//9175179, -3713559586//1146897375, -96619197//382299125, 943895129//382299125, -1197067841//382299125, 1093739563//382299125, -2871972449//1146897375, 1324208083//1146897375, -72718691//88222875, -283565752//1146897375]
2; 6; 10; 4; 8; 1; 1; 5; 1; 1; [-5175304//26385125, -8323189//15831075, -147189352//79155375, -154001123//79155375, -12088594//26385125, -16696483//26385125, 11545382//15831075, 1059661//633243, 167507843//26385125, 5418103//633243, 19753733//15831075, 124495274//15831075, 96250722//5277025, 522846959//26385125, 417229556//15831075, 5274152807//79155375, 4407975718//79155375, 224062682//79155375, -2672789726//79155375, -1065481903//15831075, -1137390752//15831075, -15201889289//79155375, -28852403//211081, 1203830353//15831075, -400154401//15831075, -123486184//15831075, 168839422//6088875, -163353042//5277025, 2529955096//79155375, -1495123321//79155375, 342369252//26385125, -545068933//79155375, -48902312//15831075, -1398472//15831075, -344772114//26385125, -1264895//633243, 819354//5277025, 15155431//15831075, -22012546//15831075, 111776066//79155375, -1153744//1055405, 62682146//79155375, -8503832//26385125, 6961391//79155375, 1782954//26385125, -761819//3166215, 718959//5277025, -26245142//79155375]
2; 6; 10; 4; 4; 2; 1; 9; 1; 1; [-126591668//382299125, -376162294//1146897375, -120625064//1146897375, -125955202//382299125, -1040828036//1146897375, -1890466321//1146897375, 240174164//1146897375, -40204894//1146897375, -26938254//29407625, 158407642//229379475, 9950016//15291965, 56783537//17644575, 202234282//76459825, 4504085003//382299125, 2286430898//382299125, -282224086//1146897375, -5023872163//382299125, 1873768327//88222875, 8678010987//382299125, -54738133124//1146897375, -16630213241//1146897375, 25263747421//1146897375, 7490150527//229379475, -54768119//15291965, -3164826869//229379475, 1645863062//76459825, -8033848971//382299125, 20280396527//1146897375, -4438877371//382299125, 2048791101//382299125, -48206969//88222875, -386764192//1146897375, 697578653//1146897375, -4241717783//1146897375, 4132109263//1146897375, -27706599//76459825, 3081604//3528915, -228246311//229379475, 67080723//76459825, -18303027//29407625, 427621022//1146897375, -54365556//382299125, -10740309//382299125, 47408576//382299125, -44855714//382299125, 33337376//382299125, -42111856//382299125, 30564221//382299125]
2; 6; 10; 4; 7; 1; 1; 9; 1; 1; [1226464727//382299125, -846496353//382299125, -843438764//382299125, 258651609//382299125, -1943189958//382299125, -2717265033//382299125, 2585187016//382299125, 153545529//29407625, -6123930099//382299125, 223798442//76459825, 1749281487//76459825, -442770051//76459825, 209507232//15291965, -2013243174//29407625, 42908137183//382299125, -369116217//29407625, -1076652269//382299125, 104011545328//382299125, 49467493128//382299125, -126779227456//382299125, -36422352327//382299125, 4710869518//29407625, -52750366438//76459825, -26973938358//76459825, 68082936569//76459825, -3142309185//3058393, 345372763574//382299125, -249771757696//382299125, 147136002452//382299125, -57945361007//382299125, -674472441//382299125, 43323281784//382299125, -4577449736//29407625, 48948549709//382299125, -36075274748//382299125, 2496497808//76459825, -3476738882//76459825, 3366977316//76459825, -528543408//15291965, 654311968//29407625, -4098585516//382299125, 770364992//382299125, 1327885093//382299125, -2201086766//382299125, 2442011184//382299125, -2101835793//382299125, 1336130374//382299125, -683419023//382299125]
2; 6; 10; 4; 3; 1; 1; 10; 1; 1; [1048235293//229379475, -1689776396//1146897375, -2554384407//382299125, -2375038298//1146897375, 3750783196//1146897375, -1478070251//229379475, -1498049402//76459825, -8283799178//1146897375, 623514766//17644575, 5397426542//229379475, -2683020222//76459825, 124132666//17644575, 8266300472//76459825, -31101661991//229379475, 34163187316//1146897375, 250405141211//1146897375, 265406218183//1146897375, -6817047787//88222875, -37987525231//229379475, 33639137764//76459825, 521586111898//1146897375, -91678326304//76459825, -389587752133//229379475, 19518408479//229379475, 198906013498//229379475, -285784409314//229379475, 93487585871//76459825, -1117219203637//1146897375, 247436428536//382299125, -350609983081//1146897375, 5670822194//88222875, 18864968956//229379475, -32959090441//229379475, 223768200269//1146897375, -46102101008//229379475, 5692278373//229379475, -915170588//17644575, 4388402049//76459825, -3768203887//76459825, 205490071//5881525, -7587952524//382299125, 8434050458//1146897375, 2078845189//1146897375, -7414072438//1146897375, 357008594//45875895, -1578332063//229379475, 6695512544//1146897375, -39981479//9175179]
2; 6; 10; 4; 12; 1; 1; 6; 2; 1; [-207473//42250, -13551//16900, -178781//84500, 440313//84500, 135492//21125, 99147//84500, 22155//676, 1527467//42250, 638941//21125, 195254//4225, 22329//1690, 1089943//16900, 111439//16900, 7022571//84500, 28671//16900, 1650141//84500, -37284003//84500, -16292749//42250, -1836339//6500, -18005023//16900, -1465222//1625, -109190719//84500, -10855519//16900, 823479//676, -22122907//16900, 9381087//8450, -16296858//21125, 557901//1300, -3024523//21125, -5884719//84500, 5701713//42250, -4120359//21125, 1953697//16900, -81003//500, 1185783//84500, -250644//4225, 46302//845, -698683//16900, 215673//8450, -237213//21125, 14073//16900, 229309//42250, -176451//21125, 640021//84500, -276963//42250, 54823//16900, -60383//21125, -52927//84500]
2; 6; 10; 4; 11; 1; 1; 2; 1; 1; [-35587506//56382625, -79916526//56382625, -110936//451061, -55178818//56382625, -102965134//56382625, 20777662//56382625, 134457939//56382625, 105396042//56382625, 304435806//56382625, 9888266//867425, 13694307//2255305, 31395528//11276525, 188380941//11276525, 1674378011//56382625, 2099018276//56382625, -92256334//11276525, 1669161483//56382625, 609454224//56382625, -5735907097//56382625, -5679721789//56382625, -4768750567//56382625, -13603205606//56382625, -2902030627//11276525, 143336179//2255305, 701763378//11276525, -1375726939//11276525, 7627595478//56382625, -6343967817//56382625, 902261911//11276525, -2461746191//56382625, 909912612//56382625, -8050356//56382625, -1118243887//56382625, 829978089//56382625, -1565113148//56382625, 9724972//11276525, -10623306//2255305, 68084407//11276525, -63212586//11276525, 242650548//56382625, -148263637//56382625, 13469114//11276525, -5245631//56382625, -29570173//56382625, 40654554//56382625, -50462457//56382625, 32635754//56382625, -35980103//56382625]
2; 6; 10; 4; 9; 1; 1; 6; 2; 1; [17189//19500, 323//195, 12751//3250, 20497//9750, 8299//1625, 31477//9750, 21533//3250, 200333//19500, 29999//3900, 1721//130, 24503//1300, -4673//780, 16247//1300, -542249//19500, -459//13, -2357161//19500, -114763//1500, -882761//6500, -962419//19500, -1274449//9750, -61414//375, 127772//975, -33197//260, -765731//3900, 54181//156, -357131//975, 5946503//19500, -11057//52, 2124797//19500, -768527//19500, -445249//19500, 203432//4875, -1114109//19500, 14233//375, -5302//195, 10693//780, -5427//325, 3949//260, -7361//650, 133603//19500, -193//65, -83//3250, 29903//19500, -11581//4875, 10522//4875, -3002//1625, 4804//4875, -857//1950]
2; 6; 10; 4; 3; 1; 1; 8; 1; 1; [264528251937//60020962625, -320601854893//180062887875, 225457236737//180062887875, -662513704067//60020962625, -630337345138//60020962625, 3520663154582//180062887875, -2254952365997//180062887875, -1268996327108//180062887875, 381812147746//13850991375, -444336888702//12004192525, 140255337233//12004192525, 1967972069//110807931, 19915063976//480167701, -9356893711156//180062887875, -5510714147//382299125, -24476370056627//180062887875, 93410270096126//180062887875, 1059693112171//4616997125, -26751059803084//60020962625, 29797793229679//60020962625, -121782022199072//180062887875, -126556714722908//180062887875, 9775186293068//12004192525, -43972458561196//36012577575, 8777542105393//7202515515, -1405051893013//1440503103, 115930305278642//180062887875, -59069443363286//180062887875, 12967507541039//180062887875, 6323707189536//60020962625, -2054778882641//13850991375, 9130335788758//60020962625, -22321588277234//180062887875, 12990783751784//180062887875, -16048466359594//180062887875, 2036613773866//36012577575, -136411386658//2770198275, 254721524974//7202515515, -9757301826//480167701, 105522036604//13850991375, 215411067289//180062887875, -1123497314216//180062887875, 1480407402763//180062887875, -1264032010073//180062887875, 917536006804//180062887875, -534806881454//180062887875, 169866211334//180062887875, -44152217338//60020962625]
2; 6; 10; 4; 2; 1; 1; 7; 1; 1; [-4081614332//7202515515, -189903322019//180062887875, -155503077647//180062887875, -108747913801//60020962625, -185508520088//180062887875, 29013550673//36012577575, 54051407336//36012577575, 45936836636//36012577575, 8636489993//4616997125, 17281633052//12004192525, -4530698877//2400838505, 13915405916//2770198275, 70656653461//7202515515, 950912748832//36012577575, 7366321526399//180062887875, 2517823831074//60020962625, 11927151265493//180062887875, 259496975891//13850991375, -1392159469598//36012577575, -101796062198//1440503103, -527653971467//7202515515, -14183576725697//180062887875, -199365111048//12004192525, 549539839972//7202515515, -1150885283364//12004192525, 642300957106//7202515515, -2372616781078//36012577575, 7783034264182//180062887875, -2960173468799//180062887875, 262746596563//60020962625, 132887891048//13850991375, -175989264578//12004192525, 345647298238//36012577575, -487932046832//36012577575, 569949702589//180062887875, -149087233286//36012577575, 469377488//110807931, -124587087148//36012577575, 5629114223//2400838505, -3328318934//2770198275, 22414589189//60020962625, 16677863712//60020962625, -85549858001//180062887875, 110175321749//180062887875, -6595461008//12004192525, 11119444861//36012577575, -9865645184//36012577575, 1986167419//180062887875]
2; 6; 10; 4; 12; 1; 1; 4; 1; 1; [82930513//79155375, -2161999//26385125, -2795458//3166215, 44117192//79155375, 12152672//79155375, 1401282//26385125, -34242021//26385125, -244996192//79155375, 32488783//15831075, -2524996//5277025, -12981574//3166215, 3450518//3166215, 49433191//15831075, -3294246598//79155375, 690798197//79155375, 97578397//3166215, 4063027//2029625, -302410239//26385125, -4384321126//79155375, 5191225123//79155375, 8597456327//79155375, -748027688//5277025, -172298806//1217775, -26440394//1055405, 369295322//3166215, -2325210559//15831075, 10608018461//79155375, -8108672374//79155375, 205468844//3166215, -2226742441//79155375, 133863554//79155375, 856350902//79155375, -1327280336//79155375, 646969132//26385125, -23324384//1055405, 20716911//5277025, -1337048//211081, 6847898//1055405, -83990821//15831075, 93622747//26385125, -148291189//79155375, 1741388//3166215, 29183884//79155375, -65076491//79155375, 68437682//79155375, -19395397//26385125, 17386062//26385125, -7055263//15831075]
2; 6; 10; 4; 11; 1; 1; 10; 1; 1; [2356579353//382299125, 3850153864//382299125, 2320137763//382299125, 148964891//76459825, 3097412028//382299125, 4316395897//382299125, -976281603//76459825, -18568097359//382299125, -17856521439//382299125, -1864456316//76459825, -4057227858//76459825, -7815107054//76459825, -2800459583//76459825, -65442695623//382299125, -121647128104//382299125, -77210285768//382299125, 991019622//5881525, 112626121002//382299125, 29232764243//382299125, 117366027//235261, 652072609824//382299125, 779934034439//382299125, 41497550389//76459825, -42133429453//76459825, 33595057266//76459825, -22781691148//76459825, 55339000981//382299125, -20479645577//382299125, -16629540534//382299125, 5958044834//76459825, -1884415238//29407625, 26696201589//382299125, -1863574039//76459825, 39686888662//382299125, 31731536237//382299125, 1703553136//76459825, -1237773412//76459825, 712515159//76459825, -281624172//76459825, -210495919//382299125, 70833291//29407625, -1395489964//382299125, 52041492//15291965, -857637419//382299125, 621888549//382299125, -22027973//76459825, 588915752//382299125, 781446532//382299125]
2; 6; 10; 4; 8; 1; 1; 2; 1; 1; [-31653142//56382625, -14402913//56382625, -208508//11276525, -31937528//56382625, -49399656//56382625, 18096231//11276525, 135083//333625, -39264646//56382625, 22961521//4337125, 45926412//11276525, -44426388//11276525, 57277676//11276525, 45351577//11276525, 6963418//333625, -245543507//56382625, -1258982//663325, 942193153//56382625, -584462784//56382625, -697910974//11276525, -765322127//56382625, -87740278//4337125, -9858836373//56382625, -213324//663325, 95529776//663325, -2245940804//11276525, 2171793862//11276525, -8442279839//56382625, 5454556734//56382625, -528158608//11276525, 519314349//56382625, 844218083//56382625, -328119526//11276525, 1512796684//56382625, -1333822442//56382625, 430311241//56382625, -94243582//11276525, 101940168//11276525, -5084088//663325, 60583293//11276525, -167142379//56382625, 56867614//56382625, 3701356//11276525, -58094586//56382625, 4133704//3316625, -41100//34697, 46612549//56382625, -29379992//56382625, 3466201//56382625]
2; 6; 10; 4; 9; 1; 1; 4; 1; 1; [-29566139//26385125, 1245988//2029625, -17665556//26385125, -114348092//26385125, -180847688//79155375, 34005983//15831075, 1470199//26385125, 99755301//26385125, 1316887748//79155375, 80463832//15831075, -8708239//1055405, 321086392//15831075, 87322622//3166215, 1195991799//26385125, -2672360762//79155375, 2481423323//79155375, 7321530626//79155375, -1720178062//79155375, -834892597//15831075, 1328310983//79155375, -24760637048//79155375, -50481823823//79155375, -116706311//5277025, 848267189//3166215, -435532876//1217775, 1082933959//3166215, -20712542134//79155375, 4374865413//26385125, -2036414667//26385125, 1256602558//79155375, 2254704454//79155375, -263750686//5277025, 301739033//6088875, -4283174794//79155375, -152079959//79155375, -240252862//15831075, 10193506//633243, -213246667//15831075, 9868463//1055405, -133133828//26385125, 42126063//26385125, 57647804//79155375, -48449179//26385125, 58752823//26385125, -6466082//3166215, 38952478//26385125, -89615944//79155375, -5175883//26385125]
2; 6; 10; 4; 6; 1; 1; 7; 1; 1; [-17636720001//60020962625, -2970113031//2400838505, 161156226731//180062887875, -195702856139//60020962625, -59814040108//36012577575, 211618487566//180062887875, -61984186256//60020962625, 1806145972786//180062887875, 19893593228//13850991375, 155410406548//12004192525, 309836192219//12004192525, -25308167512//2770198275, 843330735934//36012577575, 1891184049431//60020962625, 41650448659//2400838505, -6309355707766//180062887875, 15945885328987//180062887875, -82563353809//2770198275, -2503837912231//180062887875, -16643803818232//180062887875, -68485609361386//180062887875, 8357490746821//180062887875, -6429086622937//12004192525, -2699312814511//12004192525, 7490125737788//12004192525, -8791458201702//12004192525, 117862901825239//180062887875, -229441638189//480167701, 50773702725542//180062887875, -19943358663869//180062887875, -19576786057//2770198275, 13313256886607//180062887875, -18750036865031//180062887875, 4674258212879//60020962625, -4296393303259//60020962625, 270589902532//12004192525, -89345813524//2770198275, 1138196905771//36012577575, -300334981033//12004192525, 226401746423//13850991375, -19313322073//2400838505, 298024602632//180062887875, 436121531626//180062887875, -51057109712//12004192525, 806812788557//180062887875, -692438295116//180062887875, 410986890232//180062887875, -249260122067//180062887875]
2; 6; 10; 4; 11; 1; 1; 8; 1; 1; [21354948556//60020962625, -11362943193//2400838505, -234501259587//60020962625, -207720607761//60020962625, -242683792226//60020962625, -51501847027//12004192525, -114396749552//60020962625, 866506235318//60020962625, 1511341026224//60020962625, 39727784956//2400838505, 212453034033//12004192525, 387619998709//12004192525, 737799503479//12004192525, -55585672696//60020962625, 781961631//5881525, 7015008842277//60020962625, 494680126612//4616997125, -304262812453//4616997125, -1148650292544//12004192525, -4557536338538//60020962625, -36606087486183//60020962625, -62374007419064//60020962625, -2054531596682//2400838505, -715501564972//12004192525, 537859748753//923399425, -9204605678761//12004192525, 43714534094612//60020962625, -6671792658374//12004192525, 21631016141411//60020962625, -9643222651342//60020962625, 1203233001368//60020962625, 143810048813//2400838505, -6347547493824//60020962625, 4607674956766//60020962625, -7938316125882//60020962625, 8908467031//480167701, -391936565838//12004192525, 414138595086//12004192525, -344746730919//12004192525, 1189998104362//60020962625, -127692659966//12004192525, 208593715516//60020962625, 99640673823//60020962625, -19337539519//4616997125, 56783880587//12004192525, -259833185784//60020962625, 155461241906//60020962625, -163298979772//60020962625]
2; 6; 10; 4; 10; 1; 1; 7; 1; 1; [-203378677919//60020962625, -48504132546//12004192525, -170996131958//60020962625, -60318521583//60020962625, 3487306702//60020962625, -130264467587//60020962625, 671248625826//60020962625, 294500204162//12004192525, 1047086647707//60020962625, 225495296856//12004192525, 281818649274//12004192525, 98080640509//2400838505, 46129921446//2400838505, 5384648301159//60020962625, 7842915444//71030725, 5030835370838//60020962625, -6952849198182//60020962625, -13779999377257//60020962625, -5740263263343//60020962625, -25210400425646//60020962625, -8944246248827//12004192525, -44525562494542//60020962625, -4249238370009//12004192525, 352884008163//923399425, -767961724563//2400838505, 540470087961//2400838505, -7182760685208//60020962625, 553938787683//12004192525, 1121025625269//60020962625, -229640265552//4616997125, 2555872335304//60020962625, -3112750107734//60020962625, 962076978347//60020962625, -656938968571//12004192525, -115209819832//4616997125, -190589571831//12004192525, 144121437466//12004192525, -3522075767//480167701, 7833611859//2400838505, -8381321118//60020962625, -17901046692//12004192525, 11049401598//4616997125, -143638099506//60020962625, 7540604908//4616997125, -76978266714//60020962625, 14524747907//60020962625, -9266413346//12004192525, -47784190356//60020962625]
2; 6; 10; 4; 12; 1; 1; 3; 1; 1; [-13891470648//3372965375, 949797006//3372965375, 14558598076//3372965375, 1712309514//3372965375, -5654995596//3372965375, -2043096793//674593075, 48782792932//3372965375, 59575310618//3372965375, -30539972751//3372965375, -14948834184//674593075, 3860808639//674593075, 851517799//26983723, -3344216662//134918615, 299863397398//3372965375, -191583406226//3372965375, -470925390891//3372965375, -138979514314//3372965375, 52978039051//3372965375, -24697254866//674593075, -1037398155032//3372965375, -1105367742733//3372965375, 1691957017436//3372965375, 628642618686//674593075, -88219948706//674593075, -48411825947//134918615, 15485167342//26983723, -1966693506016//3372965375, 1607563067082//3372965375, -1109710588248//3372965375, 562424098138//3372965375, -153197702527//3372965375, -4813524371//134918615, 1196738626//19958375, -328716665884//3372965375, 317710580768//3372965375, -5926839586//674593075, 15660920356//674593075, -3646293556//134918615, 3233408868//134918615, -58802570876//3372965375, 34644194692//3372965375, -14312254298//3372965375, -1068214632//3372965375, 9437559243//3372965375, -2512121107//674593075, 10908120584//3372965375, -10048566244//3372965375, 7202014853//3372965375]
2; 6; 10; 4; 2; 1; 1; 12; 1; 1; [-57017931//382299125, -66143352//382299125, -33998672//1146897375, -262409231//1146897375, 811347076//1146897375, 1624458766//1146897375, 2642236976//1146897375, 306867608//229379475, 31236233//17644575, 124592604//76459825, 152308044//76459825, -8045304//5881525, 543473936//76459825, -671108244//382299125, 5249107332//382299125, -6801256191//382299125, 852542157//382299125, -3280903852//88222875, -59286606256//1146897375, -22257050762//382299125, -7817993579//229379475, -691910549//45875895, -8535343956//76459825, -3489622356//76459825, 9797185588//76459825, -11519501454//76459825, 51446112948//382299125, -37533288804//382299125, 66324928406//1146897375, -9071955779//382299125, -240911966//88222875, 14845862432//1146897375, -8870242306//382299125, 276106644//15291965, -3644559383//229379475, 352963896//76459825, -117105284//17644575, 497955132//76459825, -394518336//76459825, 99106656//29407625, -633760029//382299125, 388783106//1146897375, 551516263//1146897375, -1033066688//1146897375, 1010544032//1146897375, -948032453//1146897375, 116832332//229379475, -70555811//229379475]
2; 6; 10; 4; 8; 1; 1; 10; 1; 1; [-342996136//382299125, -253751677//382299125, -372514777//382299125, -964839024//382299125, -90758778//29407625, -97711468//76459825, -460505507//382299125, -331874916//382299125, 2927422054//382299125, 854727688//76459825, 24968649//5881525, 403281589//76459825, 252421223//15291965, 13870860656//382299125, 8062432887//382299125, 19428732367//382299125, 34747353829//382299125, 1486531833//29407625, -2611523442//76459825, -7539154843//382299125, -20619996469//382299125, -109969943609//382299125, -13517609072//76459825, 9526367582//76459825, -5282219491//76459825, 74975207//3058393, 3435052083//382299125, -8797679924//382299125, 11940371531//382299125, -8421312553//382299125, 8297181577//382299125, -1012576016//76459825, 1543435106//382299125, -945926182//382299125, -6060091837//382299125, -24111791//5881525, 141007938//76459825, -12106824//76459825, -12679917//15291965, 494467173//382299125, -36481868//29407625, 402697936//382299125, -225593268//382299125, 145890817//382299125, -8402506//76459825, -38758909//382299125, 45131818//382299125, -162074322//382299125]
2; 6; 10; 4; 9; 1; 1; 3; 1; 1; [-2900998986//3372965375, 409394299//674593075, -2590613286//674593075, 4259453171//3372965375, -14437424048//3372965375, 1226076227//3372965375, 6113281184//3372965375, 11112038254//3372965375, 30416297658//3372965375, -4309981874//674593075, 3842892864//134918615, -9923063417//674593075, 4689954219//134918615, 77003888196//3372965375, -6429356407//674593075, 87090362449//674593075, -385973036151//3372965375, 678689012633//3372965375, -579944108702//3372965375, 71624845426//3372965375, -111881004913//259458875, -394945125108//3372965375, -100911006284//674593075, -74706195702//134918615, 576539039933//674593075, -116117276718//134918615, 181214502621//259458875, -62812959032//134918615, 165293496986//674593075, -223679497323//3372965375, -152151891731//3372965375, 346770860509//3372965375, -31320286624//259458875, 285859746028//3372965375, -266717217564//3372965375, 23496285639//674593075, -5380753112//134918615, 23626582952//674593075, -683177283//26983723, 49845657333//3372965375, -3863823419//674593075, -72710966//134918615, 1069683539//259458875, -17862852311//3372965375, 16779387349//3372965375, -13152721827//3372965375, 7026071888//3372965375, -4115635704//3372965375]
2; 6; 10; 4; 4; 1; 1; 11; 1; 1; [1031623302//382299125, 3568572697//1146897375, 1957637059//1146897375, -1856174098//1146897375, 1527835968//382299125, 1119271112//229379475, -3899529208//382299125, -6546642539//382299125, -991870406//88222875, -368258736//76459825, -1389994973//76459825, -49747153//1176305, 1031168616//76459825, -75860635181//1146897375, -128666202217//1146897375, -52896707174//1146897375, 62888345856//382299125, 3142472042//88222875, -842808199//45875895, 93369840308//382299125, 632142840412//1146897375, 713133756358//1146897375, -14320496741//76459825, -67268841569//229379475, 4695055343//9175179, -124067333192//229379475, 514554005552//1146897375, -120851612657//382299125, 190829993138//1146897375, -51905479696//1146897375, -2049635764//88222875, 14719289111//229379475, -74011090483//1146897375, 105436886156//1146897375, -23681147746//1146897375, 4645815428//229379475, -435758872//17644575, 1026716773//45875895, -1276922811//76459825, 888464644//88222875, -5065009141//1146897375, 24095316//382299125, 958581593//382299125, -3792980927//1146897375, 741259037//229379475, -2695731488//1146897375, 814220492//382299125, -320596091//1146897375]
2; 6; 10; 4; 8; 1; 1; 8; 1; 1; [-9758402882//60020962625, -19410646909//60020962625, -42968019247//60020962625, 872188813//4616997125, -58586846756//60020962625, 8264527827//4616997125, 2971433031//2400838505, 75596602938//60020962625, 73215077549//60020962625, 21111213978//12004192525, -861627042//184679885, 71250090363//12004192525, 4644157558//12004192525, 245252319367//60020962625, 6430626757//382299125, 13746879024//4616997125, -479510874489//60020962625, 114438200191//60020962625, -4945577598881//60020962625, -180756638599//12004192525, -1967202392303//60020962625, -1768639129029//60020962625, 439142014833//12004192525, 373870813457//2400838505, -2843576310587//12004192525, 2855704183378//12004192525, -11495865391609//60020962625, 7690730710487//60020962625, -3897266262334//60020962625, 947405278103//60020962625, 930966507258//60020962625, -2068846254788//60020962625, 395241207311//12004192525, -1811548194569//60020962625, 1133721844553//60020962625, -8948232481//923399425, 5293658580//480167701, -115721978653//12004192525, 83472190287//12004192525, -241586738069//60020962625, 93374617152//60020962625, 12444642396//60020962625, -5473196254//4616997125, 90932279018//60020962625, -88938788658//60020962625, 12759371109//12004192525, -41913888904//60020962625, 16707294618//60020962625]
2; 6; 10; 4; 6; 1; 1; 12; 1; 1; [622613281//1146897375, -1746399748//1146897375, -2619873973//1146897375, -4726255237//1146897375, -2946609304//1146897375, -1782709649//1146897375, 246520058//1146897375, 475148711//76459825, 453489919//88222875, 364088168//76459825, 85307878//76459825, 862322//3528915, 2328714341//229379475, 1453940539//1146897375, 29860721016//382299125, 21176966741//382299125, 39912091964//382299125, -348685704//29407625, -53052949347//382299125, -41479511146//382299125, -56839273129//229379475, 44117530853//1146897375, -7672768587//76459825, -28499113031//229379475, 10576290854//45875895, -56569882154//229379475, 238976207947//1146897375, -54083320897//382299125, 94463881034//1146897375, -24831493924//1146897375, -914552531//88222875, 8661001434//382299125, -45048893269//1146897375, 179462204//9175179, -8007754567//382299125, 2060688356//229379475, -197597248//17644575, 472337273//45875895, -592274602//76459825, 420115679//88222875, -773532567//382299125, 67778858//382299125, 429346642//382299125, -579997521//382299125, 1569465752//1146897375, -1464113674//1146897375, 129472852//229379475, -406950836//1146897375]
2; 6; 10; 4; 10; 1; 1; 12; 1; 1; [-70324523//382299125, 39735257//15291965, 1307134029//382299125, 978225567//382299125, 271928692//382299125, 1367123606//382299125, 2029375772//382299125, -4251432463//382299125, -7327270669//382299125, -1467459748//76459825, -656356947//76459825, -905993254//76459825, -54023214//1176305, 1234072858//382299125, -5701395069//76459825, -47924561614//382299125, -36024928937//382299125, 36796248953//382299125, 2720206808//29407625, 16135808838//382299125, 120224884913//382299125, 247950977974//382299125, 62908684622//76459825, 3524566258//76459825, -41532117174//76459825, 11047502078//15291965, -263063605656//382299125, 40451089476//76459825, -131270079517//382299125, 58954389519//382299125, -7273507491//382299125, -125458327//2262125, 37497763484//382299125, -32230882271//382299125, 42067783182//382299125, -1312824352//76459825, 2345419572//76459825, -14722194//452425, 415860552//15291965, -7195892436//382299125, 779334444//76459825, -1291947492//382299125, -575260201//382299125, 1511853009//382299125, -1703948213//382299125, 1555511879//382299125, -1025459156//382299125, 879139467//382299125]
2; 6; 10; 4; 5; 1; 1; 7; 1; 1; [-131868366564//60020962625, 20419431697//12004192525, -467949837617//180062887875, 18999058888//60020962625, 607739647349//180062887875, -833863373482//180062887875, 530124921767//180062887875, -139414205339//60020962625, -9103843799//13850991375, 29804778298//36012577575, -1120771059493//36012577575, 100157881204//7202515515, -8211381911//36012577575, 6748065494117//180062887875, -1031906231324//36012577575, 7485777299874//60020962625, -116069170636//1065460875, -19016988917674//180062887875, 4682857171034//60020962625, -17859442275037//180062887875, 11494094263979//60020962625, -32042172117158//180062887875, 7027367521318//36012577575, 23371073815117//36012577575, -2432915331134//2400838505, 12323263605683//12004192525, -149666300983039//180062887875, 20023595642729//36012577575, -50870449084634//180062887875, 12697028863343//180062887875, 3484999713586//60020962625, -22924415842924//180062887875, 8416336534223//60020962625, -20843675209444//180062887875, 14446384814401//180062887875, -494272803651//12004192525, 1707573111838//36012577575, -300920948047//7202515515, 28004073139//923399425, -1062342691243//60020962625, 49846499572//7202515515, 141321127841//180062887875, -912080490187//180062887875, 1152749215013//180062887875, -1087000315954//180062887875, 827922608924//180062887875, -38466690748//13850991375, 72112405017//60020962625]
2; 6; 10; 4; 4; 1; 1; 5; 1; 1; [418754857//237466125, 650911711//237466125, 104023262//79155375, 80367518//47493225, 915216457//237466125, -45139454//47493225, -85533328//9498645, -38147769//5277025, -210472909//79155375, -167596432//9498645, -381445843//15831075, -479326526//47493225, -341211113//47493225, -17349297377//237466125, -1433795627//18266625, 149202486//26385125, 72969491//15831075, -10285917857//237466125, 1886147974//15831075, 3458647351//9498645, 1837165628//5277025, 63425453032//237466125, 2039050576//9498645, -4901213134//47493225, 83528946//5277025, 576478034//15831075, -5037949367//79155375, 13931232872//237466125, -929440481//18266625, 1657114957//47493225, -1607327252//79155375, 11243802//1055405, 20969254//1055405, 382569589//47493225, 4946702396//237466125, 6744232//3166215, 4359726//5277025, -38421658//15831075, 10416721//3653325, -621043396//237466125, 429578797//237466125, -263827778//237466125, 873215//1899729, -538274//26385125, -8837761//47493225, 6649853//9498645, -3512443//47493225, 40898257//79155375]
2; 6; 10; 4; 4; 2; 1; 7; 1; 1; [18771019244//180062887875, 5306599277//180062887875, 3063903098//12004192525, -34809485914//180062887875, 75291773276//180062887875, -8601361807//12004192525, 3721216519//180062887875, -31747599677//60020962625, 1828543008//4616997125, -65486318588//36012577575, 21665790846//12004192525, -8316340966//2770198275, -2159797217//36012577575, -1661777381944//180062887875, 818563203163//180062887875, -272428179347//36012577575, 1459707628999//180062887875, -126330165317//13850991375, 245999874748//12004192525, -837893801153//60020962625, 2377046762141//180062887875, -5105583327262//180062887875, 1339184873302//36012577575, -1491473778622//36012577575, 428447859374//12004192525, -919115086732//36012577575, 847407983941//60020962625, -306521410292//60020962625, -3425678494//2400838505, 891928426247//180062887875, -28326938402//4616997125, 222908518166//36012577575, -827437503242//180062887875, 181977858411//60020962625, -423722071246//180062887875, 63132713848//36012577575, -1246341372//923399425, 30607351238//36012577575, -4752964581//12004192525, 209390777//4616997125, 28816531759//180062887875, -9134515994//36012577575, 46556900822//180062887875, -12769357831//60020962625, 1118029132//7202515515, -15055522457//180062887875, 5512532468//180062887875, -1683688706//180062887875]
2; 6; 10; 4; 7; 1; 1; 7; 1; 1; [321575678//4616997125, -3230542884//12004192525, -49063525138//60020962625, -12026341351//60020962625, 2972950388//60020962625, -34029268233//60020962625, -5885062543//60020962625, 156326909//60020962625, -2886988318//923399425, -40848870086//12004192525, 49283641647//12004192525, 6898257388//923399425, 18285260181//12004192525, 13828780566//60020962625, 178599363472//12004192525, 1494218204153//60020962625, 715541164266//60020962625, 1731790021547//60020962625, 2514437246468//60020962625, 6056005173//60020962625, -278214767954//60020962625, 241687048458//2400838505, 1302161288854//12004192525, -433909398888//12004192525, -149158503136//12004192525, 466274536596//12004192525, -2777464592557//60020962625, 101454960664//2400838505, -1775612388556//60020962625, 1135861907598//60020962625, -379316497669//60020962625, 107044893799//60020962625, 21198852498//4616997125, -389876489117//60020962625, 127290723218//12004192525, 2395192011//12004192525, 1276167876//923399425, -24251426104//12004192525, 24097517109//12004192525, -96106231037//60020962625, 12790740369//12004192525, -30419414146//60020962625, 7813674173//60020962625, 9909971421//60020962625, -13711608481//60020962625, 17072661454//60020962625, -1128008844//4616997125, 3046732426//12004192525]
2; 6; 10; 4; 2; 1; 1; 6; 1; 1; [386101//235500, 1532057//3061500, 754527//1020500, 115673//153075, 3260221//1530750, 7448531//3061500, 3264439//1020500, -116826//255125, -5013419//3061500, 216133//51025, 218919//40820, -2017309//306150, 1487047//153075, -33410211//1020500, 1219287//78500, -24273221//3061500, 15880523//612300, -296283//78500, -41641557//1020500, -145681037//3061500, 2998497//19625, 137499413//1020500, -45721883//204100, -318771//3140, 41456783//153075, -64484039//204100, 213715244//765375, -625557331//3061500, 184575031//1530750, -28931431//612300, -10225231//3061500, 23461478//765375, -138791581//3061500, 146455891//3061500, -78043853//3061500, 2009463//204100, -56931//4082, 8327483//612300, -2190581//204100, 10633163//1530750, -10433941//3061500, 521528//765375, 646459//612300, -1404044//765375, 37302//19625, -2538113//1530750, 1907693//1530750, -375787//765375]
2; 6; 10; 4; 3; 1; 1; 9; 1; 1; [-1037078359//229379475, -30814092//76459825, 1202370769//382299125, -1275805919//382299125, 1863195882//382299125, 1693022119//76459825, -3641084684//229379475, -3841429769//229379475, 273089799//5881525, 1765385006//229379475, -2451542488//76459825, 335230736//17644575, 423003631//229379475, 27108452122//229379475, -26090686438//229379475, -7117692359//382299125, 230493922597//1146897375, -40316984192//88222875, -53058298036//76459825, 171358934374//229379475, 13339784967//76459825, -195838470556//229379475, 195537350906//229379475, 83123228666//229379475, -228880848922//229379475, 268802944571//229379475, -47596158154//45875895, 174014695274//229379475, -519562389901//1146897375, 219955426271//1146897375, -980801111//88222875, -34590659152//229379475, 44400809902//229379475, -11007827767//76459825, 18094125722//229379475, -8273240336//229379475, 303225766//5881525, -11577267478//229379475, 3055953853//76459825, -457517452//17644575, 2923231312//229379475, -3077888096//1146897375, -1372716583//382299125, 7304872202//1146897375, -356438624//45875895, 1525723322//229379475, -36798886//9175179, 353031017//229379475]
2; 6; 10; 4; 5; 1; 1; 12; 1; 1; [-2454562819//1146897375, 75725898//382299125, 852734466//382299125, 4866400072//1146897375, 2542696127//382299125, 10884608942//1146897375, 1301361647//229379475, -466998801//76459825, -6106883477//382299125, -508767371//76459825, 76508109//15291965, -117243131//9175179, 43087078//76459825, 60656687269//1146897375, -78921896839//1146897375, -142159128808//1146897375, -212993266042//1146897375, -199625295481//1146897375, -50697053702//1146897375, -2452670759//229379475, 95259926938//229379475, 134237598272//382299125, 51471301972//229379475, -4088256814//45875895, -335945794//45875895, 360251526//5881525, -90003763448//1146897375, 6469329806//88222875, -73999896344//1146897375, 32997936004//1146897375, -9627326866//382299125, 130518593//382299125, 1442848127//229379475, 615906268//76459825, 10276439211//382299125, 283699033//229379475, 6006685//3058393, -158098852//45875895, 830382161//229379475, -3409355503//1146897375, 2315294848//1146897375, -470435463//382299125, 220637584//1146897375, 6881024//382299125, -542522911//1146897375, 113795456//229379475, -21252586//229379475, 718513793//1146897375]
2; 6; 10; 4; 4; 2; 1; 12; 1; 1; [143859526//229379475, 158156704//229379475, 1364236036//1146897375, 1176741508//1146897375, -163199532//382299125, 1556338298//1146897375, -131583242//1146897375, -2805935963//1146897375, -33975809//5881525, -1336691468//229379475, -347855802//76459825, -23949209//5881525, -1215126037//76459825, -3304175002//229379475, -8045260108//229379475, -12840881306//1146897375, -13796437201//382299125, 5235929287//88222875, 639162452//1146897375, 17009007524//382299125, 44147561526//382299125, 16665438708//76459825, 27835080532//229379475, 22361508484//229379475, -47274336761//229379475, 52233340024//229379475, -45287835559//229379475, 31719190564//229379475, -91686400108//1146897375, 31138189541//1146897375, 789673406//88222875, -29091127834//1146897375, 38465099066//1146897375, -27159748081//1146897375, 2417134032//76459825, -1791448792//229379475, 60190004//5881525, -2213289874//229379475, 565765807//76459825, -82531139//17644575, 162549924//76459825, -109451616//382299125, -1031731234//1146897375, 540741971//382299125, -1587038774//1146897375, 444611547//382299125, -751834196//1146897375, 26493719//45875895]
2; 6; 10; 4; 6; 1; 1; 6; 1; 1; [-3978413//3316625, -19463131//13266500, -5002397//13266500, -477024//3316625, -6886396//3316625, -2286979//1020500, 1771871//510250, 10787817//1326650, 40262431//6633250, 2529309//1326650, 22314417//2653300, 39574443//2653300, 1121059//2653300, 458921287//13266500, 722018491//13266500, 113667451//6633250, -122713841//3316625, -259126191//13266500, 353153347//13266500, -627135563//6633250, -198572896//663325, -985892233//3316625, 7582173//2653300, 18010489//204100, -325327287//2653300, 158847977//1326650, -1228942649//13266500, 841178483//13266500, -95902886//3316625, 13457877//3316625, 27929218//3316625, -49762866//3316625, 169340427//13266500, -73665677//2653300, -12293504//3316625, -13656343//2653300, 3728792//663325, -12662773//2653300, 2233539//663325, -24601009//13266500, 2323092//3316625, 673289//3316625, -8917417//13266500, 194196//255125, -4525947//6633250, 1472683//3316625, -380283//663325, -1581261//13266500]
2; 6; 10; 4; 7; 1; 1; 12; 1; 1; [1735738243//382299125, -279655869//382299125, 548807746//382299125, 1458505011//382299125, -2555293732//382299125, -324109777//29407625, 2797772849//382299125, 255257037//76459825, -7649289993//382299125, 136161146//76459825, 63866289//3058393, -3373839853//76459825, 1551743198//76459825, -35570644778//382299125, 39134381029//382299125, -54840526591//382299125, -31550084016//382299125, 144359701177//382299125, 116428569186//382299125, -99992334859//382299125, 12816587768//76459825, 63300455978//382299125, -73883082274//76459825, -9390009736//15291965, 107874520797//76459825, -122229170582//76459825, 531585311171//382299125, -381551122938//382299125, 218749276312//382299125, -6555385036//29407625, -5889595799//382299125, 71147140918//382299125, -88535197902//382299125, 16197147619//76459825, -56483041846//382299125, 4026361439//76459825, -1088758548//15291965, 5200004718//76459825, -310930806//5881525, 12861513451//382299125, -6080443163//382299125, 933880022//382299125, 2165091787//382299125, -3481934129//382299125, 3819497228//382299125, -3143590302//382299125, 425930844//76459825, -1043467651//382299125]
2; 6; 10; 4; 4; 1; 1; 2; 1; 1; [-658468//1077375, 8144//4225, -2606//215475, -297173//215475, 1100908//359125, 667948//215475, -1623337//359125, -77939//71825, 434836//82875, -789954//71825, -784824//71825, 181646//16575, -1964771//215475, -2585117//1077375, -4762224//71825, 3065086//71825, 945762//71825, -3561956//27625, 1872171//71825, 71754147//359125, -939368//12675, -69298438//1077375, 37185311//71825, 15368953//215475, -86166922//215475, 110403424//215475, -171572447//359125, 3108905//8619, -9670381//43095, 22158322//215475, -1326079//82875, -9507448//215475, 83698193//1077375, -15535622//215475, 18828562//359125, -2860093//215475, 121388//5525, -1632441//71825, 1344362//71825, -20687//1625, 1443086//215475, -138308//71825, -85718//71825, 2906273//1077375, -136468//43095, 187364//63375, -148632//71825, 1191061//1077375]
2; 6; 10; 4; 10; 1; 1; 6; 1; 1; [16307//8450, -13863//3380, -58576//21125, 8273//21125, -72769//8450, -283034//21125, -372699//84500, -258363//21125, -91983//3380, -103//25, 9333//325, -2638//325, 11269//1300, -6953//845, 746089//3380, 9093909//84500, 10538153//84500, 7952283//16900, 15543063//42250, 7756689//84500, 49571077//84500, 12553329//16900, -167003//650, -10754//25, 485059//650, -1017941//1300, 2750568//4225, -738831//1690, 10389481//42250, -5786141//84500, -270301//16900, 9412503//84500, -2225317//21125, 2603179//21125, -618351//16900, 38411//1300, -1787//50, 10518//325, -31269//1300, 122667//8450, -20123//3380, 3468//21125, 150967//42250, -75051//16900, 423203//84500, -305003//84500, 121813//42250, -8819//16900]
2; 6; 10; 4; 11; 1; 1; 9; 1; 1; [-75937092//76459825, -766797212//382299125, -466238824//382299125, -394105649//382299125, -501478636//382299125, 12100068//76459825, 919857064//382299125, 2236086028//382299125, 25745097//3058393, 566138896//76459825, 768610158//76459825, 898846833//76459825, 17714624//3058393, 2380985457//76459825, 20295806572//382299125, 6325084459//382299125, 2967721634//382299125, -15010059754//382299125, -1439736313//15291965, -32302818364//382299125, -53870707948//382299125, -19537094856//76459825, -11044754429//76459825, 5670153273//76459825, -102696349//5881525, -269426754//15291965, 2800096896//76459825, -13752453219//382299125, 12789920727//382299125, -8660030098//382299125, 4240459073//382299125, -667166971//76459825, -1958266937//382299125, -766961719//382299125, -1292053656//76459825, -132322326//76459825, -18391628//76459825, 104268867//76459825, -26379567//15291965, 9624432//5881525, -450864404//382299125, 296479302//382299125, -128645898//382299125, -120417//382299125, 5580883//76459825, -116171682//382299125, 42521256//382299125, -2381328//5881525]
2; 6; 10; 4; 2; 1; 1; 6; 2; 1; [-383077//235500, -12195109//3061500, -3062129//765375, -5933497//3061500, 3605371//765375, 2057411//510250, 848539//3061500, 20953499//3061500, 12948503//1020500, 6412031//306150, 4912899//204100, 172319//9420, 3611429//153075, 39680683//1530750, 67292343//1020500, 197918293//1530750, 56510789//1020500, -192916351//765375, -477017143//1530750, -64755473//235500, -235481923//1020500, -595300139//3061500, -114566299//306150, 6979178//153075, 19232741//122460, -73821347//306150, 752723923//3061500, -298859629//1530750, 105846512//765375, -201397529//3061500, 60997//9750, 1083809//1020500, -22316637//510250, 24547271//1020500, -117708677//3061500, 2460973//612300, -38577//3925, 46257//4082, -506798//51025, 22146323//3061500, -977681//235500, 1339672//765375, 673441//3061500, -1076593//765375, 3928937//3061500, -430881//255125, 701677//765375, -2647787//3061500]
2; 6; 10; 4; 4; 1; 1; 10; 1; 1; [547208653//1146897375, 22728493//382299125, -287698832//382299125, -339040408//382299125, -561770458//1146897375, -427268337//382299125, -307898993//229379475, 1242582272//1146897375, 29394734//6786375, 39524436//15291965, -408834719//76459825, 11933621//5881525, 3185638877//229379475, -5312359321//382299125, -4110780049//1146897375, 5319586852//382299125, 10956599853//382299125, 1651420556//88222875, 24021992581//1146897375, 4903863329//76459825, -17492812412//1146897375, -207403154966//1146897375, -2772629507//15291965, 831026621//76459825, 20657240599//229379475, -9971523551//76459825, 147501169591//1146897375, -118182848327//1146897375, 26021058701//382299125, -12365534741//382299125, 730744943//88222875, 11687325008//1146897375, -1086379809//76459825, 20235219659//1146897375, -9040772696//382299125, 7772761//3058393, -95663246//17644575, 460992367//76459825, -396815234//76459825, 325696217//88222875, -807241619//382299125, 298672846//382299125, 70126209//382299125, -248822547//382299125, 973886248//1146897375, -6506173//9175179, 644755654//1146897375, -582148703//1146897375]
2; 6; 10; 4; 6; 1; 1; 6; 2; 1; [-6610483//13266500, 17180769//13266500, 8374407//6633250, 16612443//13266500, -509417//663325, 1411117//3316625, 36611639//13266500, -2281887//663325, -91122723//13266500, -4787226//663325, -10136589//1326650, -4073541//530660, -4197164//132665, 98799219//6633250, -51752093//1020500, -16732282//255125, -649218823//13266500, 114209941//2653300, 405364771//6633250, -925696459//13266500, 5874552//132665, 3844615473//13266500, 442412583//1326650, 127472031//1326650, -173914187//530660, 8081547//20410, -1192514839//3316625, 881615102//3316625, -547560353//3316625, 883714001//13266500, 2050897//2653300, -9075217//255125, 335742209//6633250, -66602907//1326650, 719203359//13266500, -15206283//1326650, 11478247//663325, -2298723//132665, 738045//53066, -30604544//3316625, 61841493//13266500, -3999383//3316625, -15674629//13266500, 6056961//2653300, -7948336//3316625, 2068751//1020500, -948687//663325, 14182299//13266500]
2; 6; 10; 4; 12; 1; 1; 11; 1; 1; [-1506124397//382299125, -1188957376//382299125, -51756429//29407625, 551182262//382299125, -1987408818//382299125, -1968676481//382299125, 980523786//76459825, 6914160881//382299125, 4151819907//382299125, -31268904//76459825, 4586007//235261, 4438671909//76459825, -1962420619//76459825, 39654369657//382299125, 44557930826//382299125, 16815932052//382299125, -71756711072//382299125, -25604257907//382299125, -3611502599//382299125, -23689385872//76459825, -275928249656//382299125, -281142713352//382299125, 37587822201//76459825, 6948689481//15291965, -69648573491//76459825, 76508281491//76459825, -325788078714//382299125, 233287990233//382299125, -129292050084//382299125, 42563876494//382299125, 10918181994//382299125, -43487297907//382299125, 9524009191//76459825, -60728546248//382299125, 23279293074//382299125, -205576947//5881525, 689420338//15291965, -3216373929//76459825, 2456909544//76459825, -7640721024//382299125, 3528091988//382299125, -362302674//382299125, -1566244671//382299125, 2281162684//382299125, -2318376317//382299125, 353582818//76459825, -1479946178//382299125, 397357254//382299125]
2; 6; 10; 4; 2; 1; 1; 4; 1; 1; [-9958631//79155375, -64174852//237466125, -53008532//237466125, -27455359//47493225, -2608114//26385125, 170560111//237466125, 69922531//79155375, -1469207//3166215, 187280102//47493225, 339294632//47493225, 125539409//47493225, 304973182//47493225, 246544412//47493225, 1027028348//237466125, 5080518922//237466125, 2460052727//237466125, -52661146//47493225, -380426984//237466125, -1082115482//79155375, -129927007//6088875, 873225902//15831075, -1069266622//9498645, -588794876//3653325, 2271939974//47493225, 443028194//15831075, -3126291863//47493225, 17952838849//237466125, -15458378714//237466125, 1271136164//26385125, -439368766//15831075, 279455747//26385125, 166094327//237466125, -2134098374//237466125, 203245477//15831075, -77916006//5277025, 3356848//47493225, -116012134//47493225, 159291208//47493225, -152598172//47493225, 597250429//237466125, -125963023//79155375, 185136896//237466125, -6348473//47493225, -62954302//237466125, 34087789//79155375, -113434654//237466125, 6752068//15831075, -5618206//15831075]
2; 6; 10; 4; 8; 1; 1; 9; 1; 1; [-94472892//382299125, -498728062//382299125, -175500413//76459825, -1024208984//382299125, -111359708//76459825, 435453693//382299125, 38416458//15291965, 919434449//382299125, 81567744//29407625, 247619276//76459825, -28875804//5881525, 654693684//76459825, 132102057//15291965, 11281593442//382299125, 22558389922//382299125, 4963914132//76459825, 22211352794//382299125, -2378217576//76459825, -44640212668//382299125, -8933512856//76459825, -15283550179//382299125, -28776610152//382299125, 1689909506//76459825, 9337769758//76459825, -13900493536//76459825, 2777846264//15291965, -55010659214//382299125, 37673105306//382299125, -3478263167//76459825, 5366910982//382299125, 167060776//15291965, -11082530094//382299125, 1557265824//76459825, -9017764747//382299125, 4527467844//382299125, -44019532//5881525, 644066892//76459825, -559417114//76459825, 80374599//15291965, -87947458//29407625, 450793446//382299125, 3725232//15291965, -331163018//382299125, 86609958//76459825, -448538684//382299125, 54570781//76459825, -205489132//382299125, 61244294//382299125]
2; 6; 10; 4; 9; 1; 1; 11; 1; 1; [26298086//382299125, 120915724//382299125, 66512452//76459825, 551682882//382299125, 30315138//29407625, -12313916//76459825, -53350554//382299125, 316990621//382299125, -667635348//382299125, -50363558//15291965, 10360167//76459825, -345701974//76459825, -986096998//76459825, -3943480236//382299125, -2868988034//382299125, -340725546//15291965, -13609559557//382299125, -4893638294//382299125, 3086895644//76459825, 21532997644//382299125, 11876999279//382299125, 37114679773//382299125, 1466515594//15291965, -3664609638//76459825, 795512496//76459825, 960278067//76459825, -9492465813//382299125, 757738146//29407625, -1759955434//76459825, 5239262969//382299125, -3446446002//382299125, 352748861//76459825, 1372984922//382299125, -631795643//382299125, 3069721609//382299125, 16726644//15291965, 17251758//76459825, -72863546//76459825, 89645058//76459825, -419233743//382299125, 310743673//382299125, -39907978//76459825, 72738734//382299125, -9404672//382299125, -1144019//15291965, 79270262//382299125, -3840946//29407625, 79528224//382299125]
2; 6; 10; 4; 4; 1; 1; 8; 1; 1; [11605650517//60020962625, -3227990242//180062887875, -4828155707//12004192525, -425967786032//180062887875, -9271255886//180062887875, 343641178352//60020962625, -466902418369//180062887875, -174120293833//180062887875, 35578787207//4616997125, -113391430442//12004192525, -16502759311//12004192525, 31043360012//2770198275, 19086441102//12004192525, -287564919146//180062887875, -10266708028//382299125, -6184391276//12004192525, 17613329487002//180062887875, -289616227778//13850991375, -22559308352156//180062887875, 14977864379149//180062887875, -29308339431832//180062887875, -6388406835126//60020962625, 4853095306078//12004192525, -5228848879958//36012577575, -1206912000674//36012577575, 4734321079591//36012577575, -29220185449928//180062887875, 8830408287002//60020962625, -4006814010091//36012577575, 13026764480476//180062887875, -140374247258//4616997125, -778335552023//180062887875, 3420320707732//180062887875, -5265607708501//180062887875, 997681789612//60020962625, 47291544536//36012577575, 12523219246//2770198275, -84268860242//12004192525, 85356417998//12004192525, -6142143022//1065460875, 229908750517//60020962625, -71670006938//36012577575, 108303990046//180062887875, 75689859668//180062887875, -60907116801//60020962625, 193305926392//180062887875, -180088277506//180062887875, 93531092381//180062887875]
2; 6; 10; 4; 10; 1; 1; 6; 2; 1; [-28922//21125, -306223//84500, -763863//84500, -310751//21125, -1019229//42250, -664259//21125, -3841763//84500, -5097603//84500, -6201183//84500, -729107//8450, -1742397//16900, -18374//169, -2118303//16900, -6819297//84500, -2585627//84500, 6461033//84500, 7670257//42250, 25751163//84500, 25415831//84500, 37887193//84500, 10809717//21125, 39218063//84500, 5025281//16900, 1264863//16900, -490077//1690, 5795607//16900, -6779089//21125, 19902709//84500, -456301//3250, 1476848//21125, 1011219//84500, -63617//3250, 5700509//84500, -958693//42250, 4847519//84500, -84303//8450, 127281//8450, -51797//3380, 7923//650, -26821//3250, 88031//21125, -20894//21125, -69183//84500, 3612//1625, -3076//1625, 187939//84500, -36313//42250, 23856//21125]
2; 6; 10; 4; 5; 1; 1; 6; 1; 1; [2569432//3316625, 9115943//13266500, 5841783//6633250, -1535143//13266500, -8702807//6633250, -8121413//3316625, -23051421//13266500, 58151//106132, 4552793//3316625, -4122761//1326650, -11528661//2653300, -17886781//2653300, 166851//20410, -41410877//3316625, 40220127//13266500, -40123854//3316625, 64812639//6633250, 151493646//3316625, 46165097//510250, 920609821//13266500, -4409241//1326650, -793081351//6633250, -140710871//1326650, -69778393//1326650, 354936259//2653300, -16437905//106132, 1811972021//13266500, -25421787//255125, 192345118//3316625, -75257524//3316625, 370783//3316625, 10330261//510250, -59957783//3316625, 52704463//2653300, -69020514//3316625, 6497911//1326650, -9109517//1326650, 339453//51025, -1387407//265330, 44761291//13266500, -5453676//3316625, 2022721//6633250, 7005099//13266500, -5729469//6633250, 3402264//3316625, -372477//510250, 715651//1326650, -2618853//6633250]
2; 6; 10; 4; 6; 1; 1; 4; 1; 1; [-44677//190125, 0, 15544//38025, 503//38025, 1006//38025, 13612//190125, -81844//190125, -219568//190125, -381824//190125, 0, -503//7605, -36356//12675, -2012//7605, 710914//63375, -1006//2535, -113332//12675, -30683//38025, -41246//38025, 3532388//190125, 773516//21125, 10569388//190125, 13171684//190125, 4024//1521, 37222//7605, -321268//38025, 65893//7605, -423148//63375, 37222//7605, -115444//38025, 9557//12675, 14587//38025, -41296//190125, 182084//63375, 7076//4875, 743852//190125, -503//1521, 1006//2535, -4564//12675, 2012//7605, -28414//190125, 503//7605, -56//7605, -503//12675, 2012//38025, -6856//190125, 13672//190125, 4064//190125, 13652//190125]
2; 6; 10; 4; 4; 2; 1; 6; 1; 1; [1171013//235500, 365173//3061500, 7729013//1020500, 244561//102050, -195212//255125, 16521347//1530750, -5480302//255125, -22174417//3061500, -16785077//1530750, -7980034//153075, 3129209//204100, -7749386//153075, -28070207//612300, -29823662//255125, -38645713//3061500, -351231757//1530750, 96408661//612300, 123644957//1530750, -24497257//1530750, 1310836777//1530750, 10312873//765375, 514656169//510250, 286277077//306150, -159817663//102050, 19112338//11775, -137082197//102050, 2780591773//3061500, -372653056//765375, 405973913//3061500, 4308733//47100, -100112913//510250, 115860013//510250, -122932607//765375, 442416311//3061500, -4448783//117750, 3798603//51025, -10230988//153075, 15086887//306150, -6026311//204100, 37028753//3061500, 171229//765375, -5818708//765375, 627907//61230, -7382837//765375, 11577299//1530750, -12614243//3061500, 1784374//765375, 357223//765375]
2; 6; 10; 4; 12; 1; 1; 5; 1; 1; [-46535718//26385125, 6611149//26385125, 8297281//6088875, -126745913//79155375, -35346279//26385125, 6811549//79155375, 268434407//79155375, 51626756//15831075, -46609786//5277025, -19701194//15831075, 6107612//1055405, -2036817//405925, -66275969//5277025, 1088994248//26385125, -312355219//26385125, -577421431//26385125, -218668304//6088875, -513487508//79155375, 6298153241//79155375, -3785120874//26385125, -225552832//1217775, 3605129846//15831075, 2599381586//15831075, 13748484//211081, -978601501//5277025, 1151798026//5277025, -5109104251//26385125, 3776773388//26385125, -6842092064//79155375, 878002938//26385125, 78550451//79155375, -1459808227//79155375, 1843061204//79155375, -194392026//5277025, 513271852//15831075, -105265471//15831075, 780789//81185, -49898489//5277025, 39560024//5277025, -128577621//26385125, 64061658//26385125, -43131799//79155375, -56809391//79155375, 99070451//79155375, -33614384//26385125, 79616074//79155375, -14908528//15831075, 9886726//15831075]
2; 6; 10; 4; 7; 1; 1; 6; 1; 1; [-2191//9750, -761//650, -3451//1500, -7379//1625, -6556//975, -45293//4875, -50002//4875, -1079//100, -7213//780, -8747//1950, -269//650, 769//78, 82909//3900, 952867//19500, 168053//1950, 2667293//19500, 649853//3250, 339323//1300, 2218459//6500, 1451432//4875, 111437//390, 150863//780, -180289//3900, 523771//3900, -61949//390, 279947//1950, -1002017//9750, 259303//3900, -63411//3250, 81127//9750, 1389//50, -40273//6500, 222503//6500, -239//75, 14881//780, -27271//3900, 6716//975, -1423//260, 1173//325, -17047//9750, 1823//3900, 5957//9750, -14471//19500, 2341//1950, -10369//19500, 2689//3250, -23//325, 7//26]
2; 6; 10; 4; 10; 1; 1; 4; 1; 1; [66964369//79155375, -480928//1055405, -27454291//26385125, 11863259//26385125, 22641322//26385125, 6045226//26385125, -8696599//5277025, 179246//3166215, 604540826//79155375, 66088748//15831075, -110055278//15831075, 16905258//5277025, 52024093//5277025, -2848637849//79155375, 14928856//15831075, 1261287983//79155375, -22723169//26385125, -3465795821//79155375, -8356424333//79155375, 12883249//3166215, -16632737//3166215, -22481215801//79155375, -4416017887//15831075, 238741259//5277025, 1569643454//15831075, -2582295751//15831075, 4416664056//26385125, -733796963//5277025, 7536095894//79155375, -3966881821//79155375, 989363467//79155375, 335693771//79155375, -327981241//15831075, 74319197//3166215, -885693311//26385125, 11917819//5277025, -103727092//15831075, 122835071//15831075, -109739014//15831075, 133948786//26385125, -48161186//15831075, 99893764//79155375, 2965454//79155375, -21510626//26385125, 25458997//26385125, -15923822//15831075, 824022//1055405, -58897913//79155375]
2; 6; 10; 4; 9; 1; 1; 5; 1; 1; [173604346//79155375, -340055878//79155375, -68960559//26385125, -3728851//26385125, -574162487//79155375, -452492566//79155375, 5100401//405925, 556432796//79155375, -298204337//26385125, 320941037//15831075, 214965922//5277025, -21029302//3166215, 482511421//15831075, -2589565946//79155375, 4186705331//26385125, -684085661//26385125, 2068694168//79155375, 7925968184//26385125, -523314518//26385125, -9183008851//15831075, -16564323106//79155375, -7133438639//79155375, -17584842338//15831075, -5205329119//15831075, 232856402//211081, -7043670878//5277025, 31877641769//26385125, -70617073661//79155375, 42890383756//79155375, -18095537611//79155375, 1307388736//79155375, 260854847//2029625, -3280091614//15831075, 13132308197//79155375, -11232818512//79155375, 612998078//15831075, -307188992//5277025, 61408651//1055405, -739902791//15831075, 188407079//6088875, -1234835876//79155375, 299655211//79155375, 102552408//26385125, -578322659//79155375, 650097928//79155375, -23749886//3166215, 125165804//26385125, -74562194//26385125]
2; 6; 10; 4; 2; 1; 1; 3; 1; 1; [-706588024//259458875, 200832863//51891775, 4340423993//778376625, 3710493104//778376625, -1883595824//778376625, -282122154//259458875, 322019206//19958375, -220319961//259458875, -988707659//155675325, -1944398062//31135065, 32427321//2075671, -106606550//6227013, 921263882//155675325, 22228236997//778376625, -36608256757//155675325, -72526767653//778376625, -87915197249//778376625, 222045612959//778376625, -155145702773//778376625, -186175660924//778376625, 314491268788//778376625, 42727169411//51891775, 49592987819//31135065, -40162290049//31135065, 1785145170//2075671, -5297546456//11975025, 29694239917//259458875, 930819403//10378355, -162596655854//778376625, 57094306241//259458875, -46719999116//259458875, 99230880436//778376625, -1753014483//19958375, 35524964594//778376625, 6870131311//155675325, 291782369//6227013, -850000192//31135065, 65825743//6227013, 62580351//51891775, -2020083763//259458875, 1543984151//155675325, -7439562874//778376625, 5568055843//778376625, -1113858016//259458875, 493621472//259458875, -343087777//778376625, -137984092//259458875, 106606456//51891775]
2; 6; 10; 4; 6; 1; 1; 3; 1; 1; [103975367//155675325, 76984706//51891775, 35485753//155675325, 3016252393//778376625, -245584804//51891775, 268836212//31135065, -1108798669//155675325, 1109062496//155675325, -3661387667//259458875, -253767014//31135065, -158449683//51891775, -3101344318//155675325, 1109436164//155675325, -4778335541//155675325, -4938373766//155675325, 227827181//155675325, -36434422626//259458875, 39440382247//155675325, -41152823821//155675325, 1910066747//6227013, -44182736341//155675325, 181184626622//259458875, 1435620061//31135065, -1000545379//155675325, -995314986//51891775, 4559927594//155675325, -320613699//10378355, 1172578051//51891775, -100182116//6227013, 1597130446//778376625, 1433070956//155675325, -164298197//11975025, 914665971//51891775, -882872561//51891775, 9139668866//259458875, -14248201//31135065, 60653668//51891775, -214456087//155675325, 4830379//3991675, -46888059//51891775, 76079089//155675325, -31706698//155675325, -35229508//259458875, 1426114//3991675, -4932323//11975025, 22715942//51891775, -19607696//51891775, 40839046//59875125]
2; 6; 10; 4; 5; 1; 1; 6; 2; 1; [6558011//13266500, 181719//663325, -1388061//1326650, 15447121//6633250, -1358271//6633250, 25341239//13266500, 19359797//6633250, -17581179//3316625, 264287//102050, -9220073//1326650, -38112657//2653300, 11522237//1326650, -31714663//2653300, -86491114//3316625, -9547137//1326650, -236632//132665, -225165228//3316625, 176205151//6633250, -738293917//6633250, 49198693//6633250, 2184779621//13266500, -390470279//2653300, 384535357//1326650, 128258659//1326650, -200918974//663325, 963041837//2653300, -4357630633//13266500, 320844767//1326650, -7419348//51025, 381780797//6633250, 1657717//1020500, -541734307//13266500, 164688932//3316625, -265718971//6633250, 80936957//2653300, -14259097//1326650, 21072371//1326650, -20919927//1326650, 197937//15700, -110576123//13266500, 1108807//265330, -1287211//1326650, -292538//255125, 6941184//3316625, -30909337//13266500, 25193123//13266500, -7845561//6633250, 806753//1326650]
2; 6; 10; 4; 4; 2; 1; 6; 2; 1; [-45492813//13266500, 19606107//13266500, -3096991//510250, -9888329//6633250, 9018441//6633250, -32308769//3316625, 47176256//3316625, -2729992//3316625, 46724139//13266500, 60080867//1326650, -58171161//2653300, 37002469//1326650, 11761163//265330, 267307782//3316625, -430060757//13266500, 2701968801//13266500, -1416073657//13266500, 108078019//6633250, 418988633//6633250, -4100955977//6633250, 1713099209//6633250, -8323889429//13266500, -1165740523//1326650, 1727144607//1326650, -856764318//663325, 549726963//530660, -8987224981//13266500, 1132187711//3316625, -464693231//6633250, -1248541651//13266500, 565218816//3316625, -91985877//510250, 843024989//6633250, -641777853//6633250, 420581923//13266500, -79770447//1326650, 69198283//1326650, -49482379//1326650, 1136961//53066, -104505671//13266500, -368058//255125, 22380587//3316625, -55543153//6633250, 25427066//3316625, -19018463//3316625, 20193709//6633250, -9059633//6633250, -5486367//13266500]
2; 6; 10; 4; 3; 1; 1; 7; 1; 1; [308384766398//60020962625, 317920819141//60020962625, 314209864556//60020962625, 520231282073//180062887875, 405412910314//180062887875, 1409115626023//180062887875, -951022721013//60020962625, -2205354614353//60020962625, -94297521216//4616997125, -943906916252//36012577575, -454439023611//12004192525, -60326412673//923399425, -317723261168//12004192525, -7624782185948//60020962625, -27074321556553//180062887875, -9363584146186//60020962625, 29837148146297//180062887875, 3517738628972//13850991375, 3971997869792//180062887875, 43195489462993//60020962625, 75293204712923//60020962625, 197747047723939//180062887875, 18471752353738//36012577575, -7742915255876//12004192525, 7075235416991//12004192525, -5377606861163//12004192525, 16145987495566//60020962625, -23027586428414//180062887875, 62750955672//60020962625, 11985659987711//180062887875, -79922758223//1065460875, 15575008422431//180062887875, -2135228120066//60020962625, 18298280119207//180062887875, 4923996441907//180062887875, 339657084619//12004192525, -64061297674//2770198275, 185839546914//12004192525, -97590779202//12004192525, 9680341652//4616997125, 91544624427//60020962625, -222331109798//60020962625, 742976579431//180062887875, -581294489432//180062887875, 445736620661//180062887875, -47242761486//60020962625, 285816531982//180062887875, 62379081774//60020962625]
2; 6; 10; 4; 10; 1; 1; 3; 1; 1; [-7854665687//3372965375, -5250861063//3372965375, -3370711753//3372965375, 2989224492//3372965375, -5816563204//3372965375, -6920220274//3372965375, 17725960099//3372965375, 8308360179//674593075, 20062633362//3372965375, -141552084//51891775, 14021197386//674593075, 12524963416//674593075, -917154011//134918615, 220584291867//3372965375, 141466020923//3372965375, 104893067683//3372965375, -326321888722//3372965375, -196107454311//3372965375, -10201581171//3372965375, -282712092759//3372965375, -344435262219//674593075, -979178966297//3372965375, 159858237213//674593075, 58405101291//674593075, -172311374324//674593075, 41132453952//134918615, -913589129074//3372965375, 687729173089//3372965375, -402471030096//3372965375, 153544150634//3372965375, -5508182458//3372965375, -102857110303//3372965375, 127039276773//3372965375, -42453021232//674593075, 4639104913//259458875, -6161802408//674593075, 9032875924//674593075, -8904869941//674593075, 284190300//26983723, -23148801074//3372965375, 11800618509//3372965375, -2533487766//3372965375, -3428204191//3372965375, 5717804542//3372965375, -6329503893//3372965375, 5094559073//3372965375, -1038344992//674593075, 93543783//259458875]
2; 6; 10; 4; 7; 1; 1; 6; 2; 1; [57257//9750, 41063//4875, 168503//19500, -182309//19500, -2393//750, 80957//4875, -478259//9750, -109402//1625, -13837//750, -10457//195, -36697//650, -6238//75, 74957//3900, -268991//4875, -2507651//9750, -908291//6500, 5069123//6500, 9041423//19500, 890888//4875, 19360379//9750, 35614429//19500, 15861601//9750, 114637//78, -1191998//975, 540109//650, -1741913//3900, 215399//1625, 22942//375, -3619819//19500, 4705907//19500, -780869//4875, 52328//375, 130367//9750, 549118//4875, 124853//1625, 35047//780, -4063//150, 3658//325, 41//1300, -21597//3250, 14477//1625, -14512//1625, 147557//19500, -6067//1500, 22403//9750, 1963//1500, 8341//9750, 25283//9750]
2; 6; 10; 4; 5; 1; 1; 4; 1; 1; [-5128//38025, 0, -109739//190125, 33911//190125, 67822//190125, -151022//190125, -12811//38025, 94651//190125, 38652//21125, 0, -33911//38025, 237989//38025, -135644//38025, -462821//38025, -67822//12675, 3895069//190125, -2068571//190125, -2780702//190125, -102406//63375, -356311//12675, -11546351//190125, -18959843//190125, 271288//7605, 2509414//38025, -4254251//38025, 4442341//38025, -740981//7605, 2509414//38025, -2189111//63375, 644309//63375, 983419//190125, -2726989//190125, 574274//38025, -250691//14625, 1122181//190125, -33911//7605, 67822//12675, -183154//38025, 135644//38025, -81932//38025, 33911//38025, 4052//190125, -33911//63375, 135644//190125, -133349//190125, 19922//38025, -76838//190125, 16066//190125]
2; 6; 10; 4; 12; 1; 1; 2; 1; 1; [-14163//11276525, 5639466//56382625, 6674327//56382625, 20589489//56382625, -11728138//56382625, 7807867//11276525, 1558737//867425, 14893409//56382625, -79629416//56382625, -7389916//11276525, 33038877//11276525, 6295396//11276525, -95686//66725, -100438697//11276525, 146162704//56382625, 1185375083//56382625, -2030539999//56382625, -131760342//56382625, -155276813//11276525, -2551687//173485, 1978496301//56382625, -4069303689//56382625, 582288659//11276525, 267763007//11276525, -706775734//11276525, 48461773//663325, -735911226//11276525, 2676708967//56382625, -1520614856//56382625, 537738003//56382625, 36161799//56382625, -91838017//11276525, 6176969//663325, -443514862//56382625, 227320423//56382625, -25686929//11276525, 36396778//11276525, -2726757//867425, 27965979//11276525, -18247056//11276525, 44641772//56382625, -7909236//56382625, -15230672//56382625, 23759249//56382625, -207087//451061, 4071051//11276525, -12841002//56382625, 4417113//56382625]
2; 6; 10; 4; 4; 2; 1; 4; 1; 1; [-63077947//237466125, -113809534//237466125, -123075508//237466125, -17775236//79155375, -27713992//237466125, -95103559//79155375, -34429894//47493225, 343866007//237466125, 155172374//47493225, -62295148//47493225, -1101957//1055405, 105845212//47493225, 2700829//730665, 994897444//79155375, 2703398744//237466125, 1054927453//237466125, 900171523//237466125, 27556973//26385125, 14045594//18266625, -487659998//47493225, -5384713924//79155375, -5216628137//47493225, 3232685272//47493225, 41476366//1899729, -1104381776//15831075, 266630927//3166215, -17870183239//237466125, 13468690282//237466125, -7979292016//237466125, 3407575729//237466125, 10067726//237466125, -149596703//18266625, 103827544//9498645, -3344957521//237466125, 11538349//3166215, -39052484//15831075, 11620654//3166215, -13335784//3653325, 5564807//1899729, -152038633//79155375, 234015857//237466125, -17877572//79155375, -497858//2029625, 113618081//237466125, -122613319//237466125, 6807193//15831075, -9642964//26385125, 3655636//47493225]
2; 6; 10; 4; 9; 1; 1; 2; 1; 1; [11501878//11276525, 107448//3316625, 26422144//56382625, 104806249//56382625, 56975842//56382625, -35191721//11276525, 43775984//56382625, -4331248//56382625, -536779577//56382625, -20196258//11276525, 15282399//11276525, -117504422//11276525, -100518738//11276525, -378363684//11276525, 1315042034//56382625, -1551738499//56382625, -1748444374//56382625, 1865383483//56382625, 210128302//2255305, -1113695334//56382625, 4771925008//56382625, 17773043177//56382625, -1678333158//11276525, -2042143026//11276525, 3797820768//11276525, -4085201013//11276525, 40301237//132665, -11931472778//56382625, 6539915568//56382625, -2270588092//56382625, -719421761//56382625, 524750117//11276525, -2887563522//56382625, 2759782694//56382625, -1069766859//56382625, 147999498//11276525, -184886994//11276525, 170011802//11276525, -128301222//11276525, 78456847//11276525, -172115883//56382625, 9852708//56382625, 6432351//4337125, -122778021//56382625, 25459919//11276525, -98807492//56382625, 4016342//3316625, -16897999//56382625]
2; 6; 10; 4; 7; 1; 1; 4; 1; 1; [-53872336//79155375, 446119//2029625, -36643707//26385125, -11027009//3166215, -11240432//15831075, 24016753//15831075, -3875959//79155375, 8026472//1217775, 328891237//26385125, -39076876//15831075, -63895276//15831075, 378643961//15831075, 67380487//3166215, 565096622//26385125, -656392177//26385125, 3159724916//79155375, 183183866//3166215, -483301463//15831075, -62869888//3166215, -1370931487//26385125, -6395534611//15831075, -32576865851//79155375, 2427431954//15831075, 2020948574//15831075, -4196219659//15831075, 935012887//3166215, -6652078494//26385125, 14124622132//79155375, -7908216737//79155375, 41388586//1055405, 36990622//5277025, -534623971//15831075, 1010407284//26385125, -67594496//1217775, 244560799//26385125, -160142179//15831075, 69664052//5277025, -196207276//15831075, 30213563//3166215, -471993562//79155375, 216196232//79155375, -8036824//26385125, -3418733//3166215, 27460451//15831075, -28488047//15831075, 110960062//79155375, -20783098//15831075, 3918849//26385125]
2; 6; 10; 4; 3; 1; 1; 12; 1; 1; [-1794377368//229379475, -87130653//15291965, -574784829//76459825, -4261943206//382299125, 7597265686//1146897375, 6838107754//382299125, -3604485104//1146897375, 17161158931//1146897375, 6140951509//88222875, 3502142114//76459825, 372339158//76459825, 1597216357//17644575, 17798462813//229379475, 43590992186//229379475, 372570821//229379475, 2780113373//9175179, 283905907303//1146897375, -1629910803//2262125, -1036355498162//1146897375, -69674221512//382299125, -370742683732//382299125, -2213702529172//1146897375, -8005217686//76459825, 232501012414//229379475, -306754826119//229379475, 291944378743//229379475, -74180198316//76459825, 47295060912//76459825, -20981062597//76459825, 19541042643//382299125, 2336069768//29407625, -251530632146//1146897375, 199211586992//1146897375, -220577901413//1146897375, 4726965278//382299125, -13053832852//229379475, 1060106002//17644575, -11481058376//229379475, 2645821579//76459825, -109151386//5881525, 1346879579//229379475, 688257428//229379475, -8021060626//1146897375, 8912976967//1146897375, -3135826052//382299125, 2012691039//382299125, -1536823946//382299125, -433559291//1146897375]
2; 6; 10; 4; 11; 1; 1; 7; 1; 1; [6385636051//12004192525, 1433772578//4616997125, 97321621223//60020962625, 200293244587//60020962625, 241462808202//60020962625, 282991710892//60020962625, 446981766757//60020962625, 538754355796//60020962625, 559190909873//60020962625, 23877905202//2400838505, 18170028342//2400838505, -195309128//923399425, -8210103223//12004192525, -265507851927//12004192525, -859867408444//60020962625, -3656351813848//60020962625, -5640958322622//60020962625, -6848022872622//60020962625, -8417256891197//60020962625, -9670655070757//60020962625, -6143269500781//60020962625, -6090376740468//60020962625, -395548696503//2400838505, -74656154901//2400838505, 1674136998986//12004192525, -2099863596663//12004192525, 1923285114431//12004192525, -7344064451817//60020962625, 4331892700166//60020962625, -2242279915956//60020962625, -170885381661//60020962625, 578892303684//60020962625, -1849503920981//60020962625, 1117603659247//60020962625, -1390983652054//60020962625, 11362745748//2400838505, -1392006362//184679885, 92477789159//12004192525, -75494440182//12004192525, 50611674313//12004192525, -133586634202//60020962625, 33250923026//60020962625, 21946088704//60020962625, -64050481431//60020962625, 57852022534//60020962625, -64564107066//60020962625, 34918241762//60020962625, -28182423254//60020962625]
2; 6; 10; 4; 12; 1; 1; 10; 1; 1; [-1263916436//382299125, 93823378//29407625, 2616753076//382299125, 819300893//382299125, -184081366//76459825, 469783336//76459825, 1079063614//76459825, -626450472//382299125, -13944727474//382299125, -2292518708//76459825, 901659327//76459825, -1769373331//76459825, -7339986584//76459825, 37535708191//382299125, -35102299924//382299125, -92624537731//382299125, -81899907448//382299125, 7546688949//76459825, 13070417289//76459825, -16479341886//76459825, -32518913558//382299125, 456698980299//382299125, 113846264257//76459825, -461731871//5881525, -57879702311//76459825, 83223004831//76459825, -409051443807//382299125, 324651322653//382299125, -217485060113//382299125, 102220889626//382299125, -4227447789//76459825, -5383109038//76459825, 10179855481//76459825, -59790694879//382299125, 69735144767//382299125, -1651067407//76459825, 3461844838//76459825, -3837039129//76459825, 3295686699//76459825, -11695613037//382299125, 6624371828//382299125, -2484552208//382299125, -602969104//382299125, 86687272//15291965, -518281568//76459825, 94226039//15291965, -142351518//29407625, 1505951937//382299125]
2; 6; 10; 4; 5; 1; 1; 3; 1; 1; [-1308485296//674593075, -16742388173//10118896125, -16455453413//10118896125, -3485863709//2023779225, 5797633299//3372965375, -11838903929//2023779225, 85993238534//10118896125, -61449411293//10118896125, 172789237067//10118896125, 274778468//31135065, 71503617512//2023779225, -826306149//674593075, 7064057709//674593075, 105165076174//2023779225, 562343818483//10118896125, -21634356262//10118896125, 44487898698//674593075, -899886364799//3372965375, 162242354242//674593075, -969957262838//3372965375, 2970181958248//10118896125, -8172912214667//10118896125, -36237359369//404755845, -619014196793//2023779225, 967313158673//2023779225, -977460850888//2023779225, 159599781698//404755845, -875453116277//3372965375, 1368377293304//10118896125, -65252234803//2023779225, -423735814651//10118896125, 146957772154//2023779225, -821686474702//10118896125, 727234875649//10118896125, -790501547411//10118896125, 7865528452//404755845, -45171542012//2023779225, 13270629914//674593075, -28852657582//2023779225, 5651033026//674593075, -10820747337//3372965375, -1119607127//3372965375, 1621726759//674593075, -33263843036//10118896125, 1246380154//404755845, -24781663937//10118896125, 16526540804//10118896125, -4470038057//3372965375]
2; 6; 10; 4; 4; 2; 1; 3; 1; 1; [-427758683//259458875, 1126972277//778376625, 55987639//155675325, 2786045114//778376625, -614061612//259458875, 2684657099//778376625, -2197228301//778376625, 11459818054//778376625, -635053934//59875125, -411075606//51891775, -772552551//51891775, 906373134//51891775, -3447145601//155675325, 16906209888//259458875, -84310257077//778376625, -153969812//51891775, -85174447724//778376625, 134858984566//778376625, -180750991964//778376625, 41191672937//259458875, -266724741364//778376625, 453407200327//778376625, 11953996764//51891775, 16496281194//51891775, -29805289026//51891775, 31681959808//51891775, -132315370981//259458875, 272671846984//778376625, -30234654979//155675325, 44796159328//778376625, 8816772706//259458875, -64613035232//778376625, 23975853556//259458875, -71184904792//778376625, 63861423521//778376625, -1170041529//51891775, 4324886548//155675325, -1317394434//51891775, 75923179//3991675, -2999480501//259458875, 3844125749//778376625, -6993512//31135065, -702493724//259458875, 3033339688//778376625, -3014192222//778376625, 2371477328//778376625, -568499964//259458875, 1117556786//778376625]
2; 6; 10; 4; 9; 1; 1; 10; 1; 1; [-86620691//382299125, -319389888//382299125, -413045833//382299125, -291183914//382299125, -9122486//382299125, 669797968//382299125, 786016397//382299125, 1069609787//382299125, 742310781//382299125, 136065146//76459825, 89074029//15291965, 182930987//76459825, -95972543//15291965, -119758719//382299125, 7264524998//382299125, 12072567693//382299125, 10754173909//382299125, 682008526//382299125, -31115336043//382299125, -46505120147//382299125, -44950909127//382299125, -2929370316//382299125, 4257662261//76459825, -2198121//1176305, -2234630013//76459825, 127165305//3058393, -15657376607//382299125, 977839303//29407625, -7512060476//382299125, 4458063307//382299125, -788182397//382299125, -2581327319//382299125, -8830651//382299125, -4262031136//382299125, 1729815042//382299125, -65034156//76459825, 5337398//3058393, -146273747//76459825, 25023222//15291965, -444138757//382299125, 256691859//382299125, -78710156//382299125, -12956563//382299125, 82956453//382299125, -127807059//382299125, 52609839//382299125, -107518766//382299125, 39550182//382299125]
2; 6; 10; 4; 8; 1; 1; 7; 1; 1; [11734983457//60020962625, 68810457429//60020962625, -2098626269//923399425, 20719789154//60020962625, -230312795318//60020962625, -417645488413//60020962625, -75761051922//12004192525, -1079679553278//60020962625, -796049920216//60020962625, -243678695216//12004192525, -390774968391//12004192525, -68012682//480167701, -399982109021//12004192525, -1834781345112//60020962625, -1611103775079//60020962625, 684567863389//12004192525, -949420399729//60020962625, 10389671660338//60020962625, 9428491958108//60020962625, 2181497764466//12004192525, 25974537708018//60020962625, 6543960428391//60020962625, 5716597869154//12004192525, 228058036008//923399425, -1491288096092//2400838505, 8576178671709//12004192525, -37944108135186//60020962625, 27406753004418//60020962625, -3183103939127//12004192525, 6255675086093//60020962625, 1079947552714//60020962625, -4073795744601//60020962625, 19613277914//184679885, -4351647254986//60020962625, 4540098628703//60020962625, -273851001369//12004192525, 380125085806//12004192525, -73598018196//2400838505, 288350011941//12004192525, -71703091872//4616997125, 449149580673//60020962625, -16124791376//12004192525, -146719368752//60020962625, 259461280014//60020962625, -254235091051//60020962625, 45413784217//12004192525, -127016486626//60020962625, 85844693758//60020962625]
2; 6; 10; 4; 12; 1; 1; 8; 1; 1; [-258852089437//60020962625, 36630994252//60020962625, -317817701849//60020962625, -73399889664//60020962625, 6098407482//4616997125, -552280481642//60020962625, 980620533514//60020962625, 148733529553//12004192525, -781677207//923399425, 484110067744//12004192525, -3568848117//480167701, 413165254947//12004192525, 338410328492//12004192525, 5811334174417//60020962625, 1117737194//382299125, 10809351445914//60020962625, -9857827876941//60020962625, -4607357838541//60020962625, 6240926864847//60020962625, -40704377679404//60020962625, -79537547669//480167701, -5597205888629//12004192525, -9551231615351//12004192525, 3061785016757//2400838505, -15628895240053//12004192525, 12793319556607//12004192525, -42784321497224//60020962625, 22523345687469//60020962625, -5693938243068//60020962625, -4956929798143//60020962625, 9628870292072//60020962625, -10721373896109//60020962625, 7683101148823//60020962625, -1451049940896//12004192525, 524622762463//12004192525, -720414716149//12004192525, 127887001726//2400838505, -466714018657//12004192525, 275763788043//12004192525, -546420727474//60020962625, -36076718911//60020962625, 379594923022//60020962625, -38482518251//4616997125, 462168922642//60020962625, -354532404409//60020962625, 14841870566//4616997125, -22982979582//12004192525, -135099014//923399425]
2; 6; 10; 4; 7; 1; 1; 3; 1; 1; [66066133//674593075, 374967993//3372965375, 1223648092//3372965375, 1160481113//674593075, -1365587094//674593075, -5937229546//3372965375, 12681920479//3372965375, 2655114768//674593075, -6843672991//674593075, -7024133312//674593075, -319622553//674593075, 39157477//3991675, -5974722159//674593075, 65454908//51891775, -83283147643//3372965375, -53399582117//3372965375, -24634765541//674593075, 91943724243//674593075, 88237578256//3372965375, -549164297599//3372965375, 867588014//674593075, 258139825524//674593075, 100623702538//674593075, -26358452768//674593075, -21833472567//674593075, 45677843641//674593075, -50742490852//674593075, 214448597906//3372965375, -157186582486//3372965375, 16406283473//674593075, -2127878294//674593075, -3299554722//3372965375, 3501326298//3372965375, -6977610992//674593075, 18114287966//674593075, -248425153//674593075, 134366246//51891775, -2272999718//674593075, 2136053379//674593075, -1641324626//674593075, 5082416566//3372965375, -2414980296//3372965375, 36662039//674593075, 273755893//674593075, -1443839712//3372965375, 1068086218//3372965375, -248719866//674593075, 1192043//2075671]
2; 6; 10; 4; 11; 1; 1; 12; 1; 1; [-85753483//382299125, -14294438//29407625, 15936634//29407625, 920641//15291965, -558988986//382299125, -597993849//382299125, -336953041//382299125, -95091366//76459825, -577816961//382299125, 167495196//76459825, -44913834//15291965, -57223573//76459825, -89448954//76459825, 356695876//29407625, 2813068524//382299125, -8666370012//382299125, -15268731//1176305, 11786125786//382299125, 4066333764//382299125, 1042050097//29407625, -1354687981//76459825, -24993676004//382299125, -12002839884//76459825, 129547382//1176305, -4703872273//76459825, 1611011821//76459825, 2676749069//382299125, -7977661318//382299125, 9399792444//382299125, -363181357//15291965, 7110832838//382299125, -3780788068//382299125, 2286871348//382299125, -64061564//76459825, -2083040302//382299125, -278429641//76459825, 24945514//15291965, -11282412//76459825, -57058026//76459825, 431145799//382299125, -423743533//382299125, 334700974//382299125, -709399//1176305, 124846068//382299125, -24017128//382299125, -16964162//382299125, 153042//1176305, -81604817//382299125]
2; 6; 10; 4; 4; 1; 1; 9; 1; 1; [-1008633997//1146897375, 1667647108//1146897375, 2086853831//1146897375, 12490583//15291965, 87491576//45875895, 1361261574//382299125, -1401518902//382299125, -1595709836//1146897375, 66371128//17644575, -2055478546//229379475, -37925234//3058393, -18433021//17644575, -401942898//15291965, 5947035437//1146897375, -70518434888//1146897375, -37437618091//1146897375, -191089471//9175179, -97248603//1176305, 17459242453//1146897375, 287294927936//1146897375, 74434159876//1146897375, 20067389141//229379475, 114526184909//229379475, 4023450469//45875895, -94607570123//229379475, 23795132692//45875895, -183599206728//382299125, 413733635981//1146897375, -259094479958//1146897375, 4530945209//45875895, -13536542//1176305, -17763929842//382299125, 93075064253//1146897375, -76099188047//1146897375, 4540466041//76459825, -3188615009//229379475, 26323608//1176305, -5261723137//229379475, 286618589//15291965, -372406036//29407625, 2520951742//382299125, -717441706//382299125, -4028742//3058393, 128566466//45875895, -3683253286//1146897375, 1151073841//382299125, -2231423972//1146897375, 280217203//229379475]
2; 6; 10; 4; 9; 1; 1; 8; 1; 1; [4722581712//4616997125, 79612914486//60020962625, 179714558662//60020962625, 411998215618//60020962625, 5089449016//923399425, -160896382273//60020962625, -348470176051//60020962625, -93749299763//12004192525, -1077226918386//60020962625, -152058646164//12004192525, -51216864432//12004192525, -386549538733//12004192525, -613257591227//12004192525, -268645472782//4616997125, -5988644438//382299125, -3285863932737//60020962625, -8881348697243//60020962625, -599945632693//12004192525, 8820959179118//60020962625, 15028058862551//60020962625, 1339352982111//2400838505, 52320823370506//60020962625, 3434059720896//12004192525, -2963778809812//12004192525, 2085668347897//12004192525, -1220695262422//12004192525, 1995579654667//60020962625, 438106922632//60020962625, -2065579516796//60020962625, 151722293837//4616997125, -462486930864//12004192525, 2034228723154//60020962625, -319092088792//60020962625, 390511403791//12004192525, 2347850697358//60020962625, 111377117614//12004192525, -70144906048//12004192525, 32000790938//12004192525, -353075871//923399425, -68694824593//60020962625, 102001865912//60020962625, -107032759506//60020962625, 77036071516//60020962625, -11852023839//12004192525, 36894730404//60020962625, 5102076163//60020962625, 4454741952//12004192525, 57966224098//60020962625]
2; 6; 10; 4; 8; 1; 1; 12; 1; 1; [2942232//382299125, -171437252//382299125, -372183919//382299125, -339546366//382299125, -414078024//382299125, -15779633//382299125, 90763429//382299125, 1161702246//382299125, 2568262703//382299125, 588430364//76459825, 443827821//76459825, 987591639//76459825, 320447018//15291965, 8087600453//382299125, 12389587472//382299125, 28114185009//382299125, 17380141401//382299125, 19507869844//382299125, -4264282637//382299125, -4113448419//382299125, 136698368//29407625, -67448419323//382299125, -5528064391//76459825, 8009268011//76459825, -7793749251//76459825, 1257729064//15291965, -19917516121//382299125, 10603870111//382299125, -855533058//382299125, -161190599//29407625, 6112795462//382299125, -5760459281//382299125, 4487374303//382299125, -3160609663//382299125, -1284825469//382299125, -365739074//76459825, 315146144//76459825, -222397079//76459825, 5109837//3058393, -220019801//382299125, -42084219//382299125, 228727682//382299125, -238065727//382299125, 248054267//382299125, -13631977//29407625, 102502888//382299125, -44557028//382299125, -55498894//382299125]
2; 6; 10; 4; 2; 1; 1; 11; 1; 1; [79216162//229379475, -102897058//1146897375, 24482352//76459825, 266279939//382299125, 124619056//382299125, 300755789//382299125, 5964915//3058393, 4893866281//1146897375, 316042654//88222875, 219124494//76459825, 357423663//76459825, -22930894//3528915, -1785312116//229379475, -4107352928//229379475, 410242006//382299125, -4788929281//229379475, -4172994519//382299125, 2876757404//88222875, -7813417192//1146897375, -612667943//45875895, -52938545576//1146897375, -8782121474//382299125, -5586965156//76459825, -18019229746//229379475, 6940926926//45875895, -37744236256//229379475, 10593737371//76459825, -111944666726//1146897375, 12241373192//229379475, -21796611401//1146897375, -390767648//88222875, 21352204214//1146897375, -357666632//15291965, 21176866357//1146897375, -18680764586//1146897375, 1344001033//229379475, -10061056//1357275, 104974102//15291965, -398680458//76459825, 3772567//1176305, -1648958531//1146897375, 7899514//76459825, 755004869//1146897375, -369737418//382299125, 376319968//382299125, -36931316//45875895, 555555592//1146897375, -108793052//382299125]
2; 6; 10; 4; 3; 1; 1; 6; 1; 1; [-343021//510250, 50911//255125, 2470811//3061500, -16109//1530750, 610022//765375, 558781//510250, 32569//47100, 666609//510250, -8378047//3061500, -269624//153075, 41897//204100, -777748//153075, -3373913//612300, 56584771//3061500, -9753568//765375, -7422521//510250, -177499//235500, -63482383//3061500, 16152679//3061500, -939629//24492, -243188//4875, 222239581//1530750, 62714569//612300, -1249529//612300, -8712008//153075, 1870847//23550, -58634893//765375, 184918379//3061500, -61436639//1530750, 58856389//3061500, -7176487//1530750, -4404662//765375, 137179//15700, -3129359//235500, 24134633//1530750, -257401//153075, 509186//153075, -741931//204100, 315543//102050, -1656608//765375, 926281//765375, -111619//255125, -370711//3061500, 606013//1530750, -127159//255125, 86429//204100, -292723//765375, 168241//510250]
2; 6; 10; 4; 6; 1; 1; 11; 1; 1; [6503706281//1146897375, 1072668769//1146897375, 2576941329//382299125, 6969831352//1146897375, -445200436//76459825, 14063355094//1146897375, -13716929747//1146897375, -3228820937//229379475, -44933128//88222875, -5361080364//76459825, -639376071//76459825, -410169317//17644575, -19092198776//229379475, -53419859837//382299125, 6074602331//1146897375, -287530018162//1146897375, 66670762673//1146897375, 4405772074//17644575, -133111447199//1146897375, 1025638473077//1146897375, 44585056844//229379475, 630612003454//1146897375, 141366071481//76459825, -104726451161//76459825, 188046493649//229379475, -26410386142//76459825, -11308938128//1146897375, 233412749723//1146897375, -333551529296//1146897375, 311510584409//1146897375, -1169922953//5881525, 49574501206//382299125, -27863121119//1146897375, 4634207518//229379475, 17878161734//382299125, 3587263544//76459825, -416790364//17644575, 1239563411//229379475, 468703627//76459825, -1046040496//88222875, 14517880828//1146897375, -12527256656//1146897375, 2879191183//382299125, -36056309//9175179, 1483600558//1146897375, 474218802//382299125, -298763416//229379475, 2554168717//1146897375]
2; 6; 10; 4; 2; 1; 1; 5; 1; 1; [-211130//1899729, -290663773//237466125, -20673283//26385125, -306080458//237466125, 267292508//237466125, 541369288//237466125, 65133047//47493225, 552586973//79155375, 905812187//79155375, 122707834//9498645, 7106614//633243, 8427596//1899729, 418354712//47493225, 726965359//47493225, 10500439943//237466125, -310861306//79155375, 317875887//26385125, -15991213843//237466125, -6279488431//79155375, -370490882//3653325, -7093753591//26385125, -79985529856//237466125, -14698096//56205, 14541373//1899729, 90238337//633243, -3179185406//15831075, 3114359233//15831075, -36244352771//237466125, 23779463111//237466125, -11536849736//237466125, 177742464//26385125, 900791597//79155375, -32734669//1055405, 3731203648//237466125, -9155655683//237466125, 13286239//3166215, -5303809//633243, 1938997//211081, -372324787//47493225, 263505416//47493225, -729271546//237466125, 258322076//237466125, 72311579//237466125, -86955848//79155375, 285682286//237466125, -58991377//47493225, 150181628//237466125, -64201691//79155375]
2; 6; 10; 4; 10; 1; 1; 11; 1; 1; [-2873398559//382299125, -551548859//76459825, -2686997917//382299125, 2076960232//382299125, -2832977318//382299125, -833778147//76459825, 10054066018//382299125, 12232207259//382299125, 13295286852//382299125, 1225420016//76459825, 1426730964//76459825, 9878145471//76459825, -2434343907//76459825, 61852214109//382299125, 1395650073//5881525, 71647106532//382299125, -174494883347//382299125, -63642917472//382299125, -1710186287//15291965, -260045487658//382299125, -432826394309//382299125, -749277116592//382299125, 38107037651//76459825, 99025205079//76459825, -12207501253//5881525, 162820363233//76459825, -51024999081//29407625, 90711206737//76459825, -232365051974//382299125, 57403228579//382299125, 43498175779//382299125, -20816037206//76459825, 102745903891//382299125, -118913140072//382299125, 37061709294//382299125, -6410951541//76459825, 7501930886//76459825, -6655745331//76459825, 4871423262//76459825, -14344044483//382299125, 1173102052//76459825, 405766906//382299125, -306704077//29407625, 5061079499//382299125, -978328222//76459825, 3531233331//382299125, -2748836942//382299125, 474595839//382299125]
2; 6; 10; 4; 11; 1; 1; 6; 1; 1; [79877//42250, -34559//42250, -1363//845, 10977//3380, 42556//21125, -2023//500, 331289//84500, 34293//8450, -753613//42250, -83947//8450, 152871//8450, -123311//16900, -292347//16900, -5368699//84500, 2210189//42250, 157207//16900, -453807//4225, 233427//6500, 8629497//84500, -16703709//84500, 185128//4225, 14256609//21125, 56917//1300, -6713143//16900, 8876459//16900, -4203761//8450, 8023337//21125, -20209671//84500, 1904687//16900, -84937//4225, -3589267//84500, 6299481//84500, -6775157//84500, 202843//3380, -178058//21125, 377209//16900, -99308//4225, 331251//16900, -114159//8450, 153142//21125, -94363//42250, -9111//8450, 889//325, -137481//42250, 253021//84500, -193287//84500, 417//325, 531//6500]
2; 6; 10; 4; 3; 1; 1; 6; 2; 1; [-510299//3061500, 680//6123, 4648//51025, -524369//765375, -1057957//1530750, -59363//255125, -155567//255125, -616051//765375, -199789//117750, 177323//153075, -83233//204100, 362573//306150, -256148//153075, 3810113//1020500, 312577//61230, -1633979//612300, 53528161//3061500, 80333749//3061500, 590547//1020500, 2134339//510250, -1331357//235500, 36644973//1020500, -2840071//47100, 2140847//204100, 3145189//153075, -7053369//204100, 36761469//1020500, -720035//24492, 12302639//612300, -30599957//3061500, 13442347//3061500, 473709//255125, -4289971//1020500, 14594837//3061500, -8497433//3061500, 91901//204100, -420743//306150, 1005929//612300, -301531//204100, 1116199//1020500, -39733//61230, 8239//30615, 56453//3061500, -35719//255125, 114003//510250, -107563//510250, 249011//1530750, -234823//3061500]
2; 6; 10; 4; 6; 1; 1; 5; 1; 1; [308894//190125, 0, 8159//190125, -114587//190125, -229174//190125, 405506//190125, 21683//7605, 637241//190125, 182092//63375, 0, 114587//38025, -268937//38025, 458348//38025, -4325909//190125, 229174//12675, -4760989//190125, 6989807//190125, 9396134//190125, -1553154//21125, -867953//12675, -9244801//190125, 2491679//190125, -916696//7605, -8479438//38025, 14399603//38025, -15010897//38025, 62045108//190125, -8479438//38025, 2507997//21125, -2177153//63375, -3323023//190125, 8534797//190125, -2222054//38025, 52223//1125, -6582253//190125, 114587//7605, -229174//12675, 619342//38025, -458348//38025, 1373893//190125, -114587//38025, -6512//190125, 114587//63375, -458348//190125, 437777//190125, -72626//38025, 218402//190125, -106918//190125]
2; 6; 10; 4; 10; 1; 1; 5; 1; 1; [-41459623//15831075, -31987676//79155375, 131916253//79155375, 7627907//15831075, -103877096//79155375, 19037//93675, 521827136//79155375, 142382683//26385125, -273475322//26385125, -114651824//15831075, 39575219//3166215, 89618402//15831075, -45442691//1217775, 1033766983//15831075, 547870931//79155375, -4808995868//79155375, -628449792//5277025, -727434333//26385125, 73438691//1055405, -4685262722//26385125, -7525371448//26385125, 15709121146//79155375, 7191549811//15831075, 76677739//633243, -6817324373//15831075, 8312106007//15831075, -7540368871//15831075, 28350237988//79155375, -5805349488//26385125, 7120101//81185, -317074777//79155375, -745455071//15831075, 4996918157//79155375, -6516084062//79155375, 5048189008//79155375, -237154601//15831075, 24175373//1055405, -28017799//1217775, 293541068//15831075, -194783306//15831075, 501596833//79155375, -130002499//79155375, -24941042//15831075, 77600231//26385125, -3885109//1217775, 69318004//26385125, -58184089//26385125, 100726378//79155375]
2; 6; 10; 4; 3; 1; 1; 4; 1; 1; [17107417//47493225, -12657719//47493225, 272111611//79155375, 1519000706//237466125, 747695708//237466125, -281561092//237466125, 352925338//79155375, -599696684//237466125, -55509836//1899729, -122204104//47493225, 210875086//9498645, -2016936226//47493225, -852276488//15831075, -10786247//730665, 164147577//5277025, -26577169768//237466125, -13057445287//79155375, 6815860357//237466125, 8055232559//79155375, -28439152994//237466125, 6899380498//18266625, 17792737831//15831075, 656959179//5277025, -3398935093//9498645, 20073365674//47493225, -6048433108//15831075, 339167584//1217775, -869552601//5277025, 14951501326//237466125, -1233076003//237466125, -9825457124//237466125, 4937613607//79155375, -4800965939//79155375, 365570233//6088875, 372691871//15831075, 885244744//47493225, -174093328//9498645, 690894481//47493225, -455384021//47493225, 24981298//5277025, -47762852//47493225, -337772744//237466125, 545156927//237466125, -68070316//26385125, 41620097//18266625, -385927127//237466125, 275170652//237466125, 32616227//47493225]
2; 6; 10; 4; 8; 1; 1; 6; 1; 1; [10081//4875, 5899//1625, 8999//4875, -83//25, -716//975, 2031//1625, -88129//4875, -117997//4875, -78967//4875, -27292//975, -13684//325, -36683//975, -7427//325, -312526//4875, -669937//4875, -211819//4875, 11057//65, 5714//39, 662032//4875, 946163//1625, 894754//1625, 962014//1625, 399968//975, -14584//75, 8449//325, 70604//975, -588443//4875, 185678//1625, -489587//4875, 72239//975, -9141//325, 25577//1625, 12484//375, 47941//4875, 213386//4875, 3832//975, 564//325, -1554//325, 1797//325, -24283//4875, 16979//4875, -3514//1625, 973//975, 58//325, -2209//4875, 2039//1625, -1204//4875, 5171//4875]
2; 6; 10; 4; 11; 1; 1; 6; 2; 1; [-509863//84500, -111453//16900, -6943//1625, 8379//3380, 37799//21125, -46621//16900, 598146//21125, 4562949//84500, 3954167//84500, 398083//8450, 400527//8450, 1694481//16900, 25723//676, 11993653//84500, 625861//3380, 2783549//21125, -6020411//16900, -38605121//84500, -4357333//16900, -19434846//21125, -69139477//42250, -155843587//84500, -13158889//16900, 16006219//16900, -14377529//16900, 538643//845, -31883481//84500, 2884521//16900, 343323//84500, -140047//1300, 9064057//84500, -2293151//16900, 362381//6500, -5792611//42250, -4478681//84500, -694711//16900, 139849//4225, -368491//16900, 18843//1690, -216621//84500, -10897//4225, 115402//21125, -51747//8450, 96388//21125, -62523//16900, 1879//1625, -43708//21125, -75063//42250]
2; 6; 10; 4; 5; 1; 1; 11; 1; 1; [-8470616599//1146897375, -2758597734//382299125, -936351698//382299125, -17063803267//1146897375, 7159930181//1146897375, -11426134214//1146897375, 16670728//382299125, 3052927816//76459825, -2023376302//382299125, 18149871199//229379475, 18959317948//229379475, -3220585484//229379475, 10442165761//76459825, 98121306383//382299125, 144493754377//1146897375, 163142686529//1146897375, 63583840534//382299125, -224776727052//382299125, 193566945424//1146897375, -920483690489//1146897375, -257160650854//229379475, 11021872741//1146897375, -662064138071//229379475, 30041244126//76459825, 87055979432//76459825, -412304314177//229379475, 706466224089//382299125, -569621503953//382299125, 1160074411637//1146897375, -45503081183//88222875, 131301875252//1146897375, 133171498397//1146897375, -307932584627//1146897375, 732951398//3528915, -255489159517//1146897375, 6468476321//229379475, -16718299073//229379475, 19425422044//229379475, -1320108281//17644575, 62860118537//1146897375, -36676454299//1146897375, 4915686454//382299125, 1303049486//1146897375, -818208631//88222875, 13437004847//1146897375, -4440912379//382299125, 570409464//76459825, -6082107557//1146897375]
2; 6; 10; 4; 12; 1; 1; 9; 1; 1; [-845011593//382299125, 296295514//382299125, 8185719//76459825, -220719029//382299125, 37532316//382299125, -74456891//76459825, 2544562153//382299125, 604180597//382299125, -1539264642//382299125, 815551496//76459825, -421395009//76459825, 291689082//76459825, -797253118//76459825, 18266475993//382299125, -13886948194//382299125, -341169139//76459825, -28206420071//382299125, -15547796256//382299125, 2979849507//76459825, -92198948753//382299125, -34890742417//382299125, -47712283748//382299125, -4090943059//76459825, 36499413831//76459825, -48163461158//76459825, 45477063822//76459825, -13418792637//29407625, 109955963783//382299125, -10289126012//76459825, 5646074857//382299125, 19537423407//382299125, -6275417351//76459825, 28456396901//382299125, -28163074546//382299125, 15704051596//382299125, -2046581166//76459825, 2155133324//76459825, -1796010237//76459825, 95019681//5881525, -3327125541//382299125, 1028940598//382299125, 7665406//5881525, -1320500698//382299125, 1491944307//382299125, -263797623//76459825, 891405361//382299125, -600113016//382299125, 185738061//382299125]
2; 6; 10; 4; 4; 1; 1; 7; 1; 1; [54073687814//60020962625, 86275501668//60020962625, 68656214489//60020962625, -51540309637//180062887875, -8970021578//180062887875, 28710915742//60020962625, -870648916766//180062887875, -1691630953541//180062887875, -90446368904//13850991375, -172256702312//36012577575, -147616822268//12004192525, -258355177//14206145, -15891523588//36012577575, -4175005701892//180062887875, -8276383773854//180062887875, -5712981426787//180062887875, 3150317244759//60020962625, 304248809867//4616997125, 1311351254858//60020962625, 30157884368246//180062887875, 56723673688081//180062887875, 45163999426267//180062887875, 1801972215208//36012577575, -3403875289114//36012577575, 240371658471//2400838505, -3070090336723//36012577575, 10509827426089//180062887875, -6280102074482//180062887875, 568648052673//60020962625, 1135811449711//180062887875, -121840760707//13850991375, 2704700584942//180062887875, -900641879992//180062887875, 1414489443881//60020962625, 1046632643831//180062887875, 164500748257//36012577575, -299796658//71030725, 4552108144//1440503103, -23449236684//12004192525, 11647023383//13850991375, -17489079277//180062887875, -80456980876//180062887875, 118775189191//180062887875, -33100334957//60020962625, 90616834012//180062887875, -31524038497//180062887875, 25724662406//60020962625, 10717184012//60020962625]
2; 6; 10; 4; 4; 2; 1; 11; 1; 1; [-576239396//1146897375, -491332189//382299125, -694873976//1146897375, -164391649//229379475, -1347516902//1146897375, -380047191//382299125, 543128921//1146897375, 688123684//229379475, 313928674//88222875, 317011712//76459825, 176012602//76459825, 119123126//17644575, 133324643//229379475, 18918239221//1146897375, 17793909099//382299125, 20417245871//1146897375, -572191267//45875895, 601318678//29407625, 13041062753//1146897375, -38194917991//1146897375, -36893183162//229379475, -149774418977//1146897375, -9110029233//76459825, 23631657181//229379475, -5576159484//76459825, 9561200533//229379475, -16532972932//1146897375, -1240955309//1146897375, 16092326503//1146897375, -3905156017//229379475, 471833554//29407625, -4152030037//382299125, 2090576629//382299125, -474494251//45875895, -6580000261//1146897375, -889078621//229379475, 43168478//17644575, -86159741//76459825, 11430854//76459825, 41063146//88222875, -770510909//1146897375, 847098068//1146897375, -137443684//229379475, 473149111//1146897375, -224292581//1146897375, 10124649//382299125, -21624014//229379475, -233135291//1146897375]
2; 6; 10; 4; 2; 1; 1; 2; 1; 1; [15749173//56382625, -55366048//169147875, -1257382//9949875, -92683679//169147875, -218548366//169147875, -13807167//56382625, 27555714//56382625, -7947764//3316625, -10359199//4337125, 56870792//33829575, 5584674//11276525, -7405192//2602275, -46043968//11276525, -347336059//169147875, 4320440038//169147875, 1773747979//169147875, 6010393709//169147875, 219062624//4337125, -674702759//169147875, -114998192//3316625, 16042443029//169147875, -1918737018//56382625, -7055155243//33829575, 78693301//1989975, 747456758//11276525, -3894111589//33829575, 20381994808//169147875, -5588189517//56382625, 3907823379//56382625, -2001124871//56382625, 59412982//4337125, 313647291//56382625, -2731730861//169147875, 1192676359//56382625, -925524284//56382625, 46309843//33829575, -3945198//867425, 186155861//33829575, -56226727//11276525, 48166286//13011375, -374467916//169147875, 161438012//169147875, 3253322//169147875, -82958887//169147875, 125517923//169147875, -127219246//169147875, 6455026//9949875, -66915242//169147875]
2; 6; 10; 4; 7; 1; 1; 11; 1; 1; [74600679//382299125, 50054149//76459825, 68335026//76459825, 668073789//382299125, -86135172//382299125, -1031969414//382299125, -79545119//76459825, -57037159//29407625, -2398410633//382299125, -470933536//76459825, -82989714//76459825, -742821264//76459825, -1008091514//76459825, -4623236444//382299125, 315739//3058393, -1689854993//76459825, -17639533204//382299125, 12866366387//382299125, 40060519314//382299125, 4818270137//76459825, 73014510797//382299125, 67677822053//382299125, 4392803054//76459825, -528301538//5881525, 6909212196//76459825, -5674674734//76459825, 18609827603//382299125, -1943520208//76459825, 85930874//15291965, 1338617248//382299125, -3848211559//382299125, 6710087112//382299125, -124568936//15291965, 6289206041//382299125, 1380078059//382299125, 320559086//76459825, -282594756//76459825, 204249014//76459825, -120539376//76459825, 229887763//382299125, 4733124//76459825, -35152326//76459825, 204586383//382299125, -195362429//382299125, 192448832//382299125, -1210672//5881525, 107972516//382299125, 52346609//382299125]
2; 6; 10; 4; 9; 1; 1; 9; 1; 1; [2001891101//382299125, 72946644//76459825, -25411812//15291965, 372577347//76459825, 15927012//382299125, -728849534//76459825, 835107837//382299125, 3156556036//382299125, -12145402471//382299125, -2362549426//76459825, 995985849//76459825, -65275653//3058393, -444458802//76459825, -55055135841//382299125, 4719919452//76459825, -1361856293//76459825, -12178946058//76459825, 6973288821//29407625, 30688282213//76459825, -38083474817//382299125, 26582175704//382299125, 29629380997//29407625, -11916475141//76459825, -52164339441//76459825, 15817538033//15291965, -79332088362//76459825, 316850313602//382299125, -42181552041//76459825, 21562426757//76459825, -5880044262//76459825, -21785205636//382299125, 11655510081//76459825, -57769933951//382299125, 49010913127//382299125, -1247008809//29407625, 3235772961//76459825, -3677767764//76459825, 642579969//15291965, -2315657343//76459825, 6652274602//382299125, -507068178//76459825, -5492674//5881525, 76732296//15291965, -2447372766//382299125, 496688683//76459825, -1824104401//382299125, 1137702392//382299125, -174691292//382299125]
2; 6; 10; 4; 11; 1; 1; 4; 1; 1; [-4022854//79155375, -4171417//79155375, -740731//5277025, -38600663//79155375, -686208//26385125, -50227703//79155375, -36631327//26385125, -40753372//79155375, -10630686//26385125, -5418176//15831075, 5736501//5277025, 13665578//5277025, 10029248//15831075, -45170252//26385125, 129732169//26385125, 52050164//5277025, 1149928438//79155375, 1002795499//79155375, 575590406//26385125, 429338101//79155375, 337588379//26385125, 2407164928//79155375, -217551252//5277025, 45300638//15831075, 319051574//15831075, -154889919//5277025, 2293639072//79155375, -1816793774//79155375, 82691411//5277025, -551432746//79155375, 60510664//26385125, 240229489//79155375, -283785482//79155375, 123989322//26385125, -55450272//26385125, 8861341//15831075, -19178138//15831075, 21466316//15831075, -18526028//15831075, 22000404//26385125, -37416394//79155375, 582052//3166215, 3675419//79155375, -3644871//26385125, 5413883//26385125, -13230967//79155375, 3709582//26385125, -4257866//79155375]
2; 6; 10; 4; 3; 1; 1; 3; 1; 1; [3276786004//778376625, 1056668923//259458875, 113368937//59875125, 437076002//259458875, 2765624396//778376625, 7834222381//778376625, -3429783103//155675325, -16742825693//778376625, -4772343054//259458875, 450901234//51891775, -2544013263//51891775, -7162146526//155675325, 177053798//31135065, -102662134589//778376625, -101220099989//778376625, -9547941752//259458875, 93206553169//778376625, 24095240903//259458875, -152355738541//778376625, 116048542171//155675325, 227332888956//259458875, 47561745964//59875125, -29969287161//51891775, 4231284697//11975025, -24737400166//155675325, 341445818//31135065, 54690659233//778376625, -30536108999//259458875, 84755640302//778376625, -21474596141//259458875, 48360639937//778376625, -29493974108//778376625, 2092640989//51891775, 12321374898//259458875, 16665025516//778376625, -1632815767//155675325, 439052084//155675325, 108540987//51891775, -47826431//10378355, 3921892733//778376625, -273403679//59875125, 816510324//259458875, -1333035253//778376625, 193722124//259458875, -29663918//778376625, 10960331//155675325, 1135366184//778376625, 19422011//778376625]
2; 6; 10; 4; 8; 1; 1; 6; 2; 1; [-2989//3900, -253//19500, -3161//6500, 951//3250, -242//4875, -2429//4875, 1487//1625, 56021//19500, -3967//6500, 27//10, -67//25, 793//150, -9//25, 17179//780, 67111//6500, 143031//6500, -84449//4875, 119631//6500, -288269//19500, -219601//4875, -617843//9750, -380321//4875, -1491//20, 31471//300, -15277//150, 6028//75, -99551//1950, 168143//6500, -38563//9750, -14099//1625, 23787//1625, -148241//9750, 65471//6500, -109279//9750, 4762//4875, -287//60, 102//25, -287//100, 161//100, -1057//1950, -243//1625, 5497//9750, -13213//19500, 6017//9750, -1497//3250, 2269//9750, -827//4875, -313//4875]
2; 6; 10; 4; 5; 1; 1; 5; 1; 1; [-125582//38025, 0, 96574//38025, 127918//190125, 255836//190125, -310501//190125, -1046887//190125, -401948//38025, -981848//63375, 0, -127918//38025, -85177//7605, -511672//38025, 3502817//38025, -255836//12675, -243259//7605, -7802998//190125, -10489276//190125, 3997329//21125, 18898669//63375, 15158131//38025, 80750759//190125, 1023344//7605, 9465932//38025, -3221537//7605, 16757258//38025, -13737779//38025, 9465932//38025, -571437//4225, 2430442//63375, 3709622//190125, -8605382//190125, 14312591//190125, -105941//2925, 11133467//190125, -127918//7605, 255836//12675, -138403//7605, 511672//38025, -304579//38025, 127918//38025, -496//38025, -127918//63375, 511672//190125, -471322//190125, 441386//190125, -37574//38025, 190757//190125]
2; 6; 10; 4; 2; 1; 1; 10; 1; 1; [45653//63375, -2596//4225, 48589//63375, 29127//21125, -6206//63375, 117271//63375, 111152//21125, 431213//63375, 9722//1625, 100544//12675, 66211//4225, 4094//975, 39763//2535, -228653//63375, 172118//4225, -825168//21125, -1710796//63375, 8569//1625, -1359677//21125, -2740212//21125, -7802053//63375, -2346196//21125, -2705251//12675, -1996427//12675, 1451084//4225, -194075//507, 21015751//63375, -119107//507, 2819566//21125, -3233738//63375, -15153//1625, 829099//21125, -3721303//63375, 910652//21125, -882698//21125, 164051//12675, -16706//975, 68611//4225, -10574//845, 2969//375, -46387//12675, 30658//63375, 29704//21125, -144182//63375, 143987//63375, -127373//63375, 24782//21125, -48349//63375]
2; 6; 10; 4; 6; 1; 1; 2; 1; 1; [60437736//56382625, 6805223//56382625, 46176737//56382625, 18820967//56382625, 5313122//56382625, -29809607//9949875, -394653632//169147875, 22524594//11276525, -1663612//200175, -157827088//33829575, 45386182//11276525, -25541708//2602275, 42239077//11276525, -2145430276//56382625, 2720447021//169147875, -280937933//9949875, -2560685926//169147875, 23124462//333625, 19669396174//169147875, 8380420892//169147875, -9378427//2255305, 2308466061//11276525, 488637992//33829575, -3006803278//11276525, 4065937502//11276525, -3888651883//11276525, 15022774447//56382625, -1694512336//9949875, 13507755487//169147875, -2323118608//169147875, -112361852//4337125, 8976845107//169147875, -7964601884//169147875, 455251032//11276525, -617275861//33829575, 171704531//11276525, -42334982//2602275, 462852254//33829575, -107208967//11276525, 1731013//333625, -95519254//56382625, -116844968//169147875, 321722087//169147875, -7315508//3316625, 359264017//169147875, -81541623//56382625, 585222//663325, -372808//1989975]
2; 6; 10; 4; 4; 2; 1; 5; 1; 1; [-76824562//237466125, 32948572//79155375, 14083192//47493225, 22271413//237466125, 94204274//237466125, -77968232//47493225, 178026053//237466125, 72347881//47493225, -491795542//79155375, -15034543//3166215, 123369098//47493225, -59366908//9498645, -484624//146133, 2678038642//237466125, -1488155767//79155375, -300193553//47493225, 3026699417//237466125, -1872645049//237466125, 27953799//405925, 219432599//79155375, -1056968813//47493225, 39337566956//237466125, 2115711737//9498645, -3761898217//47493225, -37789216//1899729, 694068781//9498645, -21254139949//237466125, 19303492912//237466125, -977907524//15831075, 3010093217//79155375, -3922535167//237466125, 13714619//3653325, 2049731651//237466125, -124990477//9498645, 4605427538//237466125, 6529817//9498645, 40094939//15831075, -2857831//730665, 37396253//9498645, -754767674//237466125, 501335402//237466125, -10449551//9498645, 1775759//6088875, 57020338//237466125, -4236964//9498645, 132561086//237466125, -23542601//47493225, 113735108//237466125]
2; 6; 10; 4; 10; 1; 1; 2; 1; 1; [-8821//14365, 89337//359125, -43687//71825, -166161//359125, 439138//359125, 303763//359125, 447872//359125, 15177//21125, 138276//71825, 212142//71825, -261618//71825, 378674//71825, 25384//71825, 936279//71825, -347459//27625, 400463//14365, -3417974//359125, -17171793//359125, -12696843//359125, -20645142//359125, -821949//359125, -1362203//71825, 3094317//71825, 10311867//71825, -945368//4225, 958047//4225, -13168816//71825, 43990649//359125, -4478646//71825, 5821828//359125, 4212241//359125, -10956884//359125, 10543929//359125, -9906562//359125, 267689//14365, -653202//71825, 752438//71825, -38977//4225, 481041//71825, -280394//71825, 42048//27625, 12528//71825, -397472//359125, 500336//359125, -494964//359125, 353734//359125, -233902//359125, 20289//71825]
