3; 6; 2; 11; 6; 1; 2; 12; 1; 1; [484449//255125, -2230138//765375, -7889291//765375, -344061//19625, -11997364//765375, 172243//765375, 28281124//765375, 3405778//51025, 67868059//765375, 175614//2041, 4449307//51025, 14900851//153075, 20039804//153075, 25276198//765375, 177385358//765375, 94139307//255125, 393740429//765375, 64639758//255125, -441466408//765375, -1467537904//765375, -398809849//153075, -1936537604//765375, -11181382//10205, 35359336//153075, 50284261//153075, -87978446//153075, 157528473//255125, -386777876//765375, 95268361//255125, -130971443//765375, 56356822//765375, 558541//765375, -40855424//255125, -1642114//51025, -146235592//765375, 189607//30615, -3478156//153075, 4301374//153075, -1298608//51025, 4888073//255125, -2921942//255125, 4087978//765375, 62609//255125, -620526//255125, 2517481//765375, -4084832//765375, 107108//153075, -239519//58875]
3; 6; 2; 11; 10; 1; 1; 5; 1; 1; [2541715807//3372965375, 2606267072//2335129875, 47685626126//30356688375, 81724338817//30356688375, 19629712516//10118896125, -38634290537//30356688375, -129355036844//30356688375, -262742725006//30356688375, -391111245607//30356688375, -63947912584//6071337675, -42457266844//6071337675, -8197453003//674593075, -22333607836//2023779225, -893962152973//30356688375, -877437679696//30356688375, -1409881757911//30356688375, -113620004659//2335129875, 161928351463//3372965375, 4636237236617//30356688375, 7070883670714//30356688375, 11045672564671//30356688375, 11970732967082//30356688375, 806486631161//6071337675, -649501217479//6071337675, 47052426167//674593075, -218076758863//6071337675, 69771817387//10118896125, 18355968479//2335129875, -198174783281//10118896125, 506196866989//30356688375, -32287471213//2335129875, 61081569839//3372965375, 131865668297//30356688375, 564243779213//30356688375, 563723561156//30356688375, 2592079896//674593075, -13445102366//6071337675, 4928122627//6071337675, 816932833//6071337675, -7102688303//10118896125, 2795902663//3372965375, -8387605976//10118896125, 5622123418//10118896125, -9954799514//30356688375, 8937096101//30356688375, 5649500677//30356688375, 7091601938//30356688375, 13713442966//30356688375]
3; 6; 2; 11; 2; 1; 1; 5; 2; 1; [286611563//3372965375, 16788966731//91070065125, 2915128007//30356688375, 9702024701//91070065125, 8607357892//30356688375, -11996690191//30356688375, -4790505661//91070065125, 692182372//10118896125, -9261302467//6071337675, 45059696//2023779225, -4370887271//18214013025, 29479999459//18214013025, -8260497182//6071337675, -292557137621//91070065125, -315762223991//91070065125, -497325856346//91070065125, 384353819309//91070065125, -1121171494891//91070065125, 1435623096743//91070065125, 76428038009//10118896125, 166287326767//91070065125, 125741147378//2023779225, 4373214671//467025975, 12464242099//18214013025, -12802963729//2023779225, 50984652988//6071337675, -741703969828//91070065125, 547139050067//91070065125, -377071304768//91070065125, 20262626903//10118896125, -73385194748//91070065125, 13617511//2335129875, 133623144683//91070065125, -96916785169//91070065125, 22768715258//6071337675, -1242560548//6071337675, 6540071686//18214013025, -6872299139//18214013025, 1910381777//6071337675, -20054747218//91070065125, 10455338107//91070065125, -1259319416//30356688375, -1256870098//91070065125, 3183334402//91070065125, -1196162957//30356688375, 4851182473//91070065125, -988954838//30356688375, 444321734//6071337675]
3; 6; 2; 11; 3; 1; 1; 4; 1; 1; [19646947//2687100, -22693051//3358875, 10428317//2687100, 287478679//13435500, 11206379//6717750, -157558//26871, 23844556//3358875, -42777751//2239250, -755619577//13435500, -286557//17225, 60479423//1343550, -55907896//671775, -185343467//1343550, -54867134//223925, 307345382//1119625, -29122577//103350, -5575421239//13435500, 1676950331//6717750, -86442261//447850, -1482875047//6717750, 2583029341//2239250, 9072890779//4478500, -405316331//1343550, -613234309//447850, 463544858//223925, -2797244207//1343550, 2229304639//1343550, -1226502549//1119625, 114010483//206700, -1054786721//6717750, -139975412//1119625, 116578489//447850, -1358918529//4478500, 1354256921//4478500, -188559279//2239250, 19003516//223925, -21557423//223925, 75253773//895700, -40738784//671775, 3738533//107484, -43926757//3358875, -1902337//895700, 134129783//13435500, -43701706//3358875, 16318123//1343550, -64206371//6717750, 91523713//13435500, -12052009//13435500]
3; 6; 2; 11; 8; 1; 1; 6; 1; 1; [11029264867//2245355125, 16594365267//2245355125, 27861292997//2245355125, 16371362073//2245355125, -15073100048//2245355125, -38568204982//2245355125, -67711252083//2245355125, -11676581911//449071025, -13280322162//2245355125, -1122147074//449071025, 5484144//34543925, -16355490693//449071025, -24636859387//449071025, -460861444677//2245355125, -439755890347//2245355125, -484442650747//2245355125, 30425157569//172719625, 1378164426368//2245355125, 1836119036287//2245355125, 1952177970803//2245355125, 7552575367//34543925, -676977994668//2245355125, -152276573729//449071025, -159639545433//449071025, 308741916577//449071025, -337009088382//449071025, 8958013572//14301625, -1021306610591//2245355125, 535994666174//2245355125, -1025657431//13286125, 3247581604//2245355125, 276192686836//2245355125, -144435127991//2245355125, 46558007798//449071025, -186889557384//2245355125, 918246483//34543925, -15161966072//449071025, 14051224293//449071025, -10695179688//449071025, 32680562664//2245355125, -15188145066//2245355125, 892254914//2245355125, 7128365756//2245355125, -8987011421//2245355125, 11701358536//2245355125, -6460832441//2245355125, 1159318708//449071025, -3300470139//2245355125]
3; 6; 2; 11; 12; 1; 1; 9; 1; 1; [-17213517007//2245355125, -18222900552//2245355125, 124420454//89814205, -24085313699//2245355125, -33124821026//2245355125, 9766633827//449071025, 5235091756//172719625, 30846525442//2245355125, 147416241959//2245355125, 3599507722//34543925, 14042126112//449071025, 15472815271//449071025, 50035473089//449071025, 643266970662//2245355125, 219778174182//2245355125, -59992603444//449071025, 652728454904//2245355125, -374890991884//2245355125, -3790024184//2860325, -2041461400268//2245355125, -142948667104//172719625, -5882372481034//2245355125, -800764972034//449071025, 471995708682//449071025, -185848813109//449071025, -13098587841//449071025, 677173966536//2245355125, -4987300566//13286125, 158235798756//449071025, -589690629778//2245355125, 373366622923//2245355125, -63139488052//449071025, -68630464564//2245355125, -12227577096//2245355125, -380085014072//2245355125, -13229037726//449071025, 2567592138//449071025, 4179203984//449071025, -7210665999//449071025, 38679151086//2245355125, -2427412308//172719625, 4313016654//449071025, -11227948593//2245355125, 3332165398//2245355125, -30147472//89814205, -6341703299//2245355125, 3739457314//2245355125, -9735648017//2245355125]
3; 6; 2; 11; 2; 1; 1; 2; 1; 1; [1540904516//59436053625, 1041379544//19812017875, 1497546107//59436053625, 1742151748//11887210725, 12383638258//59436053625, 14190916514//59436053625, -266862679//792480715, -54125982124//59436053625, -57434073106//59436053625, -17741627186//11887210725, -3494940034//3962403575, -15207958177//11887210725, -491801228//914400825, 208442261//1524001375, -135464850802//59436053625, -121108719892//59436053625, 658575499//2377442145, 239034815987//59436053625, 151484055247//19812017875, 88195143729//3962403575, 2111388987394//59436053625, 891738794122//19812017875, 310644411949//11887210725, -64285409479//3962403575, 28293826901//3962403575, -2359672923//3962403575, -201065052008//59436053625, 292536147799//59436053625, -302143988266//59436053625, 47626611629//11887210725, -11207168963//4572004125, 99444110093//59436053625, 2771267039//3962403575, 1930756133//1524001375, 160094709608//59436053625, 1895162082//3962403575, -533147006//3962403575, -86206571//914400825, 817381823//3962403575, -13794239578//59436053625, 3953910893//19812017875, -8676580006//59436053625, 328753901//3962403575, -125257748//4572004125, 22923871//19812017875, 175677991//3962403575, -94734958//59436053625, 4042316293//59436053625]
3; 6; 2; 11; 6; 1; 1; 5; 2; 1; [-259752686//6071337675, -1074207177//3372965375, 2993626957//10118896125, -5492319//134918615, 6230245964//30356688375, 53035682//59875125, 6627468136//10118896125, 31041755851//30356688375, 44570140561//30356688375, 15854666992//6071337675, 3260174756//2023779225, -554557312//674593075, 23868811472//6071337675, -29383628269//6071337675, 28722302567//3372965375, -355334548021//30356688375, -69565971277//6071337675, -7821357276//3372965375, -959567753509//30356688375, -222032687596//10118896125, -16421762259//3372965375, -141196524584//3372965375, -96068117681//2023779225, -59103986609//2023779225, 413718233132//6071337675, -468961420933//6071337675, 409249711183//6071337675, -1466551105571//30356688375, 839024162182//30356688375, -22771761949//2023779225, -16175491144//10118896125, 69500069441//10118896125, -352832213519//30356688375, 97923185554//10118896125, -31821840212//3372965375, 5134082456//2023779225, -20899317668//6071337675, 6671437481//2023779225, -15562004447//6071337675, 9930127373//6071337675, -23469649276//30356688375, 1200266584//10118896125, 536868614//2023779225, -4630382929//10118896125, 13485192323//30356688375, -4116392858//10118896125, 7879212442//30356688375, -1778089216//10118896125]
3; 6; 2; 11; 9; 1; 1; 9; 1; 1; [-10883830657//2245355125, -17349930259//2245355125, -284744443//89814205, -4439755191//449071025, -33041256532//2245355125, 518480563//172719625, 6729505606//449071025, 1695798342//449071025, 90409700723//2245355125, 34164330336//449071025, 9116041119//449071025, 10853786637//449071025, 40886051268//449071025, 464343982582//2245355125, 377850829699//2245355125, -1049473248//89814205, 335664228//1381757, 96375605292//2245355125, -8707649592//14301625, -57757117768//89814205, -271178807113//449071025, -4389417505413//2245355125, -852047128134//449071025, 341668407034//449071025, 23566449027//449071025, -228268723622//449071025, 1547483741106//2245355125, -1428668021788//2245355125, 44587558151//89814205, -136211260928//449071025, 333852727591//2245355125, -108319036752//2245355125, -38494290552//449071025, 28295693468//449071025, -406078767499//2245355125, -4797863926//449071025, -7320896844//449071025, 12961618148//449071025, -13646855478//449071025, 57528057966//2245355125, -39072273273//2245355125, 854415144//89814205, -1253823241//449071025, -3005061594//2245355125, 7021379978//2245355125, -2156161209//449071025, 292333436//89814205, -9931478259//2245355125]
3; 6; 2; 11; 4; 1; 1; 7; 1; 1; [-56872386641//27173108625, -26209270291//5434621725, 953599707//9057702875, -33981562274//9057702875, -17033732273//1811540575, 188897565118//27173108625, 488686562464//27173108625, -4270709221//418047825, 178662242978//27173108625, 57080510563//1086924345, 51810755773//1811540575, -57862699798//5434621725, 198652966228//5434621725, 953802100792//9057702875, 475391818898//5434621725, -233004515407//2090239125, 3507003825787//27173108625, 563810704528//5434621725, -4973388682491//9057702875, -5979506959068//9057702875, 175932485098//1811540575, -12346024389388//27173108625, -1082200020469//1086924345, 30192880431//139349275, 1525963767842//5434621725, -2787655473757//5434621725, 15056457396038//27173108625, -165921961162//362308115, 18212197797//57692375, -4621586964584//27173108625, 112509592617//1811540575, -59822666249//27173108625, -197827314379//2090239125, 29305103066//362308115, -2415795134684//27173108625, 5499172046//1086924345, -109139379319//5434621725, 135453126208//5434621725, -124033162573//5434621725, 469042856173//27173108625, -56706663479//5434621725, 121942538797//27173108625, -3631046654//27173108625, -12143027537//5434621725, 2013725114//696746375, -105084153667//27173108625, 14710584428//5434621725, -57156074279//27173108625]
3; 6; 2; 11; 11; 1; 1; 4; 1; 1; [-7191542818//3372965375, -38661531048//3372965375, 43519072188//3372965375, 69498020519//3372965375, -20987317508//3372965375, 102084675893//3372965375, 13916235952//674593075, -50035535018//3372965375, 76379664653//3372965375, -3233292468//134918615, -7062136509//674593075, -24155207893//674593075, -120624917079//674593075, -300174899972//3372965375, 55589250988//3372965375, -3022278223478//3372965375, -2566937611359//3372965375, -1857948951682//3372965375, -5464761212958//3372965375, -115960942904//674593075, -1669266862617//3372965375, -6764585869243//3372965375, 59884720266//134918615, -257079453794//674593075, 180191017117//674593075, -107423721644//674593075, 166050918679//3372965375, 49828206174//3372965375, -306678726594//3372965375, 91326790433//3372965375, -273088520301//3372965375, -106441852559//3372965375, -22414628538//674593075, -38762513016//3372965375, -307550002589//3372965375, 384874784//26983723, -6022325676//674593075, 2715863988//674593075, -399015921//674593075, -6151474801//3372965375, 9072794584//3372965375, -11655592904//3372965375, 5131740543//3372965375, -6461204856//3372965375, -2170233319//3372965375, -225398574//674593075, -2002586356//3372965375, -354590073//259458875]
3; 6; 2; 11; 6; 1; 1; 2; 1; 1; [26809618636//59436053625, 789919872//792480715, 26874632453//11887210725, 33266262416//11887210725, 54434583971//59436053625, -325906386389//59436053625, -151855888201//11887210725, -26314682673//1524001375, -1176955544044//59436053625, -43477857887//2377442145, -42447524556//3962403575, -127275245342//11887210725, -71334535676//3962403575, -1825893951146//59436053625, -468555149162//11887210725, -635892806447//11887210725, -109865434747//11887210725, 2231587971878//19812017875, 6705716478973//19812017875, 1955143508182//3962403575, 29718782360342//59436053625, 24429199759174//59436053625, 401218363913//2377442145, -1077282653758//11887210725, 307519680383//11887210725, 59557051129//3962403575, -765542595816//19812017875, 160863454936//3962403575, -469437219653//11887210725, 312613040056//11887210725, -616990942888//59436053625, 97181724584//4572004125, 275152582988//11887210725, 1077771517496//59436053625, 484440828444//19812017875, 5325794827//2377442145, 513035338//11887210725, -5513572316//3962403575, 22212779188//11887210725, -108924901483//59436053625, 5444121539//3962403575, -2249507141//2377442145, 5011649873//11887210725, 476559324//19812017875, 8291066752//59436053625, 7974251873//11887210725, 10070853241//59436053625, 33545402492//59436053625]
3; 6; 2; 11; 10; 1; 1; 5; 2; 1; [64236218//10118896125, 162530009//2023779225, 946505168//2023779225, 12956202568//10118896125, 4673182604//10118896125, 17744298146//10118896125, 783365161//10118896125, 6747173099//10118896125, 22002539942//10118896125, -21045488312//2023779225, 7828324981//2023779225, 24074871502//2023779225, -1156867381//80951169, -2685108906//3372965375, -5965127681//2023779225, -9254326402//155675325, -824364428168//10118896125, -27132571783//778376625, -831179934566//10118896125, 460509776839//10118896125, 959380101571//10118896125, 355628785286//3372965375, 631080644218//2023779225, -172715280854//2023779225, -126244161028//2023779225, 55107200831//404755845, -1547642870269//10118896125, 267527489966//2023779225, -196619529632//2023779225, 169617042802//3372965375, -217337924057//10118896125, -25323533546//3372965375, 190835590862//10118896125, -169724478197//10118896125, 244779297014//10118896125, -1064940013//2023779225, 10435468684//2023779225, -13814126902//2023779225, 2615763353//404755845, -50572184459//10118896125, 98326643//31135065, -3088333826//2023779225, 1397580566//10118896125, 5456492123//10118896125, -9904544878//10118896125, 9782624132//10118896125, -6845592682//10118896125, 6071654254//10118896125]
3; 6; 2; 11; 5; 1; 1; 5; 1; 1; [-2213319014//91070065125, -587502592//2335129875, -21573282652//91070065125, -13508584624//30356688375, -18897010298//30356688375, -37199431402//91070065125, -9582351827//91070065125, 12641844721//91070065125, 51099987503//91070065125, 7265925308//6071337675, 19021450202//18214013025, 14736194401//18214013025, 6030058733//2023779225, 290555378044//91070065125, 929072103098//91070065125, 217789878704//30356688375, 29018176363//2335129875, 1133284308919//91070065125, -144307280408//91070065125, -685539259193//91070065125, -1257850391336//91070065125, -302380958972//10118896125, -657759786656//18214013025, 3970525912//18214013025, 378891464741//18214013025, -523141842688//18214013025, 851488936514//30356688375, -11545869194//538876125, 1314449001176//91070065125, -570524150689//91070065125, 984862183//538876125, 21695381234//10118896125, -377241058654//91070065125, 305329858117//91070065125, -424005857044//91070065125, 11399790641//18214013025, -814532416//674593075, 884552482//674593075, -20230955137//18214013025, 23783299534//30356688375, -12933046747//30356688375, 14102242916//91070065125, 5202835226//91070065125, -1417797167//10118896125, 5477705962//30356688375, -15538583804//91070065125, 10021572092//91070065125, -333634447//3372965375]
3; 6; 2; 11; 2; 1; 1; 10; 1; 1; [273112//63375, -15536//12675, 429748//63375, 10064//2535, -27142//4875, 981131//63375, -264971//21125, -206189//21125, 36648//4225, -852016//12675, 67653//4225, -28228//845, -532478//12675, -6557347//63375, -6798//4225, -9471733//63375, -92332//4225, 13213496//63375, -13862521//63375, 39918323//63375, 22673597//63375, -820591//12675, 25328579//12675, -12966361//12675, 644014//2535, 3024767//12675, -10271227//21125, 6681023//12675, -28977019//63375, 4014254//12675, -3569144//21125, 256699//4875, 2881589//63375, -2761534//63375, 887561//12675, 307231//12675, 39886//12675, -46837//2535, 100101//4225, -469757//21125, 214118//12675, -675764//63375, 60341//12675, -20477//63375, -47921//21125, 6031//1625, -182534//63375, 6373//2535]
3; 6; 2; 11; 3; 1; 1; 4; 2; 1; [-436481//516750, 638527//103350, -127117//258375, -364289//86125, 1202413//516750, -887726//258375, -309159//34450, 251821//1033500, 927827//206700, -2771143//103350, -2583731//68900, 4349681//206700, 3108661//206700, 6282197//1033500, -3007838//17225, 18109633//172250, 30566059//516750, -5218997//344500, 432091079//1033500, 6477149//17225, -33905713//516750, -26667829//206700, 169991719//206700, 66458837//206700, -14706623//15900, 226387541//206700, -252665611//258375, 48997587//68900, -145732017//344500, 15292962//86125, 1905009//344500, -31428331//344500, 34311011//206700, -37537987//258375, 21650167//206700, -1717661//51675, 1654933//34450, -9769801//206700, 647327//17225, -12693727//516750, 784//65, -1319423//516750, -3492941//1033500, 1620638//258375, -2189491//344500, 308377//51675, -2055359//516750, 35168//17225]
3; 6; 2; 11; 3; 1; 1; 3; 1; 1; [1714873//2725125, 523479//908375, -944494//908375, 618834//908375, -448204//545025, 263312//181675, -1843069//908375, -4330291//2725125, -1716277//209625, 1175176//181675, -407219//181675, -313657//41925, 4408591//545025, -30676226//908375, 5104763//2725125, 88970737//2725125, -10843847//2725125, 985651//41925, 4648036//545025, 314944567//2725125, 26060206//2725125, 683238991//2725125, -55775814//181675, 27452746//181675, -17059411//545025, -8095648//181675, 214383386//2725125, -231344696//2725125, 197822186//2725125, -3125477//63375, 1166327//41925, -103087//12675, 4076966//2725125, 669251//63375, -442709//908375, -613726//181675, -35996//41925, 1714036//545025, -701217//181675, 56374//16125, -2393302//908375, 4447286//2725125, -1891106//2725125, 24503//545025, 8149//21801, -1153669//2725125, 1412668//2725125, -515027//2725125]
3; 6; 2; 11; 4; 1; 1; 12; 1; 1; [-1397506//397995, -120199904//9949875, -216895852//9949875, -75537713//1989975, -175773291//3316625, -742812224//9949875, -1004128363//9949875, -1406490913//9949875, -1470000218//9949875, -124198604//663325, -55869296//663325, -116341058//1989975, 17325286//663325, 302593646//1989975, 4248525379//9949875, 461973284//765375, 2430637238//1989975, 5175989086//3316625, 22372664909//9949875, 23933645318//9949875, 24739050683//9949875, 4908037496//3316625, 270361696//153075, -1703682208//1989975, 97622169//663325, 191464281//663325, -317208028//663325, 5216004782//9949875, -3881882294//9949875, 677320334//1989975, -811214656//9949875, 488462984//3316625, 1339650784//9949875, 507196399//9949875, 1372019989//9949875, 12049534//663325, 4106831//663325, -12845319//663325, 46037182//1989975, -41116376//1989975, 156589652//9949875, -2219551//255125, 9711584//1989975, 350401//255125, -1191666//3316625, 51685189//9949875, -8871601//9949875, 12036438//3316625]
3; 6; 2; 11; 10; 1; 1; 2; 1; 1; [6329343989//19812017875, -32661359123//19812017875, -9551344414//19812017875, -2393284901//3962403575, -46050267422//19812017875, -59318371628//19812017875, 47272489859//19812017875, 2446376313//3962403575, -83472962259//19812017875, 36806736736//3962403575, 38030826003//3962403575, -30286352401//3962403575, 33783941233//3962403575, 39900090496//19812017875, 1110495690193//19812017875, -180834801556//19812017875, 6178203508//304800275, 106995895224//1524001375, -201195022942//19812017875, -2783518751249//19812017875, -15209414216//792480715, 17871239354//19812017875, -1864309118324//3962403575, -27618720362//3962403575, 1122820912279//3962403575, -1538302800107//3962403575, 7400169425523//19812017875, -5724688661096//19812017875, 3693360480492//19812017875, -350897782474//3962403575, 368550738966//19812017875, 597251315554//19812017875, -1143153605162//19812017875, 207838293389//3962403575, -871520843608//19812017875, 34484083379//3962403575, -64706058538//3962403575, 69623040996//3962403575, -58833438543//3962403575, 205397162433//19812017875, -112550109346//19812017875, 37776261802//19812017875, 548898413//792480715, -39365177954//19812017875, 48224277184//19812017875, -45848031677//19812017875, 6354770038//3962403575, -19192045003//19812017875]
3; 6; 2; 11; 6; 1; 1; 10; 1; 1; [54416109//3316625, -24264463//9949875, 22132014//3316625, 47561432//3316625, -249613718//9949875, -185956//79599, -136767913//9949875, -138892553//9949875, -389248516//9949875, -223927337//1989975, 7425206//153075, -177937939//1989975, -105839527//1989975, -1078320949//3316625, 1040591363//9949875, -2235957577//9949875, -689847422//3316625, 12078891098//9949875, 361163926//663325, 4801738673//9949875, 9964438808//9949875, 2449935307//3316625, 988832128//1989975, -2988296392//1989975, 3556295066//1989975, -3203205662//1989975, 3883808238//3316625, -7005318596//9949875, 2814458279//9949875, -36599438//9949875, -408401492//3316625, 177787001//663325, -2106533411//9949875, 58049711//255125, -275748914//3316625, 11998784//153075, -51429126//663325, 40980583//663325, -26973056//663325, 199529219//9949875, -14860227//3316625, -18803737//3316625, 33369524//3316625, -33040732//3316625, 6468794//663325, -20104522//3316625, 44063984//9949875, -5538697//9949875]
3; 6; 2; 11; 7; 1; 1; 5; 1; 1; [-6001701788//6071337675, -1469023819//1214267535, -12339762254//6071337675, -74967661661//30356688375, -59357598028//30356688375, 24859661071//30356688375, 211897046539//30356688375, 311256990293//30356688375, 41324101131//3372965375, 60469207858//6071337675, 43994949899//6071337675, 24496939583//2023779225, 12924041486//6071337675, 195623237161//6071337675, 7424187253//155675325, 394691308693//6071337675, 2006097694766//30356688375, 505444946896//10118896125, -2525106586241//30356688375, -7724755279769//30356688375, -2791003134871//10118896125, -968617069011//3372965375, -1424806521//51891775, 628074246029//6071337675, -765328016651//6071337675, 701518667951//6071337675, -4405910664//51891775, 332266227127//6071337675, -9200066023//467025975, 38778167956//10118896125, 432750170734//30356688375, -633242155438//30356688375, 157130177833//30356688375, -780628176314//30356688375, -10327642079//2335129875, -11105100931//2023779225, 11221940582//2023779225, -27132420719//6071337675, 18145338179//6071337675, -3051552038//2023779225, 2626684438//6071337675, 818534336//2023779225, -509221808//778376625, 2780623681//3372965375, -22489806478//30356688375, 7777305223//30356688375, -1696342946//3372965375, -4579213982//30356688375]
3; 6; 2; 11; 8; 1; 1; 4; 1; 1; [717428799236//10118896125, 17616503261//2023779225, 440165112883//10118896125, 1096736682479//10118896125, -90590242441//3372965375, 21463367831//3372965375, -683377195922//10118896125, -1883241529249//10118896125, -2912425169176//10118896125, -277616564653//404755845, -13133541656//80951169, -931858476319//2023779225, -2272037479246//2023779225, -25841314060871//10118896125, -47158851032//155675325, -9816560758281//3372965375, -7235298863033//3372965375, 25330208222848//10118896125, 1266105150422//10118896125, 36429628448767//10118896125, 37783054602934//10118896125, 78210395648956//10118896125, 334510886038//31135065, -4692229555216//404755845, 19765554586891//2023779225, -13919197745951//2023779225, 36987390020777//10118896125, -2573730908563//2023779225, -451008299123//778376625, 12679895397548//10118896125, -15145893906166//10118896125, 14686863313496//10118896125, -703722491158//778376625, 2724351768834//3372965375, 869806999088//10118896125, 65135934223//134918615, -147702766813//404755845, 453525119219//2023779225, -202434171064//2023779225, 15702468514//3372965375, 96736898827//2023779225, -246269994248//3372965375, 687354938843//10118896125, -41659870277//778376625, 371136212501//10118896125, -51435731903//3372965375, 74239728127//10118896125, 38838078636//3372965375]
3; 6; 2; 11; 6; 1; 2; 6; 1; 1; [-18478531//4145271, -4149416098//518158875, -414104704//39858375, -3695572328//518158875, 4622244208//518158875, 12925245739//518158875, 7387903014//172719625, 21194966083//518158875, 13355510191//518158875, 2171895968//103631775, 504817146//34543925, 3271849223//103631775, 5175360454//103631775, 6682565199//34543925, 96368931758//518158875, 4608066229//39858375, -37460546164//172719625, -139722713331//172719625, -589259166659//518158875, -677036097142//518158875, -354163837978//518158875, -2103738112//39858375, 2134713743//103631775, 6625801131//34543925, -28467125747//103631775, 9453425968//34543925, -45490678//220025, 25786456323//172719625, -11172078703//172719625, 904024068//172719625, -8742935924//518158875, -1164452413//13286125, -10716557261//518158875, -10949987378//172719625, 266606188//13286125, -394563536//34543925, 438201904//34543925, -1127549273//103631775, 269059117//34543925, -146071754//34543925, 904655564//518158875, 78253842//172719625, -827265941//518158875, 548479406//518158875, -1334164187//518158875, 45101254//518158875, -684889484//518158875, 142474382//518158875]
3; 6; 2; 11; 11; 1; 1; 4; 2; 1; [20936199133//3372965375, -18768157227//3372965375, 10966419199//3372965375, -3279455627//674593075, -14844486742//3372965375, -16396661046//674593075, -7321015941//3372965375, 170552868177//3372965375, -187550532841//3372965375, 15676311034//674593075, 93023265549//674593075, -87672172063//674593075, 727951844//51891775, -448659965228//3372965375, 892537695457//3372965375, -349339834829//3372965375, 98305984931//674593075, 686470383552//3372965375, 473119725536//674593075, -3386582462179//3372965375, -4717795007087//3372965375, 6270205566686//3372965375, -1895046525686//674593075, -1388360856086//674593075, 3025440449877//674593075, -3386285526473//674593075, 1125756857207//259458875, -10422053612004//3372965375, 5963334769103//3372965375, -87307009131//134918615, -387355851929//3372965375, 393427058633//674593075, -2486107104792//3372965375, 1936715374449//3372965375, -1339493587652//3372965375, 114118185536//674593075, -151321321074//674593075, 11025979596//51891775, -110684126892//674593075, 349700745841//3372965375, -162672092504//3372965375, 22747832268//3372965375, 12681728777//674593075, -100027866414//3372965375, 20956969233//674593075, -86778069922//3372965375, 52466656534//3372965375, -24174173337//3372965375]
3; 6; 2; 11; 11; 1; 1; 3; 1; 1; [-6314//21125, -459751//908375, -2134//5375, -1060676//908375, -1862178//908375, 145759//181675, 79431//908375, 1255812//908375, -1165524//908375, -1452588//181675, 814014//181675, -24629//36335, -1409373//181675, 17353262//908375, 23770801//908375, 7357251//908375, 18454601//908375, 350076//21125, -4228842//181675, 801549//908375, -116296042//908375, 124712344//908375, 47262192//181675, -22022086//181675, 612159//36335, 8499107//181675, -67410324//908375, 70658508//908375, -56427702//908375, 69837//1625, -19260386//908375, 179151//36335, 314464//69875, -14036426//908375, 15439462//908375, 448543//181675, 209866//181675, -110192//36335, 640203//181675, -2827134//908375, 2093788//908375, -1214932//908375, 502988//908375, 47374//908375, -69739//181675, 33734//69875, -513726//908375, 426142//908375]
3; 6; 2; 11; 2; 1; 1; 8; 1; 1; [-22271039//9949875, -9511163//3316625, -1277758//397995, -9934502//9949875, 83512712//9949875, 200744428//9949875, 241199416//9949875, 63891452//1989975, 153924718//3316625, 8663006//153075, 7870806//132665, 125893949//1989975, 104970254//1989975, 297072948//3316625, 189988183//3316625, 7511912//79599, 317011112//9949875, -3321403997//9949875, -2362036476//3316625, -633040502//765375, -2073561836//1989975, -8845719809//9949875, -1507366//12675, 33763788//132665, -547879001//1989975, 160134428//663325, -1645931708//9949875, 25132398//255125, -3997598//132665, -65633224//9949875, 159100769//9949875, -54111248//765375, -23267938//9949875, -5857048//79599, -240982187//9949875, -8249171//663325, 937552//79599, -17785994//1989975, 3772622//663325, -25035148//9949875, 92623//255125, 152744//132665, -5432078//3316625, 13919129//9949875, -6548088//3316625, 2050777//9949875, -208544//153075, -2115624//3316625]
3; 6; 2; 11; 10; 1; 1; 10; 1; 1; [-3401487//3316625, 1594052//3316625, -2053124//3316625, -8063577//663325, 1368596//132665, -1489143//255125, -48179406//3316625, 136034684//3316625, -69283561//3316625, 4574546//663325, 5288496//132665, -23311329//663325, 51627931//663325, 4761244//255125, -112781752//3316625, 373797089//3316625, 132619567//663325, -55397389//132665, 1556026084//3316625, -595246014//3316625, -3719222809//3316625, 3341103566//3316625, -768119374//663325, -53143684//132665, 814754921//663325, -972464384//663325, 27923908//21125, -3242319116//3316625, 150456214//255125, -155077369//663325, -586042//26533, 552749347//3316625, -688674172//3316625, 467852928//3316625, -345721682//3316625, 28982039//663325, -8529276//132665, 42244274//663325, -33709281//663325, 111062096//3316625, -55829301//3316625, 13040822//3316625, 3062661//663325, -1159687//132665, 31277967//3316625, -25833602//3316625, 14503908//3316625, -6928287//3316625]
3; 6; 2; 11; 5; 1; 1; 5; 2; 1; [-928665799//6071337675, 824822389//30356688375, 1679077402//10118896125, -6486448352//30356688375, -8243445008//30356688375, -668767876//10118896125, -2668028//51891775, 6037201169//30356688375, 1858238413//1214267535, 12358996424//6071337675, 12655737712//6071337675, 6318636037//2023779225, 16610633242//6071337675, 12291180124//2023779225, -337817293//2335129875, -117894001577//10118896125, -19253793277//3372965375, -11484931733//3372965375, -54458916874//2335129875, -49202806748//2023779225, -1062740661//3372965375, -4939865902//134918615, -41439280114//674593075, 133093342402//6071337675, 34230221071//6071337675, -122415734003//6071337675, 10191102442//404755845, -229841041694//10118896125, 499623227152//30356688375, -107218999193//10118896125, 130499528584//30356688375, -12340021622//10118896125, -21007421962//6071337675, 33874692931//10118896125, -6005870426//1214267535, -375367223//2023779225, -1417374184//2023779225, 731092196//674593075, -6600228412//6071337675, 5380260044//6071337675, -152444411//259458875, 2954514824//10118896125, -828622268//10118896125, -724051697//10118896125, 3639903454//30356688375, -1059474367//6071337675, 3990826358//30356688375, -30230125//242853507]
3; 6; 2; 11; 6; 1; 1; 8; 1; 1; [-37314463//9949875, 8993804//3316625, 19588897//9949875, -72152101//9949875, -29310254//9949875, 50371102//9949875, -84374333//9949875, -17397574//9949875, 290804827//9949875, 1498273//153075, -28743866//663325, -10675549//397995, 38048044//1989975, 1681780778//9949875, -478434157//9949875, 425219168//9949875, 1049316821//9949875, -2668564481//9949875, -31856683//255125, 5640515558//9949875, 535151464//9949875, -5973562187//9949875, 94635783//663325, 965570302//1989975, -301874086//397995, 508569953//663325, -6101108356//9949875, 4108292909//9949875, -2113209811//9949875, 200844451//3316625, 348972947//9949875, -343052092//3316625, 443329663//3316625, -299612106//3316625, 383583874//9949875, -20407973//663325, 23460771//663325, -12411352//397995, 44997581//1989975, -129871696//9949875, 16960963//3316625, 5577899//9949875, -36109682//9949875, 15315479//3316625, -46355716//9949875, 39541204//9949875, -7109376//3316625, 4896509//9949875]
3; 6; 2; 11; 8; 1; 1; 3; 1; 1; [-940698//908375, -14694//21125, 687298//908375, -2217168//908375, 679106//908375, 615549//181675, 1159056//908375, 6575048//908375, 1750523//908375, 3126312//181675, 1362963//181675, -986001//181675, 3987092//181675, 1880481//69875, 29181232//908375, -10962963//908375, 32871123//908375, -32273886//908375, -10680403//181675, -193695486//908375, -156677633//908375, 46697857//908375, -10634511//13975, 25644693//181675, 44887879//181675, -76901373//181675, 404393664//908375, -333377299//908375, 228836501//908375, -121751751//908375, 36041822//908375, 3441079//181675, -57732153//908375, 49303081//908375, -47572479//908375, 946563//181675, -3055938//181675, 3684771//181675, -3325497//181675, 12370494//908375, -172383//21125, 3119216//908375, 14229//908375, -1825073//908375, 490337//181675, -2580198//908375, 1759986//908375, -1180904//908375]
3; 6; 2; 11; 10; 1; 1; 8; 1; 1; [4603548//3316625, 11281041//3316625, 29596291//3316625, 4396283//663325, -16010162//3316625, -40436399//3316625, -25391091//3316625, -25318004//3316625, 22441987//3316625, 8972744//663325, -30285453//663325, -50162461//663325, -3162882//663325, -4535963//3316625, -79940051//3316625, -809610261//3316625, -126611916//663325, 504919487//3316625, 1261136109//3316625, 1703830131//3316625, 2157997104//3316625, -996200847//3316625, -4092493//4225, 511543//3925, 249443959//663325, -399733667//663325, 2035882451//3316625, -1663187163//3316625, 83018004//255125, -122088422//663325, 180527496//3316625, 176660052//3316625, -179854057//3316625, 29563539//255125, -292748531//3316625, 6193601//663325, -16178022//663325, 18733701//663325, -16626513//663325, 60589441//3316625, -35716673//3316625, 13489612//3316625, 103744//663325, -9271644//3316625, 13900652//3316625, -10667432//3316625, 11186102//3316625, -6750446//3316625]
3; 6; 2; 11; 7; 1; 1; 5; 2; 1; [-1168010371//3372965375, 20249089334//30356688375, -7712349523//10118896125, -4794360212//6071337675, 11994432656//10118896125, 25729460923//30356688375, 13011220154//10118896125, 21117283121//30356688375, -1847533283//6071337675, 1756915288//1214267535, -50239767593//6071337675, 75879821051//6071337675, 3000895076//2023779225, 103255465348//10118896125, -376879201214//30356688375, 446821634164//30356688375, 58357200194//2023779225, -1979871069458//30356688375, -217387789916//10118896125, -581190599692//30356688375, -854016887726//30356688375, 16677624382//674593075, -35990156//31135065, 360132122524//2023779225, -1491630118789//6071337675, 1442191235038//6071337675, -1876196357836//10118896125, 401234902122//3372965375, -575917026751//10118896125, 23572913432//2023779225, 54512153699//3372965375, -78116878093//2335129875, 1002087633524//30356688375, -296815202591//10118896125, 123270012574//6071337675, -12541141004//1214267535, 67736028478//6071337675, -57383906326//6071337675, 4467615018//674593075, -111302013698//30356688375, 12487498871//10118896125, 1426698128//3372965375, -854351086//674593075, 45353312506//30356688375, -42949779349//30356688375, 30891658399//30356688375, -6527876506//10118896125, 1704744589//6071337675]
3; 6; 2; 11; 5; 1; 1; 2; 1; 1; [-27704390773//59436053625, 21729447211//19812017875, -49450195529//59436053625, 17394438052//59436053625, 9469510702//3962403575, -21576568232//59436053625, 375955429//11887210725, -16124635216//59436053625, -7056219347//19812017875, -46249951732//11887210725, -42431579914//3962403575, 36095149913//3962403575, -20746520614//2377442145, -176278917959//19812017875, -693188448821//19812017875, 2249545561664//59436053625, -60956426173//1524001375, -142899953363//3962403575, 517235140139//19812017875, 109401912667//11887210725, 1749721257496//59436053625, 3218507175136//59436053625, 3286814383163//11887210725, 674584133641//3962403575, -4715588382781//11887210725, 356939800357//792480715, -23424597824116//59436053625, 5584610694627//19812017875, -247233006122//1524001375, 1201033792313//19812017875, 28136821293//3962403575, -2803691721959//59436053625, 56974488263//914400825, -3346232946217//59436053625, 2753543924998//59436053625, -58522255941//3962403575, 238272001222//11887210725, -76036459373//3962403575, 11834553373//792480715, -567697302326//59436053625, 89371813967//19812017875, -14150787386//19812017875, -97300727681//59436053625, 415655572//158496143, -53918774673//19812017875, 26947402762//11887210725, -89753483822//59436053625, 17048726096//19812017875]
3; 6; 2; 11; 8; 1; 1; 4; 2; 1; [-6498049143//259458875, 5756458562//778376625, -24207246722//778376625, -9093566253//259458875, 4640801948//778376625, -6063257744//155675325, -8945716162//778376625, -9039329459//778376625, 28125242467//778376625, 279817618//2395005, -4881212149//51891775, 7756545991//31135065, 7789440697//31135065, 609674614204//778376625, -25454522422//778376625, 1323009365887//778376625, 525032650394//778376625, -101441100673//778376625, 13755917082//10378355, 23764539572//778376625, 268197683588//259458875, -884843900692//778376625, 10787436046//31135065, 843439123288//155675325, -239613943303//31135065, 46928721712//6227013, -4600337723318//778376625, 3006744019444//778376625, -1418227251784//778376625, 324235828582//778376625, 437703452716//778376625, -148047960457//155675325, 278046650602//259458875, -660231686173//778376625, 11306810576//19958375, -9982565513//31135065, 54816656012//155675325, -3127049646//10378355, 2213280299//10378355, -92848213498//778376625, 10995750268//259458875, 3211808182//259458875, -10165747681//259458875, 37831580801//778376625, -6732032279//155675325, 8612815507//259458875, -15009078788//778376625, 460678633//59875125]
3; 6; 2; 11; 7; 1; 1; 2; 1; 1; [789239137//4572004125, 10081315291//59436053625, -13203099464//59436053625, 4022144153//59436053625, 5444018986//59436053625, -12853417567//59436053625, 10204645193//11887210725, 6356312428//19812017875, -118272653099//59436053625, -15031867778//11887210725, -370716862//3962403575, 10866798323//11887210725, 2384477098//2377442145, -304445175611//59436053625, -211908934241//59436053625, -60411689146//59436053625, -634919519173//59436053625, 66941416498//4572004125, 439661602249//19812017875, -64198875389//2377442145, -247097451689//59436053625, 597197755753//19812017875, -4266910511//914400825, -58595074901//11887210725, 113383299163//11887210725, -24361352737//2377442145, 505607708797//59436053625, -28745185631//4572004125, 199869774127//59436053625, -97904583719//59436053625, 5839338424//19812017875, 130201663141//59436053625, -31521073981//11887210725, 65405014723//59436053625, 24445244527//59436053625, 4347096398//11887210725, -5526323354//11887210725, 1709832019//3962403575, -258149251//792480715, 11756716727//59436053625, -5550852583//59436053625, 407105042//59436053625, 1941429656//59436053625, -2963015203//59436053625, 4816103891//59436053625, -865967702//11887210725, 1741999538//59436053625, 545934952//59436053625]
3; 6; 2; 11; 5; 1; 1; 10; 1; 1; [-87879241//9949875, -24110017//9949875, -130407793//9949875, -5488468//663325, -3166088//3316625, -40555446//3316625, 143172329//3316625, 4220067//3316625, 12318218//765375, 263418026//1989975, -17412043//663325, 7351187//153075, 388662979//1989975, 468623927//3316625, 986587457//9949875, 4090451798//9949875, -29794341//132665, 212076668//765375, -5930940617//9949875, -17431389967//9949875, 2192904998//3316625, -27832882154//9949875, -2922138409//1989975, 1896173417//663325, -2057695953//663325, 1755988758//663325, -116916701//63375, 3436500967//3316625, -3334001326//9949875, -79187989//663325, 94192938//255125, -4551892426//9949875, 3081513649//9949875, -2576132738//9949875, 157178386//3316625, -92869837//663325, 19895728//153075, -196255031//1989975, 40672262//663325, -1605553//58875, 24970256//9949875, 128345804//9949875, -12587683//663325, 188703587//9949875, -154594226//9949875, 83979799//9949875, -44483108//9949875, -11803247//9949875]
3; 6; 2; 11; 4; 1; 1; 6; 1; 1; [26641304048//6736065375, 65251235242//6736065375, 29661899894//6736065375, 18298627826//1347213075, -10159925369//6736065375, -31491440667//2245355125, -25389674//2657225, -20031450987//449071025, -140653273909//6736065375, -21944996471//1347213075, -85726988356//1347213075, 10927357982//1347213075, -113875606549//1347213075, -430943794446//2245355125, -557633470814//2245355125, -711626053084//6736065375, -68546596931//269442615, 3694300613249//6736065375, 1203453209882//2245355125, 704803502687//1347213075, 357914604748//269442615, -78803955881//6736065375, 935373227864//1347213075, 1068407234984//1347213075, -2028234538393//1347213075, 2181717322141//1347213075, -3103681270583//2245355125, 6388240057139//6736065375, -3611401258717//6736065375, 75022215506//449071025, 14861885238//172719625, -1105991264422//6736065375, 335693826368//1347213075, -192116102903//1347213075, 1006567918307//6736065375, -78693507119//1347213075, 98864668306//1347213075, -30440661789//449071025, 22977743388//449071025, -213922425034//6736065375, 92869666804//6736065375, -7622092007//6736065375, -3100884783//449071025, 23203821214//2245355125, -62791385482//6736065375, 742019969//89814205, -1799768797//449071025, 17351823682//6736065375]
3; 6; 2; 11; 6; 1; 2; 4; 1; 1; [3222917//2239250, 147963//223925, 38321399//4478500, 15539786//1119625, 7071422//1119625, -27462679//4478500, -12235738//1119625, -70743893//4478500, -30681921//895700, -1081157//447850, -1194783//89570, -91205949//895700, -3848449//44785, -3729837//86125, 10236383//223925, -807478059//4478500, -334822591//1119625, -102564597//1119625, 186113116//1119625, 1373397421//2239250, 3112617499//2239250, 1530932077//895700, -152556137//447850, -3740628//8957, 690276001//895700, -37412397//44785, 120464163//172250, -108903578//223925, 1168712173//4478500, -114944893//1119625, -82938827//2239250, 469420867//4478500, -196702447//2239250, 746147349//4478500, 943279//895700, 27032379//895700, -1688054//44785, 15482247//447850, -234567//8957, 35836599//2239250, -1255959//179140, 659099//2239250, 3601612//1119625, -5763911//1119625, 1772959//344500, -15506839//4478500, 4256926//1119625, 138027//895700]
3; 6; 2; 11; 5; 1; 1; 8; 1; 1; [-9065366//9949875, -12491878//3316625, -123739136//9949875, -59338548//3316625, -92508282//3316625, -110682547//3316625, -81594298//1989975, -413378383//9949875, -9537507//255125, -30260164//663325, 2369747//663325, 842054//10205, 54232714//663325, 1965939241//9949875, 3510080984//9949875, 6461280851//9949875, 2824418573//3316625, 72268949//58875, 12603346471//9949875, 2820713644//1989975, 9855159413//9949875, 9943939918//9949875, 5710463//4225, -195498179//1989975, -85707464//132665, 1911784027//1989975, -9343564622//9949875, 7692628997//9949875, -4663020497//9949875, 2872336277//9949875, -1154644//765375, -86703392//9949875, 5013961//26533, -889995656//9949875, 1581318904//9949875, -35987803//1989975, 2012746//51025, -3508303//79599, 25406051//663325, -20773984//765375, 158433142//9949875, -51941572//9949875, -3440903//9949875, 58596988//9949875, -16573824//3316625, 13573208//1989975, -33733526//9949875, 34484954//9949875]
3; 6; 2; 11; 7; 1; 1; 10; 1; 1; [-5117//975, 36136//4875, -25082//4875, -32377//4875, 9628//1625, -10676//975, -202//195, -5972//975, 7136//4875, 23902//975, -22643//325, 1360//39, 12754//325, 85174//975, -407892//1625, 1243492//4875, -197233//4875, -206398//1625, 27442//75, -136222//975, 3836//25, -3076486//4875, -264248//975, 1725986//975, -447788//195, 2100482//975, -533874//325, 1655974//1625, -746328//1625, 84277//1625, 942343//4875, -283012//975, 98486//325, -237202//975, 51874//375, -95687//975, 99644//975, -5498//65, 18796//325, -10022//325, 14674//1625, 2012//375, -20363//1625, 69268//4875, -3984//325, 8752//975, -5036//975, 7382//4875]
3; 6; 2; 11; 12; 1; 1; 7; 1; 1; [1003135699//9057702875, 23549307161//9057702875, 2581755662//696746375, 393108628//139349275, 15125732208//9057702875, 42047515013//9057702875, 22160050708//9057702875, -21750445269//9057702875, -13346825053//1811540575, -4357957778//362308115, -3651125259//362308115, 9400826//10719175, -12913848261//362308115, -55748101399//9057702875, -802634335561//9057702875, -913744780441//9057702875, -139664358309//1811540575, 257146559012//9057702875, 66515978517//9057702875, 1147443803372//9057702875, 995585640464//9057702875, 697344845089//1811540575, 35020800719//72461623, 57427911811//362308115, -907704901106//1811540575, 217404271102//362308115, -4914044403417//9057702875, 3600883785437//9057702875, -2226514447733//9057702875, 176462809223//1811540575, 14757611506//9057702875, -532106613924//9057702875, 791122801241//9057702875, -4253939504//57692375, 28644816963//362308115, -6423409873//362308115, 732651368//27869855, -47332114789//1811540575, 1513331058//72461623, -124970847537//9057702875, 62310467707//9057702875, -15482294118//9057702875, -3363971497//1811540575, 31222085151//9057702875, -33460146074//9057702875, 29390115866//9057702875, -19033581948//9057702875, 2803661838//1811540575]
3; 6; 2; 11; 9; 1; 1; 7; 1; 1; [-29885492941//9057702875, -3478354296//696746375, -24403839921//9057702875, -10889676347//9057702875, -2183650008//696746375, -44521269462//9057702875, 1506099054//362308115, 234718599201//9057702875, 230360410409//9057702875, 20192929746//1811540575, 47129929017//1811540575, 19678191002//362308115, 41485127193//1811540575, 777331397231//9057702875, 99484871276//696746375, 918132804311//9057702875, -981075264408//9057702875, -1896800088016//9057702875, -936178248693//9057702875, -252604174032//1811540575, -8692526953321//9057702875, -9692614300659//9057702875, -71804498739//1811540575, 424854253037//1811540575, -107746494474//362308115, 508653079118//1811540575, -1896786647257//9057702875, 1262820348849//9057702875, -504160100742//9057702875, 12148504096//9057702875, 152743133212//9057702875, -405614391509//9057702875, 61459299893//1811540575, -4380916304//57692375, -243872480797//9057702875, -23242955531//1811540575, 24150414208//1811540575, -791939631//72461623, 13569688242//1811540575, -35324898257//9057702875, 11650095734//9057702875, 7080601358//9057702875, -15679177284//9057702875, 15280607097//9057702875, -15581278139//9057702875, 1916258707//1811540575, -13609061868//9057702875, -5916428542//9057702875]
3; 6; 2; 11; 7; 1; 1; 8; 1; 1; [-2179886//765375, -8562547//765375, -15952562//765375, -21408592//765375, -9794814//255125, -34934143//765375, -38484626//765375, -54131372//765375, -4809824//51025, -4373836//51025, -38758//785, -184837//6123, -1977738//51025, 10848827//255125, 182401937//765375, 112302109//255125, 507153877//765375, 704247872//765375, 186503151//255125, 78648742//255125, 266069717//765375, 76185779//153075, 77917//325, -815927//10205, -215617//6123, 4604927//51025, -81001367//765375, 27200047//255125, -38380489//765375, 54716071//765375, 6382372//255125, 24653804//765375, 6384861//255125, 868271//765375, 5603603//153075, 637//3925, 20122//6123, -29219//6123, 235073//51025, -2780977//765375, 1983596//765375, -611584//765375, 206237//255125, 868691//765375, 908//255125, 707813//765375, -64478//255125, 41343//51025]
3; 6; 2; 11; 6; 1; 2; 3; 1; 1; [-1192//69875, 4058//69875, -120382//69875, 347669//209625, -449888//209625, 550084//209625, 10058//41925, 42491//41925, 93001//209625, 172216//13975, -120879//13975, 283303//41925, 21797//3225, -696118//69875, 2407022//69875, 4238246//209625, -8574749//209625, 3031921//69875, -7345888//69875, -234934//8385, -5056976//41925, -4429297//69875, -5183354//13975, 6715346//13975, -18866467//41925, 4816762//13975, -45249772//209625, 6980966//69875, -2137232//209625, -9134057//209625, 13876579//209625, -14566427//209625, 2141054//41925, -1009//25, 3157927//209625, -298856//13975, 247224//13975, -38956//3225, 90353//13975, -405932//209625, -73484//69875, 552148//209625, -211789//69875, 559019//209625, -139179//69875, 352//325, -22288//41925, -21673//209625]
3; 6; 2; 11; 6; 1; 2; 4; 2; 1; [-23194789//4478500, -4591667//1119625, 2678853//2239250, -1441997//4478500, 4316097//2239250, 37869569//2239250, 29230471//2239250, 49383//68900, 40688872//1119625, 13153503//223925, 16932957//895700, 19149251//895700, 6481343//223925, 175643556//1119625, 95133359//2239250, -190422771//4478500, 29458848//1119625, -1465248609//4478500, -880063477//1119625, -736384891//2239250, -74998167//895700, -2354683299//2239250, -231631989//447850, 142779588//223925, -518602629//895700, 389382087//895700, -574007689//2239250, 128861286//1119625, -487719//86125, -132893127//2239250, 79707552//1119625, -133876606//1119625, 8856949//172250, -646187//13780, -29655716//1119625, -24888867//895700, 10078559//447850, -6699973//447850, 3452769//447850, -2027332//1119625, -596957//344500, 3967053//1119625, -1346093//344500, 13813593//4478500, -6825437//2239250, 4731369//4478500, -243677//447850, -87967//86125]
3; 6; 2; 11; 12; 1; 1; 12; 1; 1; [275828//255125, 3641124//663325, 40820448//3316625, 59955919//3316625, 65890198//3316625, 348809//26533, 37267211//3316625, -2470623//3316625, 4462272//663325, -12629674//663325, -4192839//132665, -61517156//663325, -72254274//663325, -566879159//3316625, -181018658//663325, -1600295168//3316625, -2031918389//3316625, -2278576723//3316625, -262541493//663325, -501545561//3316625, 1382258443//3316625, 139524161//663325, 237463841//663325, -35390449//132665, 102734394//663325, -47196479//663325, -27897457//3316625, 1378423//51025, -252103629//3316625, 80779053//3316625, -238367184//3316625, 5446047//663325, -64409363//3316625, 69919854//3316625, 9122117//663325, 6027464//663325, -610726//132665, 645211//663325, 734979//663325, -617399//255125, 1471667//663325, -8249654//3316625, 3071598//3316625, -4610574//3316625, -45347//663325, -123593//3316625, 236254//3316625, 344821//663325]
3; 6; 2; 11; 9; 1; 1; 12; 1; 1; [-14481887//3316625, -28347687//3316625, -7278411//663325, -43738246//3316625, -3041504//255125, -52820887//3316625, -93017524//3316625, -170404022//3316625, -207901007//3316625, -49517022//663325, -30421713//663325, -22719317//663325, -22955034//663325, 31686444//255125, 677963227//3316625, 27066213//132665, 638737786//3316625, 278829847//3316625, 740419422//3316625, 2169559824//3316625, 4318641527//3316625, 4554444477//3316625, 754718058//663325, -84402648//663325, -325609847//663325, 496680696//663325, -2485335394//3316625, 2053365986//3316625, -263271933//663325, 55380466//255125, -162021764//3316625, -125714194//3316625, 420419892//3316625, -157743994//3316625, 509044351//3316625, -8508303//663325, 20271448//663325, -23212738//663325, 20313894//663325, -73103954//3316625, 43270116//3316625, -3177306//663325, -1440042//3316625, 12552681//3316625, -15264204//3316625, 1286374//255125, -7663944//3316625, 10991321//3316625]
3; 6; 2; 11; 2; 1; 1; 9; 1; 1; [-1457793321//2245355125, -4122630586//2245355125, -97345811//449071025, -2222032469//1347213075, -1272635446//2245355125, 58779193//89814205, -3057643688//2245355125, 11892752167//6736065375, 5862587311//2245355125, 2502849566//269442615, 1176913078//89814205, -1288668949//1347213075, 22152021433//1347213075, 206377581178//6736065375, 249669501428//6736065375, -4812686808//449071025, 36201404//663325, -227430253247//6736065375, -124603636//1716195, -57318304572//2245355125, -24981302493//172719625, -239837718071//2245355125, -13550851928//53888523, -22605730276//269442615, 354632242351//1347213075, -424101880157//1347213075, 641037919523//2245355125, -1404737765416//6736065375, 169300360967//1347213075, -67575015158//1347213075, -12760228831//6736065375, 2495181731//89814205, -296186941018//6736065375, 5993552011//172719625, -83319234923//2245355125, 2514715456//269442615, -3715019174//269442615, 6149645998//449071025, -4912349631//449071025, 16261157993//2245355125, -24258090941//6736065375, 1120624426//1347213075, 445322249//449071025, -4099669007//2245355125, 101199083//53888523, -11214200213//6736065375, 6907109714//6736065375, -377379823//518158875]
3; 6; 2; 11; 4; 1; 1; 4; 1; 1; [-7692673//671775, -2608972//223925, 22498006//3358875, -80095409//13435500, -213406399//13435500, 60855323//2687100, 12638359//1343550, -5374289//223925, 37473079//516750, 89150951//671775, 1856941//447850, -11391209//671775, 14263887//179140, 8971613//20670, 114679169//537420, -1390784777//6717750, 3913834729//13435500, -1271813227//4478500, -1316125933//895700, 3304975//35828, 396108523//671775, -8848723166//3358875, -1334103254//671775, 946978724//671775, -1069490183//1343550, 75912//265, 20095817//223925, -8668369//34450, 4189107503//13435500, -1880015429//6717750, 213419849//1033500, -8274379//41340, 166060109//2687100, 65802853//2687100, -167658841//1119625, -31398346//671775, 14393506//671775, -554252//223925, -2408723//268710, 9611842//671775, -12426893//895700, 150430393//13435500, -583487//79500, 4100841//1119625, -6062143//2687100, -2157787//2687100, 1239319//537420, -56901217//13435500]
3; 6; 2; 11; 6; 1; 1; 9; 1; 1; [-1690284332//449071025, -10753362286//2245355125, 4883014016//6736065375, -38846855383//6736065375, -23354246226//2245355125, 29121642806//6736065375, 14516696609//1347213075, 41578405903//6736065375, 245727819944//6736065375, 178080457//2657225, 20206924734//449071025, 37985855821//1347213075, 97785910369//1347213075, 212041672157//1347213075, 474126172333//6736065375, -12891469297//518158875, 584777151186//2245355125, 657191654143//6736065375, -2715255138031//6736065375, -621089804969//1347213075, -3834917710703//6736065375, -3427120483998//2245355125, -1938704349401//1347213075, 225919465964//449071025, 195070221361//1347213075, -218438744052//449071025, 270331877783//449071025, -277853118472//518158875, 207516532529//518158875, -39924096374//172719625, 725284805389//6736065375, -3481437007//172719625, -105368638412//1347213075, 122819622817//2245355125, -330828571234//2245355125, -5006331169//1347213075, -23018401217//1347213075, 34933755344//1347213075, -11618029888//449071025, 28298570117//1347213075, -2380777364//172719625, 47368188437//6736065375, -10145308246//6736065375, -3633208767//2245355125, 6772732074//2245355125, -1823139699//449071025, 17776504561//6736065375, -7867214474//2245355125]
3; 6; 2; 11; 3; 1; 1; 5; 1; 1; [-1242459523//2023779225, -7118625274//30356688375, -3397528076//10118896125, -25696503296//30356688375, -4281942674//6071337675, -16096475614//30356688375, 34964489696//30356688375, -2252518549//10118896125, 63564131686//30356688375, 41484342394//6071337675, -13339149869//6071337675, 1020529831//674593075, 5325310984//6071337675, 126245897213//6071337675, -82407135971//30356688375, -96350541257//30356688375, 591600073976//30356688375, -99666983599//6071337675, -143839813852//10118896125, -943303927496//30356688375, -766570855823//30356688375, -869979040172//10118896125, -1052156511041//6071337675, 208186872617//2023779225, -253289709421//6071337675, -11426685301//6071337675, 169210964566//6071337675, -1101896982878//30356688375, 1041820962514//30356688375, -784289699677//30356688375, 98649805504//6071337675, -262823244508//30356688375, -5325674768//30356688375, 54740692631//30356688375, -263873069143//30356688375, -17752948594//6071337675, 415888336//674593075, 1712708267//2023779225, -9280285009//6071337675, 9987323618//6071337675, -13840236431//10118896125, 28638017324//30356688375, -15197297182//30356688375, 61937332//404755845, 1729745777//30356688375, -739495422//3372965375, 6227819831//30356688375, -8364882638//30356688375]
3; 6; 2; 11; 10; 1; 1; 9; 1; 1; [11777900623//2245355125, -9584933192//2245355125, -110634054//449071025, 17244786791//2245355125, -15857451856//2245355125, -36137961264//2245355125, 1830386307//172719625, 571921282//449071025, -83247991902//2245355125, 5300392886//449071025, 21784920522//449071025, -1853631258//34543925, 317858874//89814205, -18357731401//172719625, 548109976812//2245355125, -40164623757//449071025, -289232260711//2245355125, 1077570806081//2245355125, 4063828267//14301625, -960459810311//2245355125, 217337701992//449071025, 1844501276262//2245355125, -645201514159//449071025, -358565416123//449071025, 871649981266//449071025, -199956332336//89814205, 4378597908301//2245355125, -3150952490319//2245355125, 368017597321//449071025, -729863522523//2245355125, -32380124727//2245355125, 557589082767//2245355125, -728495341773//2245355125, 138165682283//449071025, -407187257874//2245355125, 32202928399//449071025, -3409931584//34543925, 42698428609//449071025, -6681409029//89814205, 107096198141//2245355125, -51129910074//2245355125, 1795475618//449071025, 17045062812//2245355125, -28340316272//2245355125, 31027093277//2245355125, -26041908263//2245355125, 726227012//89814205, -7635394709//2245355125]
3; 6; 2; 11; 4; 1; 1; 3; 1; 1; [3766168//2725125, 335402//908375, 923846//209625, 1589164//545025, -359994//181675, 5672372//2725125, 1380266//2725125, -575201//908375, -2926258//209625, -3730331//181675, -122267//12675, -271942//109005, -14267759//545025, -184146923//2725125, -37744452//908375, -335819573//2725125, -4258817//109005, 5843031//181675, 52821701//908375, 50557928//908375, 735384//5375, 42393766//69875, 294497602//545025, -181066871//545025, 5270527//36335, -5211149//545025, -206453824//2725125, 282487577//2725125, -298488559//2725125, 14696499//181675, -28703603//545025, 26870608//908375, -3064501//908375, -90244//69875, 112500352//2725125, 1769681//181675, -474428//181675, -74988//36335, 2367809//545025, -4458293//908375, 11297872//2725125, -8391824//2725125, 301078//181675, -21324//36335, -73887//908375, 531914//908375, -1505146//2725125, 1028919//908375]
3; 6; 2; 11; 4; 1; 1; 4; 2; 1; [219889//34450, 697028//258375, -1476563//1033500, 5654873//1033500, -620197//516750, -17117479//1033500, 330823//79500, 3783899//516750, -18154907//516750, -1650916//51675, 105477//17225, -2252371//103350, -2733667//206700, -1464857//7950, 14603659//516750, -18804137//1033500, -164973743//1033500, 393808999//1033500, 8259473//13250, -219119809//1033500, 12601637//172250, 448220047//516750, -30734357//103350, -32724524//51675, 18056179//17225, -224430137//206700, 12198139//13780, -156584954//258375, 332118179//1033500, -2669811//26500, -6945803//172250, 83864111//516750, -13935346//86125, 23467731//172250, -14573252//258375, 8669309//206700, -5144627//103350, 2302393//51675, -2262111//68900, 1337437//68900, -2762137//344500, -20838//86125, 5009371//1033500, -6660583//1033500, 3624781//516750, -5401427//1033500, 1697653//516750, -136433//172250]
3; 6; 2; 11; 11; 1; 1; 5; 1; 1; [-6631361387//10118896125, 4858353767//3372965375, -11653738129//10118896125, -934243194//3372965375, -23225088596//10118896125, -76609907479//10118896125, 9907565324//3372965375, -1906011956//155675325, -3402176979//3372965375, 480326902//80951169, -37905038909//2023779225, 36727083701//2023779225, 973185541//155675325, 710435716187//10118896125, -58639729567//3372965375, 532386928069//10118896125, 929509490147//10118896125, -172533120964//10118896125, 203065225673//778376625, -378827532484//3372965375, -97869980657//2023779225, -1064969077033//10118896125, -283950677941//404755845, 900222711871//2023779225, -422665227809//2023779225, 64468312783//2023779225, 821758955971//10118896125, -1286988265633//10118896125, 1336884214072//10118896125, -344406013143//3372965375, 239694463286//3372965375, -20197370096//778376625, 18571484873//3372965375, 10289866169//2023779225, -70735190633//3372965375, -5483109538//404755845, 2922592948//674593075, 289999103//155675325, -10276958998//2023779225, 60988333781//10118896125, -53902242338//10118896125, 39831173362//10118896125, -22524794699//10118896125, 9281289283//10118896125, 2741202082//10118896125, -7117083706//10118896125, 1563343564//2023779225, -2912352858//3372965375]
3; 6; 2; 11; 3; 1; 1; 5; 2; 1; [38712737711//91070065125, 2350510927//30356688375, 9820971692//91070065125, 8475249154//18214013025, -684958886//7005389625, 17415739636//91070065125, -2827607573//3372965375, -21756945079//30356688375, -101990962237//91070065125, -7314839744//2023779225, 21829112312//18214013025, -46858632907//18214013025, -56327470094//18214013025, -1098772725676//91070065125, -205299630401//91070065125, 24170374387//10118896125, -7717434538//728560521, 78988874789//3372965375, 1999555302724//91070065125, 3024380503151//91070065125, 619109259323//10118896125, 1161622223804//30356688375, 1317662954404//18214013025, -15596896264//674593075, -14189234119//1401077925, 495069539756//18214013025, -109857664039//3372965375, 2584639776832//91070065125, -629660343512//30356688375, 215922340442//18214013025, -39610113319//10118896125, 21887871374//30356688375, 33428739146//7005389625, -48401708053//30356688375, 535791180296//91070065125, 140620039//2023779225, 667049304//674593075, -8574787826//6071337675, 8357942738//6071337675, -100321206253//91070065125, 64515266317//91070065125, -10564577632//30356688375, 1151593034//18214013025, 11216032049//91070065125, -15127396478//91070065125, 2271319777//10118896125, -10195448914//91070065125, 13319947531//91070065125]
3; 6; 2; 11; 12; 1; 1; 6; 1; 1; [-117681023//449071025, 1145993994//2245355125, 3422536774//2245355125, 6458140469//2245355125, 2056219974//449071025, 1121848729//172719625, 16119550532//2245355125, -1138926572//2245355125, -11933455936//2245355125, 14584532//17962841, -1014980769//449071025, -2676666683//449071025, 468389943//449071025, 5266591249//449071025, -73845171064//2245355125, -200022598989//2245355125, -241866145659//2245355125, -39198470414//449071025, -248335546197//2245355125, -193637882132//2245355125, 545872984312//2245355125, 696669112366//2245355125, 1610247767//17962841, 879343847//34543925, -39382598123//449071025, 47729306243//449071025, -54818199//572065, 157762156803//2245355125, -106542120557//2245355125, 30483525583//2245355125, -1935349957//449071025, -34236465811//2245355125, 23485990419//2245355125, -6634143509//2245355125, 56243309868//2245355125, -54885989//17962841, 2076641154//449071025, -2082407547//449071025, 1674741192//449071025, -1106345457//449071025, 2767515323//2245355125, -865633872//2245355125, -888312032//2245355125, 235924953//449071025, -1682688281//2245355125, 1087630559//2245355125, -416287154//2245355125, 1089187163//2245355125]
3; 6; 2; 11; 9; 1; 1; 6; 1; 1; [1424759083//2245355125, 6615829252//2245355125, 10914017328//2245355125, 3825406836//449071025, 9727606592//2245355125, -5857617439//2245355125, -18736622683//2245355125, -49966231673//2245355125, -46169500809//2245355125, -4330588696//449071025, -7351504689//449071025, -380325701//449071025, -11067950079//449071025, -109600835068//2245355125, -246969307252//2245355125, -27566404426//172719625, -16872656691//89814205, 112502224878//2245355125, 537851376254//2245355125, 1010735235713//2245355125, 1578653639293//2245355125, 767024879269//2245355125, 46172703884//449071025, 54953629076//449071025, -103509426591//449071025, 110718451466//449071025, -3022986732//14301625, 316288087684//2245355125, -197044652784//2245355125, 8220449093//449071025, 26668469559//2245355125, -40503392048//2245355125, 123088978994//2245355125, 166732633//172719625, 85985753407//2245355125, -4026651284//449071025, 5030570704//449071025, -4639681014//449071025, 3490653609//449071025, -10859536044//2245355125, 4536029499//2245355125, -628892404//2245355125, -534152954//449071025, 3481956134//2245355125, -2888866158//2245355125, 3534085624//2245355125, -404452496//2245355125, 1534978207//2245355125]
3; 6; 2; 11; 3; 1; 1; 2; 1; 1; [-11766//21125, 8//325, -1962//4225, -30046//63375, 16538//21125, 44656//63375, 17284//12675, 17519//12675, 163967//63375, 10612//4225, -10926//4225, 73793//12675, -437//4225, 777193//63375, -59902//12675, 278324//12675, -167513//21125, -2408819//63375, -1765531//63375, -27572//507, -112123//4225, -3218017//63375, 110577//4225, 1514767//12675, -2288287//12675, 2293099//12675, -9189871//63375, 406933//4225, -203473//4225, 738983//63375, 644933//63375, -1566623//63375, 97649//4225, -97184//4225, 826039//63375, -93781//12675, 106378//12675, -30941//4225, 1714//325, -192521//63375, 14639//12675, 466//2535, -19189//21125, 23666//21125, -69503//63375, 3253//4225, -6722//12675, 3918//21125]
3; 6; 2; 11; 5; 1; 1; 9; 1; 1; [-26095387571//6736065375, 70762548314//6736065375, -72999562//2245355125, -7357474906//1347213075, 36740160406//2245355125, 3896339347//269442615, -58342905643//2245355125, 3431690979//2245355125, 18806585659//518158875, -90874959964//1347213075, -33417394448//449071025, 7679885582//103631775, -9916887547//269442615, 229613854621//6736065375, -859531619148//2245355125, 1531947417536//6736065375, 71540080117//1347213075, -93673973402//172719625, 2014859329//8580975, 2351591808513//2245355125, -2896127146742//6736065375, -1020660397532//6736065375, 4333007570951//1347213075, 807542857711//1347213075, -1212884545708//449071025, 914309091833//269442615, -21082511656057//6736065375, 5271510183861//2245355125, -9745196258887//6736065375, 871407512219//1347213075, -36755156758//518158875, -403345615912//1347213075, 3392957991317//6736065375, -3174671887726//6736065375, 2383759923674//6736065375, -123335400271//1347213075, 15163780358//103631775, -67153017847//449071025, 10970104694//89814205, -42641668379//518158875, 95957931241//2245355125, -26133031294//2245355125, -11550856183//1347213075, 123569582801//6736065375, -28078399768//1347213075, 128750858017//6736065375, -30040421442//2245355125, 49238580244//6736065375]
3; 6; 2; 11; 8; 1; 1; 5; 1; 1; [27616684519//30356688375, -11356311739//10118896125, 939615179//6071337675, -4758887554//10118896125, -20385602596//3372965375, -312003261398//30356688375, -59015567639//30356688375, -88669838806//10118896125, -184694355133//10118896125, 8354923942//1214267535, 3145071248//6071337675, -135422098909//6071337675, -50573431744//6071337675, 8490582062//2335129875, 1711654649407//30356688375, -264724481362//6071337675, 93102598738//778376625, 865526654121//3372965375, 3257942123026//10118896125, 4042429678049//30356688375, 2839151521106//10118896125, 1342612063971//3372965375, -951464583572//1214267535, -1110068713757//6071337675, 4295011084021//6071337675, -1771384232318//2023779225, 24298302461698//30356688375, -6047694006308//10118896125, 147553442044//404755845, -4663782064909//30356688375, 44496080924//2335129875, 2934417089614//30356688375, -377574531392//3372965375, 3898922929594//30356688375, -2237471844818//30356688375, 3289015439//134918615, -76724114776//2023779225, 232724044169//6071337675, -188836882591//6071337675, 631337918603//30356688375, -324582528919//30356688375, 16768932571//6071337675, 74751911111//30356688375, -141916235843//30356688375, 19167192266//3372965375, -137598364778//30356688375, 107301035009//30356688375, -46270775503//30356688375]
3; 6; 2; 11; 11; 1; 1; 5; 2; 1; [1724856988//2023779225, -8579475638//10118896125, -804429368//10118896125, -8690826743//10118896125, -41146943158//10118896125, -42472952318//10118896125, -27623416354//10118896125, -49372960157//10118896125, -2926028008//259458875, 3562912068//674593075, -1450175624//155675325, -49856170699//2023779225, 4797442181//2023779225, -238394999//51891775, 207296298106//3372965375, 211508843173//10118896125, 344313581276//3372965375, 591739315051//3372965375, 1025496686923//10118896125, 208084875164//10118896125, 2277706292612//10118896125, 1085075272247//10118896125, -943207740451//2023779225, 100254972763//2023779225, 135237018947//674593075, -623479624424//2023779225, 626418533408//2023779225, -2501457880091//10118896125, 564269910883//3372965375, -815357392646//10118896125, 98987965878//3372965375, 82422870908//3372965375, -131445306711//3372965375, 545815160186//10118896125, -109737867523//3372965375, 274422799//51891775, -25470970328//2023779225, 28999845389//2023779225, -8478217442//674593075, 18356930474//2023779225, -52774598236//10118896125, 20681071204//10118896125, 3445556174//10118896125, -13937430866//10118896125, 20791202404//10118896125, -1417362841//778376625, 5382437812//3372965375, -7932475979//10118896125]
3; 6; 2; 11; 7; 1; 1; 9; 1; 1; [5489111174//518158875, 1752138792//172719625, 141397972//103631775, 8087499788//518158875, 2364107178//172719625, -5127289474//172719625, -238301127//6908785, -8863502437//518158875, -17054052304//172719625, -14987729612//103631775, -1111489268//34543925, -1979202062//34543925, -16462637801//103631775, -207799755814//518158875, -62123826586//518158875, 2585106014//34543925, -184473501848//518158875, 65300644457//172719625, 427189222//253875, 8956554497//7971675, 16100568323//13286125, 644033180169//172719625, 241960523878//103631775, -167444697364//103631775, 30171562208//34543925, -29324296681//103631775, -75110922607//518158875, 57045804444//172719625, -13400489424//34543925, 171423597686//518158875, -122377894142//518158875, 38950766877//172719625, -301837478//34543925, 26337343081//518158875, 36140981997//172719625, 5439318067//103631775, -778752602//34543925, 60431896//103631775, 416738147//34543925, -9122034797//518158875, 8662973672//518158875, -54751310//4145271, 4304607716//518158875, -2019520847//518158875, 1181642831//518158875, 232509314//103631775, -637981054//518158875, 2891641786//518158875]
3; 6; 2; 11; 3; 1; 1; 10; 1; 1; [-1067566//765375, -467264//765375, -2435201//765375, -301347//255125, 50992//153075, 414268//153075, -913708//765375, 2503126//255125, -4409557//765375, 111086//6123, 305321//51025, 291103//30615, 3826088//153075, 16626881//765375, 4427924//765375, 89222671//765375, -12541938//255125, 1257487//51025, -4926671//30615, -122352742//765375, -109185553//765375, -60871153//765375, -4311287//30615, 5304713//153075, 1073509//30615, -10225252//153075, 365374//4875, -48005603//765375, 972602//19625, -20639702//765375, 37953//3925, -56162//11775, -12013411//765375, 2891851//765375, -9856679//765375, 15479//30615, -399328//153075, 20471//6123, -157141//51025, 1818818//765375, -372376//255125, 580718//765375, -79762//765375, -42164//153075, 47338//153075, -446171//765375, 60412//255125, -233824//765375]
3; 6; 2; 11; 11; 1; 1; 2; 1; 1; [3272011729//3962403575, -7150890077//19812017875, 6455192583//3962403575, 10220399368//19812017875, -9635377534//19812017875, 30410114479//19812017875, -5672147628//1524001375, -21095967159//19812017875, 5242658797//19812017875, -1469915026//158496143, 3421752057//792480715, -35865006769//3962403575, -50736019096//3962403575, -85632921304//3962403575, 197395096347//19812017875, -198394192523//3962403575, 542606674642//19812017875, -45370538946//19812017875, -393170946704//19812017875, 2898247467644//19812017875, -519535810376//19812017875, 2354736268698//19812017875, 28435547732//158496143, -229231519636//792480715, 1172971750631//3962403575, -962960616101//3962403575, 49572469436//304800275, -1691053881214//19812017875, 85392291421//3962403575, 358175510916//19812017875, -738103451483//19812017875, 807790688243//19812017875, -584645501658//19812017875, 488601501587//19812017875, -186814308656//19812017875, 2161472270//158496143, -9607032546//792480715, 35115649914//3962403575, -20814689214//3962403575, 637194046//304800275, 2612417531//19812017875, -5699168664//3962403575, 37332444156//19812017875, -35043486978//19812017875, 2056258221//1524001375, -14682033073//19812017875, 7602204102//19812017875, 832908019//19812017875]
3; 6; 2; 11; 3; 1; 1; 8; 1; 1; [66243//255125, -228843//255125, -1556904//255125, -6726026//765375, -4630016//765375, -920216//765375, 5554453//765375, 11084758//765375, 14634874//765375, -549218//153075, 6074//785, 1944848//30615, 2347171//51025, 17551711//765375, 31352249//765375, 108870017//765375, 109155281//765375, 94431541//765375, -639153//255125, -86028611//255125, -209148091//255125, -825704179//765375, 13321//975, 4511381//30615, -6390712//30615, 32112118//153075, -125300867//765375, 83738627//765375, -2757073//58875, 13621213//765375, 409052//19625, -7094624//255125, 10886171//765375, -15795643//255125, -8087399//255125, -103369//11775, 99088//10205, -253723//30615, 303954//51025, -196159//58875, 948982//765375, 7834//19625, -736217//765375, 1106408//765375, -940192//765375, 161247//255125, -966364//765375, -518507//765375]
3; 6; 2; 11; 8; 1; 1; 5; 2; 1; [2320235348//6071337675, 4461068317//30356688375, -35652186383//30356688375, 1711867429//6071337675, 5118101458//2335129875, 147891742109//30356688375, 17719904036//30356688375, 148817174374//30356688375, 30850746956//3372965375, -39876438448//6071337675, 43665514702//6071337675, 367098118//26983723, 4354140998//1214267535, -20045133092//1214267535, -157989874319//10118896125, 1579298325613//30356688375, -396396406849//6071337675, -260516323326//3372965375, -3565912341484//30356688375, -1877290534336//30356688375, -606254929688//10118896125, -1594910360188//10118896125, 296292098848//674593075, 454710275752//6071337675, -33427237124//93405195, 550455446438//1214267535, -283430155679//674593075, 9622120645924//30356688375, -5890499397331//30356688375, 171135456721//2023779225, -323476510687//30356688375, -1403616796397//30356688375, 135467536574//2335129875, -1917982061482//30356688375, 1252845447008//30356688375, -8127210083//674593075, 39475490996//2023779225, -24285850256//1214267535, 19906645142//1214267535, -7483085183//674593075, 176408633569//30356688375, -5358147664//3372965375, -793631593//674593075, 24632576326//10118896125, -88409482517//30356688375, 72533970632//30356688375, -6073562558//3372965375, 26395945658//30356688375]
3; 6; 2; 11; 2; 1; 1; 7; 1; 1; [-4760656//57692375, 245521039//173077125, 188231596//173077125, 129341437//173077125, 127171412//173077125, 375120214//173077125, 2502308//341375, 291069043//173077125, -454555586//57692375, -69011994//11538475, 7047871//2307695, -70283726//11538475, -448566296//34615425, 1729227403//173077125, -5908280059//173077125, -6078653071//173077125, -512163169//13313625, 1583017298//173077125, 2908333931//173077125, -7851186522//57692375, -1136576776//57692375, 45079029523//173077125, 325259667//887575, -141545011//6923085, -2131428526//11538475, 9235611094//34615425, -45475434721//173077125, 11981488481//57692375, -23972646593//173077125, 11487806419//173077125, -2494746011//173077125, -3160791467//173077125, 4981248017//173077125, -6620686654//173077125, 7484708329//173077125, -181615873//34615425, 15328052//1384617, -425380507//34615425, 122000607//11538475, -1300960301//173077125, 734886038//173077125, -273610798//173077125, -63646046//173077125, 237474659//173077125, -290886377//173077125, 248988607//173077125, -205305224//173077125, 162522689//173077125]
3; 6; 2; 11; 12; 1; 1; 4; 1; 1; [23262341132//3372965375, -48010208808//3372965375, -17055002391//3372965375, -16515502732//3372965375, -12018452776//674593075, 215754023738//3372965375, -48240617173//3372965375, -253472690331//3372965375, -20593303538//3372965375, -104803459688//674593075, 22090686051//674593075, 61007335144//674593075, -5035680679//51891775, -25183091764//259458875, 861165880928//3372965375, -918158091829//3372965375, 2370201437072//3372965375, 387282139444//674593075, -5792887957198//3372965375, 4314520687653//3372965375, 1959581005511//3372965375, 3609222591283//3372965375, 3758585203432//674593075, -2048370557104//674593075, 655567283504//674593075, 283018234718//674593075, -3890516034406//3372965375, 4576090251384//3372965375, -4074225783717//3372965375, 235190735592//259458875, -331218311069//674593075, 439330715311//3372965375, 236008272064//3372965375, -28826467169//259458875, 782194948649//3372965375, 52817497888//674593075, -1905523896//674593075, -2154273768//51891775, 39917759697//674593075, -195609607766//3372965375, 155183602109//3372965375, -101247075622//3372965375, 51468707676//3372965375, -339234436//134918615, -19628374359//3372965375, 29893556019//3372965375, -26091463752//3372965375, 26326974624//3372965375]
3; 6; 2; 11; 11; 1; 1; 10; 1; 1; [31474098//3316625, -21257231//3316625, 33135889//3316625, 46803701//3316625, -72854962//3316625, 90825352//3316625, -64812681//3316625, -142263678//3316625, 15776581//663325, -83935456//663325, 6863799//132665, -26647826//663325, -121670853//663325, -345607518//3316625, 383955201//3316625, -1390538119//3316625, 655484444//3316625, 1178190207//3316625, -1191960732//3316625, 271306687//255125, 2534760513//3316625, 14742487//26533, 126617648//51025, -326884578//132665, 1306393624//663325, -866386713//663325, 13686628//21125, -480589232//3316625, -630218967//3316625, 1104325562//3316625, -1105506784//3316625, 71297383//255125, -525711502//3316625, 494664284//3316625, -8885797//663325, 65933601//663325, -1886302//26533, 26996906//663325, -10121937//663325, -9376654//3316625, 41992258//3316625, -53614452//3316625, 3766759//255125, -35589689//3316625, 21552279//3316625, -6995647//3316625, 2922554//3316625, 1267871//663325]
3; 6; 2; 11; 8; 1; 1; 2; 1; 1; [13530962411//19812017875, 3573666783//3962403575, 17929655299//19812017875, 1446193711//3962403575, -17549879756//19812017875, -63659765779//19812017875, -64467518682//19812017875, -3160272863//3962403575, -32903570462//19812017875, -11117179298//3962403575, -7979184222//3962403575, -12334131629//3962403575, 453196859//304800275, -404838019181//19812017875, -69398576779//3962403575, -342742658849//19812017875, 25861447557//3962403575, 1313982412741//19812017875, 2881926515629//19812017875, 2397335704342//19812017875, 54253628929//3962403575, -1025054956178//19812017875, -425045458913//3962403575, -115753466237//3962403575, 405770817301//3962403575, -495445057808//3962403575, 2234404322342//19812017875, -67849759323//792480715, 77200446716//1524001375, -17187857311//792480715, 70887104583//19812017875, 367760583282//19812017875, -226427031659//19812017875, 13543889682//792480715, -23360799238//1524001375, 14139532193//3962403575, -21567063588//3962403575, 1663967653//304800275, -17446921302//3962403575, 57661245502//19812017875, -5991796243//3962403575, 7100772138//19812017875, 1418935194//3962403575, -12844141582//19812017875, 17748845652//19812017875, -11010119844//19812017875, 1888207368//3962403575, -6043655279//19812017875]
3; 6; 2; 11; 9; 1; 1; 4; 1; 1; [2086803343//2023779225, 182593573114//10118896125, 26125350239//404755845, 56569617017//778376625, 248890586228//10118896125, 72714356381//10118896125, -728556653299//10118896125, -1865890999177//10118896125, -2011069912558//10118896125, -121063991411//674593075, -175977188783//2023779225, -332029879709//2023779225, -663275795818//2023779225, -33941074456//155675325, -8504879714494//10118896125, -1404151379611//674593075, -14064452671376//10118896125, 7960828993817//10118896125, 26857705620289//10118896125, 58584418263979//10118896125, 62802637746137//10118896125, 42086154929138//10118896125, 1977699374544//674593075, -2092759275218//2023779225, -14940916301//51891775, 1966714642307//2023779225, -2455619538149//2023779225, 10682476938358//10118896125, -1842086165078//2023779225, 4368636063827//10118896125, -1778931667654//10118896125, 1271414754647//10118896125, 1273129730699//3372965375, 399940761392//3372965375, 20777215826//59875125, 16282225618//2023779225, 69389418643//2023779225, -35407523912//674593075, 35255252086//674593075, -28705299928//674593075, 277693966348//10118896125, -32741006822//2023779225, 24265944707//10118896125, 41121241841//10118896125, -45703376873//10118896125, 125144522657//10118896125, -10473029984//10118896125, 81245219974//10118896125]
3; 6; 2; 11; 6; 1; 1; 7; 1; 1; [-148643039392//27173108625, -87007250809//27173108625, 4589479403//5434621725, 54257976832//27173108625, -203788478134//27173108625, -61001868913//9057702875, 736860834781//27173108625, 741739832878//27173108625, -279260202764//27173108625, 4896373327//1811540575, 71460709533//1811540575, 85303499822//1811540575, -96352547514//1811540575, 1517877222624//9057702875, 4214809789714//27173108625, -82573080266//1811540575, -8380686090232//27173108625, 625927086593//9057702875, 519930167203//2090239125, -5964713362312//9057702875, -9036815165731//9057702875, -4677545373041//27173108625, 3547175352106//5434621725, 2863431510659//5434621725, -1999973889588//1811540575, 6654977714038//5434621725, -9503982973403//9057702875, 6867301905909//9057702875, -179174378473//418047825, 3819072411044//27173108625, 1001039362367//27173108625, -1133343484171//9057702875, 3789842104522//27173108625, -1816072306963//9057702875, 2960456848157//27173108625, -75958860862//1811540575, 299035678711//5434621725, -281322832886//5434621725, 16624079909//418047825, -676828995059//27173108625, 318125697287//27173108625, -2756547978//1811540575, -134001096191//27173108625, 66890781824//9057702875, -65413658706//9057702875, 148873664827//27173108625, -44409709408//9057702875, 112730247//57692375]
3; 6; 2; 11; 11; 1; 1; 8; 1; 1; [9458//21125, 74312//21125, 84577//21125, -73501//21125, -82392//21125, -382982//21125, -753982//21125, -94909//4225, -481808//21125, -104972//4225, -189234//4225, -303701//4225, -22203//4225, -309743//21125, -1300852//21125, 1743678//21125, 3806661//21125, 1875667//21125, 1274529//1625, 22689582//21125, 3024498//4225, 18382748//21125, -194567//4225, -1252109//4225, 10761//25, -1816478//4225, 7236901//21125, -4829561//21125, 2474964//21125, -375607//21125, -42103//1625, 1944801//21125, -258019//21125, 354696//4225, 73104//21125, 75422//4225, -84696//4225, 72961//4225, -52332//4225, 149381//21125, -56466//21125, -8756//21125, 49578//21125, -56604//21125, 67871//21125, -21184//21125, 7588//4225, 4639//21125]
3; 6; 2; 11; 6; 1; 2; 5; 1; 1; [-5101483834//30356688375, -5780209379//30356688375, 531607603//3372965375, -117170336//3372965375, -1149581746//30356688375, 9188782984//10118896125, 6923307494//30356688375, 3064742377//6071337675, -65546476//778376625, 7202410036//6071337675, -17984512202//6071337675, -3825414059//6071337675, -407428549//404755845, 128539522504//30356688375, 26720543413//10118896125, -16040932173//3372965375, 260147075059//30356688375, -99101319769//30356688375, -724964446822//30356688375, -111254320594//30356688375, -64998450464//2023779225, -1572379778611//30356688375, -171188118694//6071337675, 355020770138//6071337675, -43707024471//674593075, 1038808058//18681039, -1192248594083//30356688375, 681782337142//30356688375, -19229312317//2335129875, -44878915223//30356688375, 71781647851//10118896125, -304400111786//30356688375, 81115688366//10118896125, -15365596307//2023779225, 42585245737//30356688375, -17637881231//6071337675, 16562144032//6071337675, -12715321036//6071337675, 177177877//134918615, -18225698053//30356688375, 2296950667//30356688375, 7438084304//30356688375, -11543588848//30356688375, 1313180007//3372965375, -10272187006//30356688375, 6359898478//30356688375, -833506756//6071337675, -157528256//10118896125]
3; 6; 2; 11; 10; 1; 1; 7; 1; 1; [-33375344231//9057702875, -8239729519//1811540575, -15404061136//9057702875, -44008277434//9057702875, -14301463278//1811540575, 5588391273//1811540575, 148086485601//9057702875, 72391239441//9057702875, 186346828766//9057702875, 58802081906//1811540575, 52812703761//1811540575, 14979087011//1811540575, 76568823389//1811540575, 1253843313186//9057702875, 240079263709//1811540575, -202535067669//9057702875, 620343181784//9057702875, 75911808//362308115, -41744632814//139349275, -5396705341701//9057702875, -3324931721916//9057702875, -7813792443616//9057702875, -916948065454//1811540575, 20553003282//139349275, 167982151371//1811540575, -381990457791//1811540575, 2240107448678//9057702875, -370009332308//1811540575, 1360460838208//9057702875, -762716439478//9057702875, 60018977316//1811540575, -15802377673//1811540575, -479506525908//9057702875, 73119017//4437875, -632935273478//9057702875, 820053684//1811540575, -14313139426//1811540575, 19450374064//1811540575, -18515578599//1811540575, 73296971248//9057702875, -9009686143//1811540575, 21694844848//9057702875, -2997187208//9057702875, -1561443918//1811540575, 421989413//362308115, -17896057938//9057702875, 8082784742//9057702875, -14092589708//9057702875]
3; 6; 2; 11; 12; 1; 1; 3; 1; 1; [1365389//908375, -46432//69875, -304571//908375, -357983//908375, 2238858//908375, 1843012//908375, -2071177//908375, -3098206//908375, 1177948//181675, 124328//7267, 661737//181675, 1029544//181675, -406641//36335, -29849944//908375, 47479226//908375, -5233329//908375, -6808567//908375, -86812303//908375, 18213428//908375, 118207637//908375, 67321731//908375, -14318349//36335, -12610742//36335, 27809432//181675, -1728286//181675, -2753099//36335, 98480558//908375, -96406312//908375, 78280243//908375, -51813561//908375, 1677007//69875, -377562//69875, -1652074//908375, 16084598//908375, -6039161//181675, -100141//36335, -383962//181675, 825696//181675, -184143//36335, 3943048//908375, -2787227//908375, 1607148//908375, -45817//69875, -193209//908375, 522804//908375, -532484//908375, 640278//908375, -148982//181675]
3; 6; 2; 11; 2; 1; 1; 12; 1; 1; [14070682//9949875, 404426//1989975, 4485542//1989975, -5636716//9949875, -827386//397995, -2732216//1989975, -3041882//663325, -55086784//9949875, -185963//132665, -28234964//1989975, -5568867//663325, -9245903//663325, -2938283//397995, -65620949//3316625, 30981544//1989975, -40012357//663325, 650444641//9949875, 53126167//663325, 214557779//1989975, 612550402//1989975, 1864692214//9949875, 70784542//397995, 330243481//1989975, -119905757//663325, 101116277//663325, -14270727//132665, 44947108//765375, -38992523//1989975, -3679531//397995, 236453803//9949875, -42586724//1989975, 54659261//1989975, -5563531//1989975, 184694677//9949875, 1524988//397995, 4997773//663325, -11395054//1989975, 2338933//663325, -210272//132665, 1143374//9949875, 1487387//1989975, -2278292//1989975, 3792811//3316625, -122932//153075, 265633//397995, -55153//1989975, 758354//3316625, 29966//132665]
3; 6; 2; 11; 12; 1; 1; 4; 2; 1; [-20607440831//3372965375, -21178345208//3372965375, 34269625333//3372965375, 845669781//134918615, -218420408//259458875, 2121464756//51891775, 209407493533//3372965375, 93313229861//3372965375, 58749113051//674593075, 109001806112//674593075, 7566359838//134918615, 537819644//134918615, 2608572237//26983723, 914518934021//3372965375, 249778175108//3372965375, -1608170634103//3372965375, -26738439341//134918615, -1505346278556//3372965375, -1231209039097//674593075, -4769534863183//3372965375, -1715136320361//3372965375, -1830270415737//674593075, -1756043311123//674593075, 30752052635//26983723, -7923058916//134918615, -77490446162//134918615, 2860133635863//3372965375, -2758697176361//3372965375, 163577206682//259458875, -58705193977//134918615, 645220157522//3372965375, -86446920658//674593075, -418186264789//3372965375, 22378784474//259458875, -161618834119//674593075, -13526323952//674593075, -2224765072//134918615, 4672177551//134918615, -5162954916//134918615, 112098107463//3372965375, -78832134546//3372965375, 43454657266//3372965375, -134023320//26983723, -4907225013//3372965375, 366089786//134918615, -21936508954//3372965375, 1145564364//259458875, -4022237922//674593075]
3; 6; 2; 11; 9; 1; 1; 3; 1; 1; [-54012//36335, -237439//181675, -681116//908375, -1439268//908375, -2374758//908375, 2888658//908375, 401177//908375, 78094//69875, 11731617//908375, 2197768//181675, 90366//36335, 3420959//181675, 2203772//181675, 562376//13975, 2683297//36335, -360268//69875, 1126583//908375, 28670708//908375, -176926228//908375, -168481727//908375, -120113232//908375, -260490297//908375, -113250482//181675, 9257564//36335, 1900959//181675, -172697//1075, 39874088//181675, -37148602//181675, 146417428//908375, -7183607//69875, 45557789//908375, -15045834//908375, -23593016//908375, 20749214//908375, -2985357//69875, -694333//181675, -182602//36335, 1672146//181675, -1779402//181675, 1503802//181675, -1028099//181675, 2846258//908375, -927906//908375, -344096//908375, 898816//908375, -1383851//908375, 1004974//908375, -1036591//908375]
3; 6; 2; 11; 8; 1; 1; 10; 1; 1; [-2995082//3316625, 696076//3316625, 16727164//3316625, -14764181//3316625, 418822//132665, -764209//132665, -25465966//3316625, 85110499//3316625, -3173531//663325, 15173034//663325, 17682144//663325, -35231961//663325, 35944734//663325, 211176262//3316625, -2656406//3316625, -231359809//3316625, 194057781//3316625, -156704351//663325, 244015858//663325, 212360676//3316625, -1715426979//3316625, 208928288//663325, -1000741836//663325, -179940836//663325, 830233179//663325, -80415227//51025, 30856123//21125, -3655812788//3316625, 2244646318//3316625, -991469377//3316625, 8044614//663325, 106253488//663325, -693514312//3316625, 619604753//3316625, -20406258//132665, 28080086//663325, -45096054//663325, 46145186//663325, -37720884//663325, 127519361//3316625, -66741283//3316625, 18282788//3316625, 13326953//3316625, -5925429//663325, 6700652//663325, -27956602//3316625, 18651418//3316625, -2126049//663325]
3; 6; 2; 11; 9; 1; 1; 4; 2; 1; [42851872//778376625, -4609938109//778376625, -20639808721//778376625, -956281843//51891775, 418725098//259458875, 4754642161//259458875, 14466564269//259458875, 13472384868//259458875, 1008506932//31135065, 1422243558//51891775, -567952538//51891775, 8765132189//155675325, 5634742781//51891775, 28177827481//259458875, 71002020593//259458875, 11963725914//19958375, 9811148//159667, -332794726649//778376625, -358744991121//259458875, -1831234332307//778376625, -249781715273//259458875, -1359317069//155675325, 2819126423//51891775, 23425656817//51891775, -101835067051//155675325, 2602312417//3991675, -396799890436//778376625, 272025598517//778376625, -109561472282//778376625, 2056606446//51891775, 7044547656//259458875, -38513644348//259458875, -11507816081//778376625, -31391235599//259458875, 2768001217//51891775, -1408384378//51891775, 1565927918//51891775, -4044801179//155675325, 965845184//51891775, -8125953626//778376625, 3164467847//778376625, 1029433498//778376625, -170890448//51891775, 2957076808//778376625, -1298509608//259458875, 51890668//59875125, -671496654//259458875, 118900069//155675325]
3; 6; 2; 11; 8; 1; 1; 8; 1; 1; [106791//51025, 12102237//3316625, 9833112//663325, 106047281//3316625, 27484062//663325, 152793768//3316625, 2938164//51025, 15631539//255125, 208526076//3316625, 54768616//663325, 48435093//663325, 849416//51025, -3056546//132665, -68419682//663325, -249464307//3316625, -290176593//663325, -2962522496//3316625, -666086819//663325, -3632148428//3316625, -715138906//663325, -486283987//3316625, 102641873//255125, -1706012//4225, -129689182//663325, 340123038//663325, -15777847//26533, 344983792//663325, -1278337516//3316625, 135652408//663325, -428906938//3316625, -34999093//663325, 3052617//255125, -17247834//132665, 231673939//3316625, -135266083//3316625, 12446329//663325, -1335166//51025, 16904042//663325, -2661366//132665, 1708246//132665, -21163261//3316625, 112132//132665, 4031987//3316625, -2857659//663325, 8923901//3316625, -2615542//663325, 6464514//3316625, -2590088//3316625]
3; 6; 2; 11; 6; 1; 1; 12; 1; 1; [-18918673//3316625, -46197442//9949875, -2128574//9949875, 49650122//9949875, -3324793//9949875, -47568307//3316625, -577380974//9949875, -71862423//663325, -118282181//765375, -360185171//1989975, -339214904//1989975, -16579948//132665, -38007953//663325, 978814793//3316625, 1536669502//9949875, -323897462//3316625, -1233600809//3316625, -25584334//3316625, 11627367151//9949875, 34509383789//9949875, 730634192//153075, 45401126098//9949875, 4516923739//1989975, -64866173//153075, -99808753//132665, 844453887//663325, -13130565488//9949875, 3689212682//3316625, -7572847943//9949875, 3872470819//9949875, -1226598176//9949875, -41823084//3316625, 3176824607//9949875, 59233904//1989975, 3690783569//9949875, -31814819//1989975, 100488464//1989975, -24296416//397995, 109326364//1989975, -134360546//3316625, 245300686//9949875, -34399951//3316625, -3071906//9949875, 59256829//9949875, -24091369//3316625, 108879047//9949875, -288471//132665, 26292848//3316625]
3; 6; 2; 11; 6; 1; 2; 5; 2; 1; [1847330548//10118896125, 7514701088//30356688375, 528223219//3372965375, 2571977329//30356688375, -426158546//30356688375, 2742483451//30356688375, -3582903127//10118896125, -7224556063//30356688375, 763071329//10118896125, 4560545024//6071337675, -162108221//134918615, -336309331//155675325, -4746239788//2023779225, -209576467039//30356688375, -143328092038//30356688375, 97782852034//30356688375, 91568783//59875125, 133659369551//30356688375, 344654467649//30356688375, 7903066961//30356688375, -151980107362//30356688375, -576941018522//30356688375, -242753253841//6071337675, 7460311637//1214267535, 88376376191//6071337675, -48570308218//2023779225, 18889128377//778376625, -206222236243//10118896125, 418903569212//30356688375, -216429235697//30356688375, 68001793973//30356688375, 18903071039//10118896125, -92529627847//30356688375, 32637347068//10118896125, -39099282002//10118896125, 2083837111//6071337675, -89707726//93405195, 6847664179//6071337675, -6128466961//6071337675, 22258184473//30356688375, -13437223219//30356688375, 5493206672//30356688375, 93028196//10118896125, -1119713344//10118896125, 4965047437//30356688375, -1481545534//10118896125, 3323369044//30356688375, -2689247296//30356688375]
3; 6; 2; 11; 10; 1; 1; 12; 1; 1; [10037562//3316625, 15934146//3316625, 33199232//3316625, 929639//255125, -5423186//3316625, -90089522//3316625, -114363539//3316625, -13087671//255125, -109480973//3316625, -27562378//663325, -12071103//663325, -51058221//663325, -32287141//663325, -674072767//3316625, -543902056//3316625, -64503149//255125, 493579618//3316625, 1337969266//3316625, 3739416727//3316625, 252931903//255125, 3322358798//3316625, 541004263//3316625, -6631141//51025, -132883603//663325, 230294799//663325, -246743581//663325, 992533274//3316625, -729315603//3316625, 343776239//3316625, -7477312//255125, 4440068//3316625, 316626181//3316625, -22189263//3316625, 302309284//3316625, -85968001//3316625, 9149128//663325, -11189182//663325, 10111411//663325, -7599474//663325, 22370524//3316625, -10258363//3316625, -36872//255125, 5778434//3316625, -6415337//3316625, 811637//255125, -2986368//3316625, 6600774//3316625, -1371516//3316625]
3; 6; 2; 11; 5; 1; 1; 7; 1; 1; [27362798653//27173108625, 21655252771//27173108625, -12697703113//27173108625, 20943583118//9057702875, 94173656404//27173108625, -125069875046//27173108625, -42976538278//5434621725, 206025782032//27173108625, -3745258662//696746375, -97307002612//5434621725, -3350398657//362308115, 2405731634//418047825, -153810399226//5434621725, -1189479496948//27173108625, 132514867669//27173108625, 1418552724208//27173108625, -664272443008//9057702875, 19327641532//2090239125, 1860032467992//9057702875, 1470621582904//5434621725, -707262231722//27173108625, 1994273335396//9057702875, 469311037268//5434621725, 5090990708//217384869, -453089553758//5434621725, 547231009274//5434621725, -2571751602844//27173108625, 1883809039922//27173108625, -1074230685301//27173108625, 395921674948//27173108625, -77076274//2090239125, -12538253452//27173108625, 28314444554//1086924345, -2528660228//173077125, 186215372888//9057702875, -15916702388//5434621725, 370225148//83609565, -24164911552//5434621725, 6457345602//1811540575, -5063525288//2090239125, 11079319104//9057702875, -7029752576//27173108625, -9526003882//27173108625, 15829535728//27173108625, -12319355132//27173108625, 4176068893//5434621725, -10901420276//27173108625, 10887609214//27173108625]
3; 6; 2; 11; 6; 1; 2; 2; 1; 1; [-3751306642//11887210725, -29855181601//59436053625, -58989781777//59436053625, -14095801523//19812017875, 20856840436//59436053625, 190150846904//59436053625, 59342598103//11887210725, 1596048901//304800275, 24691836284//4572004125, 37766087846//11887210725, 12688914762//3962403575, 77291742634//11887210725, 96345032453//11887210725, 80873926171//3962403575, 1123997053861//59436053625, 1456863063652//59436053625, -257595380127//19812017875, -251102478647//4572004125, -7399644920689//59436053625, -1563055761989//11887210725, -13395146997//158496143, -3440836993097//59436053625, 708040387571//11887210725, 107667944957//3962403575, -851589832006//11887210725, 25692202852//304800275, -874065364843//11887210725, 3282843887593//59436053625, -47180532706//1524001375, 18667012093//1524001375, -97600019138//59436053625, -282645971614//19812017875, 13059764383//2377442145, -58194906716//3962403575, 113952486103//19812017875, -10337694217//3962403575, 44027506364//11887210725, -42833967349//11887210725, 11315352644//3962403575, -4355680051//2377442145, 54876285053//59436053625, -3195370108//19812017875, -5655105726//19812017875, 8695412394//19812017875, -36841564042//59436053625, 3762576352//11887210725, -1459206072//3962403575, 6601950109//59436053625]
3; 6; 2; 11; 4; 1; 1; 5; 1; 1; [4885286092//30356688375, 5303638298//30356688375, 14509845928//30356688375, 498314326//674593075, -457360958//2335129875, -29559064292//30356688375, -30271894609//30356688375, -81666409561//30356688375, -5225695141//2335129875, -20151118859//6071337675, -10520621564//6071337675, -32940826054//6071337675, -32481115897//6071337675, -140452777592//30356688375, -26869055261//2335129875, -129722161316//10118896125, -2180382397//134918615, 435808955359//30356688375, 1192574776877//30356688375, 620152330294//30356688375, 577190735617//10118896125, 107741700373//30356688375, -68299373518//2023779225, -13961814216//674593075, 22332297787//467025975, -332906490752//6071337675, 1441375783964//30356688375, -1058455835054//30356688375, 45045038587//2335129875, -16812956036//2023779225, -12092680063//30356688375, 77218393582//10118896125, -199372880218//30356688375, 290418243428//30356688375, -52135238882//10118896125, 10829067194//6071337675, -4916765552//2023779225, 4696163093//2023779225, -3672495286//2023779225, 11663439068//10118896125, -1890426231//3372965375, 2427526981//30356688375, 121419931//674593075, -9378781928//30356688375, 11106643586//30356688375, -7777000243//30356688375, 7128633728//30356688375, -2902069411//30356688375]
3; 6; 2; 11; 7; 1; 1; 7; 1; 1; [-1089632698//2090239125, -1442415776//2090239125, 1586615077//2090239125, -1937852003//2090239125, -15121545506//2090239125, -19872276901//2090239125, -1108533454//696746375, 6853996756//2090239125, -973617712//418047825, -80778526//32157525, 910422997//139349275, 5693156713//418047825, -20662877//139349275, 46334485013//2090239125, 2281046654//53595875, -14799616534//696746375, -590834852//2090239125, 141630182957//696746375, 601246642691//2090239125, 103444367122//2090239125, -643310677946//2090239125, -12593116717//27869855, -112462566043//418047825, 63224321651//418047825, -21850732327//418047825, -6027632581//418047825, 8308206173//160787625, -41715845779//696746375, 115382128084//2090239125, -87590510806//2090239125, 72357766238//2090239125, 4564904623//2090239125, 1757201177//696746375, -106842209//13313625, -12045557551//418047825, -1690555562//418047825, 178149034//418047825, 247525559//139349275, -374598938//139349275, 5678902159//2090239125, -1490349839//696746375, 994799958//696746375, -1545660206//2090239125, 249393696//696746375, 292785691//696746375, -639560279//2090239125, 247203862//2090239125, -99108569//139349275]
3; 6; 2; 11; 6; 1; 2; 10; 1; 1; [-2891998//765375, 869712//255125, -3241217//765375, -1072906//765375, 10341068//765375, 323287//255125, 4587587//765375, 1211767//765375, 1346374//255125, 1332332//153075, -1817477//51025, 663418//11775, -2381428//153075, 32301//255125, -55200136//765375, 28735289//255125, -1693988//58875, -275902408//765375, -37835877//255125, -4679959//58875, -200077807//765375, 22159236//255125, 161990327//153075, 15131163//51025, -52282842//51025, 63715214//51025, -425171//375, 643970437//765375, -387469714//765375, 165613048//765375, -15970984//765375, -32364261//255125, 126592699//765375, -134805026//765375, 34010268//255125, -1830044//51025, 213364//3925, -8334259//153075, 2238451//51025, -22294231//765375, 3774694//255125, -2728054//765375, -913949//255125, 1720727//255125, -1997141//255125, 4976399//765375, -3711856//765375, 680153//255125]
3; 6; 2; 11; 2; 1; 1; 6; 1; 1; [10873847089//6736065375, -819312424//2245355125, -43237495903//6736065375, -78372244889//6736065375, -9707609846//518158875, -83338709206//6736065375, 69268561066//6736065375, 210329818807//6736065375, 122808617617//2245355125, 69383334458//1347213075, 10525369262//449071025, 2383119156//89814205, 15012183608//449071025, -9279405284//6736065375, 455955502//3316625, 1945477949563//6736065375, 2373705170764//6736065375, 755922939611//2245355125, -38963513466//172719625, -6515049734966//6736065375, -3164762739899//2245355125, -11291298388546//6736065375, -991460999602//1347213075, 354827613646//1347213075, 1196825010//17962841, -325245360281//1347213075, 4267311583//14301625, -1791880106834//6736065375, 1460381377309//6736065375, -242637075446//2245355125, 154354949498//2245355125, -82410393632//6736065375, -485314837928//6736065375, -158819395321//6736065375, -777112187428//6736065375, -2997821128//1347213075, -11291691586//1347213075, 3496134478//269442615, -5851765828//449071025, 23717346621//2245355125, -46675280654//6736065375, 2005759508//518158875, -1405241881//2245355125, -3586423211//6736065375, 9987043358//6736065375, -17977716433//6736065375, 2526917974//6736065375, -17180386393//6736065375]
3; 6; 2; 11; 5; 1; 1; 12; 1; 1; [-434067//663325, 3410344//1989975, 4916051//9949875, 82384481//9949875, 24841712//3316625, 79687631//3316625, 88496027//3316625, 177713443//3316625, 37138438//765375, 62982806//663325, 32340668//663325, 13308437//153075, 23051674//663325, 65381403//663325, 3991012//1989975, 1438206754//9949875, -544787497//3316625, -78980387//765375, -7197238513//9949875, -2025415937//3316625, -3102173443//3316625, -3118574554//9949875, -429230319//663325, 275847813//663325, -126470743//663325, 20470824//663325, 51012127//663325, -77766707//663325, 421090574//3316625, -351827861//3316625, 15814553//255125, -674995439//9949875, -59213851//3316625, -118339394//3316625, -97157454//3316625, -8289561//663325, 624112//153075, 3560809//1989975, -3110369//663325, 57383//10205, -9808208//1989975, 12388044//3316625, -22678468//9949875, 7723402//9949875, -5710339//9949875, -3602266//3316625, -151484//3316625, -9825487//9949875]
3; 6; 2; 11; 3; 1; 1; 9; 1; 1; [475077553//518158875, -283990313//518158875, -160778873//172719625, 593745109//518158875, -13741428//172719625, -16467937//7971675, 294517178//103631775, 328665089//518158875, -221755284//34543925, 20312914//103631775, 126720959//34543925, 81237038//34543925, 311240446//34543925, -9374257118//518158875, 17343491513//518158875, 3767192374//518158875, -2052343523//172719625, 10569711753//172719625, 20743916//660075, -9132636556//103631775, 53734335716//518158875, 20358935302//103631775, -15777893306//103631775, -9710356928//103631775, 7548369278//34543925, -25654614122//103631775, 111793496261//518158875, -2051625414//13286125, 1202664463//13286125, -18079430257//518158875, -1050588028//518158875, 2903680939//103631775, -3941793862//103631775, 18859629943//518158875, -1578481394//103631775, 841589231//103631775, -1142747452//103631775, 1094531276//103631775, -21819022//2657225, 2712435901//518158875, -1279697506//518158875, 216236092//518158875, 451457543//518158875, -729140083//518158875, 53065249//34543925, -136588001//103631775, 483464788//518158875, -29019104//103631775]
3; 6; 2; 11; 6; 1; 2; 8; 1; 1; [521039//255125, -117716//58875, -654538//765375, -761563//765375, -1716334//255125, -2483896//765375, 5285048//765375, 5895541//765375, 2060159//765375, 1039716//51025, 1236038//51025, 2023783//153075, 340963//11775, -40881332//765375, 16767046//255125, -1244969//58875, 78854548//765375, 67334324//255125, -32845414//765375, -106943336//255125, -7817124//19625, -311253779//765375, -262842//325, -8341376//153075, 83846723//153075, -110849201//153075, 523921124//765375, -403424656//765375, 255807844//765375, -38705562//255125, 25936961//765375, 44774633//765375, -88343794//765375, 61542227//765375, -25198089//255125, 2671847//153075, -4709054//153075, 382894//11775, -1383633//51025, 14286394//765375, -7727401//765375, 2431004//765375, 1193809//765375, -2807044//765375, 3444433//765375, -3352639//765375, 1986562//765375, -529999//255125]
3; 6; 2; 11; 6; 1; 1; 6; 1; 1; [41345834047//6736065375, 44463043394//2245355125, 212244253784//6736065375, 86347429758//2245355125, 125655753146//6736065375, -53726815473//2245355125, -531365011622//6736065375, -791703274796//6736065375, -143751063652//1347213075, -36952275617//449071025, -16024536521//269442615, -78093443344//1347213075, -56675105177//449071025, -2603113276927//6736065375, -4663553843432//6736065375, -4978230534104//6736065375, -2410869152329//6736065375, 2147429207788//2245355125, 423376875706//172719625, 24745996324472//6736065375, 23734938423701//6736065375, 2613267716081//1347213075, 1116840080549//1347213075, -12969353125//53888523, -210991147664//1347213075, 465773087594//1347213075, -2794091749531//6736065375, 706706150523//2245355125, -1900464401717//6736065375, 285342454276//2245355125, -24334655911//2245355125, 692141538992//6736065375, 1410156049951//6736065375, 707994291248//6736065375, 2490856990//17962841, -391639948//449071025, 3520070144//269442615, -7969492957//449071025, 144030823//8580975, -90585444856//6736065375, 52307123009//6736065375, -30907174297//6736065375, 2148745343//6736065375, 15129910342//6736065375, -563458006//2245355125, 37421028811//6736065375, 6923647693//6736065375, 103824003//34543925]
3; 6; 2; 11; 4; 1; 1; 5; 2; 1; [67165763//3372965375, -3394367378//30356688375, -1269794498//18214013025, -21904763492//91070065125, 287699356//18214013025, 2257702726//10118896125, -35007246868//91070065125, 16898909927//91070065125, -109550864101//91070065125, -10507582456//6071337675, -14910108919//18214013025, 5093050669//6071337675, 26811693224//18214013025, -2363845577//30356688375, 198059184458//30356688375, 24680861263//6071337675, 740089119137//91070065125, 33108530999//3642802605, 202186066231//91070065125, 707560984576//30356688375, 1095081571058//91070065125, 1183298156587//30356688375, 1415086883137//18214013025, -305320739329//18214013025, -399969274693//18214013025, 732987544979//18214013025, -1301377116121//30356688375, 3308549326087//91070065125, -90439220921//3642802605, 427448230877//30356688375, -73857224492//18214013025, -3915702113//2335129875, 556505779229//91070065125, -493964909956//91070065125, 646298862893//91070065125, -7205061377//18214013025, 9530232178//6071337675, -3936770063//2023779225, 32498850721//18214013025, -121972756283//91070065125, 75124530902//91070065125, -6438763612//18214013025, 775342417//30356688375, 3447990056//18214013025, -23708136007//91070065125, 25283585699//91070065125, -17702192236//91070065125, 1170385556//7005389625]
3; 6; 2; 11; 7; 1; 1; 12; 1; 1; [-795541//255125, -3069526//765375, -1895912//255125, -7128053//765375, -9603836//765375, -13765769//765375, -4187657//255125, -3939471//255125, -4596656//255125, -1794758//51025, -2759643//51025, -5826583//153075, 6335908//153075, 78752426//255125, 108594622//255125, 115912452//255125, 175818823//765375, 101317466//765375, 121899598//255125, 846543671//765375, 468884636//255125, 1310399578//765375, 46963732//51025, -2520838//51025, -72266273//153075, 34725426//51025, -499608236//765375, 419833298//765375, -82966814//255125, 139259719//765375, -23537057//765375, -20695373//765375, 106305418//765375, -2918567//255125, 120254554//765375, -688157//51025, 4298444//153075, -4771472//153075, 1368754//51025, -14354656//765375, 8530523//765375, -892884//255125, -520681//765375, 2744188//765375, -992551//255125, 3736873//765375, -353892//255125, 834358//255125]
3; 6; 2; 11; 4; 1; 1; 2; 1; 1; [174556540778//59436053625, -21145623752//11887210725, 125682527692//59436053625, 122313927154//59436053625, -269979406253//59436053625, -2203189106//59436053625, -13307646551//59436053625, -27093668969//19812017875, -313397186998//59436053625, -6172238244//792480715, 214685516806//11887210725, -234635820787//11887210725, -16118810119//11887210725, -1020110231446//19812017875, 304453412112//3962403575, -6965316969692//59436053625, 1703193088706//59436053625, 9897501570568//59436053625, -11695365541//1524001375, 3814796360056//59436053625, 646326799414//19812017875, 2727761489866//19812017875, -503562935042//2377442145, -2354775611233//3962403575, 3748578846221//3962403575, -11481585705934//11887210725, 46676905348516//59436053625, -417240615127//792480715, 16122694570589//59436053625, -4396257949972//59436053625, -967384010687//19812017875, 2405734869431//19812017875, -2635031808129//19812017875, 2357267864447//19812017875, -1536728783597//19812017875, 30310006699//792480715, -176345129517//3962403575, 156215794174//3962403575, -341998603406//11887210725, 1004141673346//59436053625, -79480211768//11887210725, -892562364//1524001375, 274448598638//59436053625, -352854131626//59436053625, 341459054158//59436053625, -260350102417//59436053625, 168214211731//59436053625, -70587515326//59436053625]
3; 6; 2; 11; 10; 1; 1; 6; 1; 1; [4202791057//2245355125, -2525501356//2245355125, -6414714248//2245355125, -19502524339//2245355125, -6160661414//449071025, -15260477404//2245355125, -2331176461//2245355125, 1468602429//89814205, 63897075163//2245355125, 337398124//34543925, 8926451268//449071025, -374126452//449071025, 1801638972//89814205, -25904583602//2245355125, 286643232926//2245355125, 340997990363//2245355125, 710046366774//2245355125, 22840110117//89814205, -184665855596//2245355125, -737957363079//2245355125, -401626973161//449071025, -1670578622928//2245355125, -76227074918//449071025, -112269607292//449071025, 200403537478//449071025, -42344388493//89814205, 5641936407//14301625, -599441630732//2245355125, 348532873474//2245355125, -5651982256//172719625, -4241749477//449071025, 118239737532//2245355125, -181365574102//2245355125, 8081665099//449071025, -171768896294//2245355125, 7885281413//449071025, -9648241138//449071025, 8795168652//449071025, -1313189322//89814205, 19958927529//2245355125, -8340463392//2245355125, 577962584//2245355125, 5195337897//2245355125, -1206442749//449071025, 6209101302//2245355125, -435357484//172719625, 310622886//449071025, -3034808879//2245355125]
3; 6; 2; 11; 11; 1; 1; 9; 1; 1; [-4287489614//2245355125, -893608972//2245355125, -1058270744//2245355125, -10847085671//2245355125, -6443937822//2245355125, 2114963679//449071025, 8244606736//2245355125, -1443012097//2245355125, 22415888914//2245355125, 6662039562//449071025, 184353381//449071025, 2217796606//449071025, 37470624//2657225, 173636162714//2245355125, -28379109698//2245355125, 44611936864//2245355125, 296678171731//2245355125, -71933214033//2245355125, -495184356//2860325, -316697506286//2245355125, -446465822388//2245355125, -564985310679//2245355125, -23863442028//449071025, 91664773376//449071025, -112800171284//449071025, 103417115231//449071025, -378445371913//2245355125, 234278242056//2245355125, -99874593828//2245355125, 1367057381//172719625, 49931017771//2245355125, -3750995621//89814205, 60239879412//2245355125, -79289848559//2245355125, 12885108373//2245355125, -4890437792//449071025, 4944846174//449071025, -307905612//34543925, 2680067814//449071025, -6744635243//2245355125, 1756093831//2245355125, 1575413402//2245355125, -2909089337//2245355125, 3426197041//2245355125, -665043979//449071025, 1849153932//2245355125, -1578791554//2245355125, -55448592//2245355125]
3; 6; 2; 11; 4; 1; 1; 10; 1; 1; [295224647//9949875, 188818648//9949875, 346318067//9949875, 478842968//9949875, -136912049//9949875, 505956208//9949875, -993427852//9949875, -1115179508//9949875, 108264019//9949875, -193979323//397995, -77377604//663325, -24095368//663325, -254595373//397995, -2429798999//3316625, -1737836626//3316625, -11338122137//9949875, -72252116//3316625, 1570409043//3316625, 9353032712//9949875, 1460909143//255125, 18328262023//9949875, 40211993266//9949875, 1483076418//132665, -4142366569//663325, 326812307//153075, 84284527//132665, -21829207601//9949875, 25698646486//9949875, -7982181902//3316625, 1336985927//765375, -3421387826//3316625, 4834280306//9949875, 2556357716//9949875, -1695864296//9949875, 5335086608//9949875, 65736344//397995, -29071688//1989975, -50472797//663325, 3003866//26533, -1134306361//9949875, 900510731//9949875, -202634817//3316625, 302738671//9949875, -22712056//3316625, -68012749//9949875, 195802951//9949875, -143942311//9949875, 169960568//9949875]
3; 6; 2; 11; 2; 1; 1; 4; 1; 1; [2464669//13435500, -48224389//13435500, -58442273//13435500, -19381891//3358875, -12227591//2239250, 99943759//13435500, 410459//41340, 110331281//13435500, 586777//39750, 4272646//671775, 1098652//44785, 27824402//671775, 44385961//1343550, 252761791//13435500, 1122759539//13435500, 160912082//3358875, 735450203//4478500, 594567053//6717750, -4699005449//13435500, -376415997//895700, -8887294891//13435500, -4330544123//6717750, 258898249//2687100, -65561551//537420, 156629579//1343550, -4353751//50700, 742157333//13435500, -279384113//13435500, 15579691//3358875, 245946707//13435500, -167409997//13435500, 2220122//3358875, -86891111//2687100, -71002402//3358875, -113232332//3358875, 14685641//2687100, -1202887//268710, 2770759//895700, -109913//68900, 6563443//13435500, 805947//2239250, -4250453//6717750, 4057679//4478500, -204383//344500, 204979//1119625, -32972//51675, -3080609//6717750, -2401831//4478500]
3; 6; 2; 11; 8; 1; 1; 9; 1; 1; [-2703067537//2245355125, 305408//449071025, 2093747971//2245355125, 1682331739//2245355125, 5333920096//2245355125, 9003074839//2245355125, 4322308708//449071025, 4601331049//449071025, 42196227068//2245355125, 14959124798//449071025, 2771993013//449071025, -323860802//449071025, 7131313751//449071025, 62469042212//2245355125, -17619854472//449071025, -123495740351//2245355125, -145069330594//2245355125, -361169361961//2245355125, -3790872242//14301625, -173404773112//449071025, -114962950536//449071025, -1169001863028//2245355125, -271666717822//449071025, 153286697948//449071025, -53976629022//449071025, -13884741334//449071025, 257887635696//2245355125, -63192057948//449071025, 21410721129//172719625, -218627142642//2245355125, 112432657292//2245355125, -82187788142//2245355125, -7519366128//449071025, 56464647//34543925, -95137941604//2245355125, -4097678873//449071025, 446532152//449071025, 1771511952//449071025, -2705524761//449071025, 13685374056//2245355125, -34094667//6908785, 7219962782//2245355125, -298305529//172719625, 636569117//2245355125, 362679548//2245355125, -99847762//89814205, 57332056//89814205, -2646110224//2245355125]
3; 6; 2; 11; 4; 1; 1; 8; 1; 1; [22347907//9949875, 4995364//3316625, 180882532//9949875, 213560483//9949875, 93110084//3316625, 98941454//3316625, 20024194//765375, 254215711//9949875, -60217084//9949875, 2522589//663325, -144613624//1989975, -36592548//132665, -13186301//51025, -4582044737//9949875, -1980762464//3316625, -12070934287//9949875, -13957443488//9949875, -6332090064//3316625, -18546628117//9949875, -487749268//255125, -14991802871//9949875, -3608617547//3316625, -5205720308//1989975, -773014354//1989975, 811948069//397995, -1744964573//663325, 8006752313//3316625, -18689970011//9949875, 10895007739//9949875, -5781026219//9949875, -374362256//9949875, 492091533//3316625, -1450695427//3316625, 2809416977//9949875, -1098211126//3316625, 135867373//1989975, -74587157//663325, 3543856//30615, -190231156//1989975, 213369563//3316625, -345911896//9949875, 6748628//765375, 50220026//9949875, -53073912//3316625, 48699708//3316625, -52495227//3316625, 88749217//9949875, -67869133//9949875]
3; 6; 2; 11; 5; 1; 1; 6; 1; 1; [-233780516//89814205, -23376539263//6736065375, -6588586138//2245355125, -41439001642//6736065375, 6982973916//2245355125, 9590265946//2245355125, 7791110047//1347213075, 135551875864//6736065375, 175836677//39858375, 4291677496//269442615, 2053281804//89814205, -19981019//7971675, 21876074633//449071025, 41321659818//449071025, 550479317303//6736065375, 531635918399//6736065375, 176788935334//2245355125, -141724624166//518158875, -1295408684818//6736065375, -130967990121//449071025, -3444521703904//6736065375, 604355853722//6736065375, -138504106094//269442615, -12336755298//89814205, 660760188539//1347213075, -268015104252//449071025, 4709877682//8580975, -904423001452//2245355125, 1685563416022//6736065375, -228932550918//2245355125, -1635839471//172719625, 326870908516//6736065375, -42292314294//449071025, 375244407698//6736065375, -391881265694//6736065375, 1534139318//89814205, -8299172//318867, 35240776916//1347213075, -9458544753//449071025, 1462662662//103631775, -47910323146//6736065375, 12556380922//6736065375, 11789383136//6736065375, -24298766864//6736065375, 23782475036//6736065375, -918046277//269442615, 4020367436//2245355125, -7915147679//6736065375]
3; 6; 2; 11; 6; 1; 1; 4; 1; 1; [-2768191//1119625, -3246947//895700, 2916637//4478500, -913636//223925, -9393108//1119625, 7158101//1119625, 15192487//2239250, -2005792//1119625, 124916219//4478500, 1661081//44785, 1626783//447850, 4148241//895700, 9403674//223925, 499699409//4478500, 59102067//895700, -161842321//2239250, 4155839//35828, 9227587//4478500, -159578443//344500, -176468511//1119625, -389472591//2239250, -2736409967//2239250, -138684529//179140, 25697117//68900, -58708149//895700, -27658351//223925, 485754141//2239250, -194900149//895700, 401233887//2239250, -106883477//895700, 298675111//4478500, -91478581//2239250, -6303299//344500, 85569669//4478500, -193158571//2239250, -715739//89570, -609764//223925, 7557859//895700, -9011751//895700, 20558331//2239250, -5967769//895700, 4442231//1119625, -1414519//895700, -29807//2239250, 1344189//2239250, -6740967//4478500, 1311121//1119625, -357557//172250]
3; 6; 2; 11; 12; 1; 1; 5; 1; 1; [449203346//3372965375, -19639061896//10118896125, -6995756366//10118896125, -47138315084//10118896125, -57831835642//10118896125, -2046212202//674593075, -14464748041//3372965375, -6292617079//10118896125, -31632126908//10118896125, -889550452//674593075, 2623703669//674593075, -6962844376//404755845, 3219350787//674593075, -56659841321//3372965375, 674932894016//10118896125, 77664778707//3372965375, 949932841684//10118896125, 1391151624002//10118896125, -799539713//2023779225, -233920925799//3372965375, -1381243625951//10118896125, -291546832792//10118896125, -63432429917//674593075, -175850451511//674593075, 167989697618//404755845, -286139981138//674593075, 3496035613171//10118896125, -2328013509587//10118896125, 1242354107983//10118896125, -97731792776//3372965375, -186535778254//10118896125, 108158339494//2023779225, -211972381537//3372965375, 460076070502//10118896125, -386076949586//10118896125, 11325939167//674593075, -13191379554//674593075, 2336876051//134918615, -25593000766//2023779225, 25088786277//3372965375, -9842309324//3372965375, -1901328022//10118896125, 21202755217//10118896125, -1986780403//778376625, 5114830462//2023779225, -6776176402//3372965375, 11294384932//10118896125, -2021321507//3372965375]
3; 6; 2; 11; 2; 1; 1; 3; 1; 1; [52331//63375, -6748//4225, 24463//63375, -1153//845, -107804//63375, 91973//21125, -7339//12675, 2091//845, 240079//21125, 648//845, 2179//325, -2359//2535, 57106//12675, -306986//63375, 814384//12675, -744996//21125, 559181//12675, 1361614//63375, -2126148//21125, 140513//12675, -1852336//12675, -11228327//63375, -79498//845, -3435974//12675, 1091183//2535, -5556494//12675, 7545574//21125, -3008678//12675, 2611507//21125, -134713//4225, -40322//1625, 3221198//63375, -776104//12675, 197343//4225, -2917961//63375, 3394//195, -256276//12675, 9076//507, -55112//4225, 162034//21125, -37978//12675, -16544//63375, 26989//12675, -173908//63375, 160028//63375, -25382//12675, 14516//12675, -47041//63375]
3; 6; 2; 11; 7; 1; 1; 6; 1; 1; [-134428439//518158875, -10401728//518158875, 178364479//518158875, -129973424//518158875, 312654052//103631775, -139141436//172719625, -857408453//103631775, -2490493186//518158875, -2031650762//172719625, -1365405116//103631775, -76773754//34543925, -796813139//103631775, -48258908//103631775, -2420913266//518158875, -15138162172//518158875, -5377103729//518158875, -76248407//39858375, -211218121//2657225, 70385991088//518158875, 682050857//2657225, 81033295661//518158875, 196063863946//518158875, 690376738//7971675, -14498237882//103631775, 14780266691//103631775, -12108108758//103631775, 86407492//1100125, -7349945542//172719625, 5647157543//518158875, 1401119559//172719625, -2234205013//103631775, 13605963169//518158875, -599444576//103631775, 3373782496//172719625, 5195591698//518158875, 681184676//103631775, -605939788//103631775, 441967624//103631775, -87102534//34543925, 173944704//172719625, 20119889//518158875, -118190334//172719625, 154881984//172719625, -31776113//34543925, 133705133//172719625, -20445266//103631775, 56761956//172719625, 153108608//518158875]
3; 6; 2; 11; 2; 1; 1; 4; 2; 1; [196351//103350, 653327//206700, 1438759//1033500, -278347//51675, -4414507//516750, -1598811//172250, -1904429//516750, 5471009//1033500, 5839021//1033500, -120951//17225, -1778571//68900, 22133//103350, 11352521//206700, 17504//51675, -9808313//206700, -20743247//516750, 2444153//20670, 23045987//86125, 38403133//86125, 139778729//516750, -248063089//1033500, -716990701//1033500, -9301576//17225, 10699931//103350, 2900628//17225, -60254879//206700, 21316629//68900, -4476301//17225, 181318693//1033500, -1558347//17225, 3609291//86125, 35769833//1033500, -6457109//258375, 33420973//1033500, -23990991//344500, 700397//206700, -400787//34450, 1458257//103350, -878517//68900, 656607//68900, -240043//41340, 1249009//516750, 1877//34450, -44923//39750, 2366753//1033500, -1677971//1033500, 648419//516750, -1588793//1033500]
3; 6; 2; 11; 9; 1; 1; 5; 1; 1; [-52389255329//30356688375, -116007194302//30356688375, -305133606244//30356688375, -16474348957//2023779225, -236304830119//30356688375, -16286871928//3372965375, 141817262317//30356688375, -231577992727//30356688375, -226898473766//30356688375, -4993131089//467025975, 7066501331//6071337675, 48496858394//1214267535, 89795895301//2023779225, 4316415987074//30356688375, 5348442821867//30356688375, 9755184634804//30356688375, 1111828612844//6071337675, 6146227695574//30356688375, 1527475794047//30356688375, -7252693080307//30356688375, 2202814279154//10118896125, 5411852780806//30356688375, 2120399745458//6071337675, 122730404674//674593075, -183419919989//404755845, 3196402334678//6071337675, -1537000968372//3372965375, 1158330587909//3372965375, -5513376910213//30356688375, 517336431746//6071337675, 503698341457//30356688375, -1598084062214//30356688375, 205541953286//3372965375, -583045297408//10118896125, 1817476408693//30356688375, -101419373363//6071337675, 140961908519//6071337675, -27227844542//1214267535, 35733791969//2023779225, -341150554093//30356688375, 171541554211//30356688375, -7550511196//10118896125, -394280476//242853507, 98091469867//30356688375, -95875531819//30356688375, 5729543263//2335129875, -3819114218//2335129875, 3817818627//3372965375]
3; 6; 2; 11; 10; 1; 1; 4; 1; 1; [3988431212//778376625, 5730390186//259458875, 1306953706//778376625, 2681436443//778376625, -285634898//19958375, -99851749427//778376625, -118164230998//778376625, -22239634048//155675325, -68770764487//259458875, -46287439492//155675325, -1074736362//3991675, -42180287638//155675325, -16861824748//51891775, -238453167857//778376625, -228363488608//778376625, 122754271763//259458875, -133240284298//778376625, 80095217134//59875125, 3880927257887//778376625, 90998570592//19958375, 53312968496//10378355, 418400554522//59875125, 503964232253//155675325, -77889006863//155675325, -190538567368//155675325, 303066984451//155675325, -525845712047//259458875, 1272776427761//778376625, -283511653501//259458875, 449838747976//778376625, -80585801629//778376625, 6773772352//59875125, 356630779499//778376625, -2596561013//51891775, 437742507388//778376625, -346958551//11975025, 12246812798//155675325, -4816587929//51891775, 4261924033//51891775, -15728812537//259458875, 27621368071//778376625, -10926527048//778376625, -699692554//778376625, 2742681197//259458875, -6506094284//778376625, 12376472384//778376625, -763215398//155675325, 9244245518//778376625]
3; 6; 2; 11; 6; 1; 1; 3; 1; 1; [43561//63375, -226021//545025, 9345962//2725125, -464674//545025, 1500632//908375, -121397//209625, -547478//545025, -2998427//2725125, 1510207//908375, -3934397//181675, -386//1677, 771538//181675, -13764934//545025, -12450878//2725125, -20948477//545025, -81274494//908375, 31465948//545025, -122106676//2725125, 109099132//908375, 27072638//181675, 167591429//908375, 394298549//2725125, 146705008//181675, -58886956//109005, 151973704//545025, -39972979//545025, -169042664//2725125, 13713274//109005, -394564891//2725125, 22427532//181675, -79618091//908375, 146728973//2725125, -230362//21801, 11523601//2725125, 20276084//908375, 718957//41925, -729583//109005, -379514//545025, 878248//181675, -17228519//2725125, 3214286//545025, -12590986//2725125, 1579633//545025, -3665918//2725125, 234461//908375, 121856//181675, -1867934//2725125, 885944//908375]
3; 6; 2; 11; 6; 1; 1; 4; 2; 1; [-2819967//447850, -2166193//4478500, 12762057//2239250, 43357//13250, 12583139//2239250, 689447//42250, -45534559//4478500, -49814513//2239250, 61769477//2239250, 2949956//223925, -16153497//447850, -9247607//447850, -27329721//447850, 7021731//44785, -201057357//4478500, -4317617//86125, -161557991//4478500, -2325876143//4478500, -1364346491//2239250, 2954374019//4478500, 856992694//1119625, -21072787//2239250, 235767056//223925, 202986483//447850, -278101901//223925, 1300327833//895700, -21743039//16900, 1057968461//1119625, -629768533//1119625, 18952199//84500, -49686539//4478500, -197071614//1119625, 255487033//1119625, -172157698//1119625, 162760487//1119625, -40182219//895700, 28671397//447850, -28063843//447850, 22173651//447850, -2213573//68900, 71023409//4478500, -7444781//2239250, -10563729//2239250, 35615301//4478500, -21108983//2239250, 8981408//1119625, -10083031//2239250, 3137192//1119625]
3; 6; 2; 11; 3; 1; 1; 7; 1; 1; [2228977001//2090239125, -1342029043//2090239125, -4670077709//2090239125, 1143979363//2090239125, 250176406//139349275, -1225096589//418047825, -8264457391//2090239125, 991386641//2090239125, 1921115071//696746375, 1385610164//418047825, -709125224//139349275, 3029206913//418047825, 8690931328//418047825, -93970214381//2090239125, 985929627//53595875, 5099530116//53595875, -17846242363//2090239125, -31498677538//418047825, 35715045097//418047825, 188693087771//2090239125, -51585960391//2090239125, -106841140838//2090239125, -92504728351//418047825, -21593029667//418047825, 2145108787//10719175, -102792583817//418047825, 467741453287//2090239125, -117440480007//696746375, 75088292904//696746375, -94689581429//2090239125, -539803079//418047825, 2258562587//83609565, -20336422789//696746375, 419822096//13313625, -58967032004//2090239125, 2873565821//418047825, -1490876526//139349275, 1508706829//139349275, -1220335751//139349275, 12187372817//2090239125, -2101765517//696746375, 1823878402//2090239125, 105757012//160787625, -201341203//139349275, 668315429//418047825, -859743324//696746375, 146123234//160787625, -1191734344//2090239125]
3; 6; 2; 11; 10; 1; 1; 3; 1; 1; [-181812//908375, -349809//908375, -39176//69875, -103431//181675, -547362//908375, 616958//908375, 687//2795, 4593413//908375, -865428//908375, 86588//181675, -5868//1075, -671819//181675, 229069//36335, 7577442//908375, 2087903//69875, 25109493//908375, 4024074//181675, 10407942//908375, -6508988//908375, -2029829//181675, -155439383//908375, 10535423//908375, -46188832//181675, 31168818//181675, -16434139//181675, 928731//36335, 16176026//908375, -34029248//908375, 40772684//908375, -6700704//181675, 1932102//69875, -14441669//908375, 963926//181675, -6141299//908375, -3838381//908375, -77001//13975, 403482//181675, 20804//181675, -52683//36335, 10504//5375, -1658613//908375, 1323464//908375, -32373//36335, 397476//908375, -63749//908375, -30751//181675, 101826//908375, -231756//908375]
3; 6; 2; 11; 6; 1; 2; 9; 1; 1; [1262693591//518158875, 47989371//34543925, 993901471//518158875, 84498348//13286125, 987265532//172719625, 177632257//518158875, -1184448352//518158875, -3517104956//518158875, -12390852484//518158875, -2963185688//103631775, -86012091//6908785, -2628952276//103631775, -120928047//2657225, -50539047011//518158875, -721265223//34543925, -14715169932//172719625, -31881993669//172719625, -13047426016//518158875, 128748023//1100125, 105786068872//518158875, 82774779342//172719625, 148951262328//172719625, 52924909147//103631775, -8018237011//20726355, 24510640424//103631775, -11076067988//103631775, 471734884//172719625, 1036675063//20726355, -13574573356//172719625, 33957392489//518158875, -31138438588//518158875, 7603147703//172719625, -5257377389//518158875, 13515347393//518158875, 22947143072//518158875, 1389948158//103631775, -48541732//6908785, 5025479//2657225, 47871136//34543925, -547021996//172719625, 354986867//103631775, -1580768948//518158875, 1019082349//518158875, -639778403//518158875, 282930269//518158875, 135188356//518158875, 15794008//518158875, 209269139//172719625]
3; 6; 2; 11; 10; 1; 1; 4; 2; 1; [2062772394//259458875, 28659424629//3372965375, 6484868214//259458875, 61693462617//3372965375, 24259585672//674593075, 145452607984//3372965375, 138380423273//3372965375, 66316280519//674593075, 74113890733//674593075, 97049507824//674593075, 99299785731//674593075, 30289612816//674593075, 130779466892//674593075, -1030639207612//3372965375, -1696931468409//3372965375, -2848105705802//3372965375, -958489166447//3372965375, -500188835026//674593075, -2056477512104//3372965375, -3824800714623//3372965375, -2050285461934//674593075, -2200353351432//674593075, -2915018971406//674593075, -368310635794//674593075, 2212945187976//674593075, -2840363757268//674593075, 13240890488959//3372965375, -10214503041112//3372965375, 476488435648//259458875, -2913831137491//3372965375, 7589313357//134918615, 1153688531833//3372965375, -2076316436684//3372965375, 289325361103//674593075, -408093479648//674593075, 72960872116//674593075, -121742815336//674593075, 126422975334//674593075, -104189219382//674593075, 354350022179//3372965375, -190568124172//3372965375, 53192801604//3372965375, 31961443209//3372965375, -15968284992//674593075, 86810108003//3372965375, -80810446074//3372965375, 9437355328//674593075, -1674602443//134918615]
3; 6; 2; 11; 9; 1; 1; 5; 2; 1; [1109549813//2023779225, 23423562836//30356688375, 17055487751//6071337675, 2105026712//2023779225, 10428274182//3372965375, 90310992892//30356688375, 89190752306//30356688375, 467966552012//30356688375, 412150840649//30356688375, 119381231126//6071337675, 5098181657//404755845, -50892643448//6071337675, 871514922//674593075, -251312147743//6071337675, -77962671414//3372965375, -103703343358//2023779225, 3474662876//6071337675, -2818733692798//30356688375, -3966785416637//30356688375, -585848104944//3372965375, -12138407571572//30356688375, -7437108166529//30356688375, -1589755798409//6071337675, -12457892747//242853507, 1360112902192//6071337675, -189285538288//674593075, 519068063518//2023779225, -5946070082003//30356688375, 237711651308//2023779225, -320120435156//6071337675, -21599100314//30356688375, 46394623738//2335129875, -1384692405913//30356688375, 581988483469//30356688375, -1239892988647//30356688375, 46377825139//6071337675, -14697888904//1214267535, 24983056511//2023779225, -61136522533//6071337675, 40913742052//6071337675, -35954368051//10118896125, 123558472//134918615, 97584491//134918615, -49714772909//30356688375, 49379468474//30356688375, -50114293763//30356688375, 22140867754//30356688375, -212971996//259458875]
3; 6; 2; 11; 5; 1; 1; 4; 1; 1; [319213//39750, 115821//34450, -154093//20670, -142238//19875, -2685718//258375, -29324149//1033500, -2703941//258375, 1611009//172250, -14547669//344500, -3116593//51675, 9999//2650, 855873//34450, 9126419//206700, -239105813//1033500, -626627//34450, 14872777//103350, 163158641//1033500, 757180657//1033500, 395320283//344500, -8296683//86125, -194341481//258375, 234784307//1033500, -68680567//206700, -142729253//206700, 118748729//103350, -122635093//103350, 500742973//516750, -137893009//206700, 74507989//206700, -99317627//1033500, -30328289//1033500, 102605621//516750, -176734723//1033500, 8873821//79500, -97824619//1033500, 364297//7950, -2816458//51675, 10100807//206700, -1238709//34450, 10999403//516750, -1832617//206700, -1642//17225, 443371//79500, -3505537//516750, 160631//19875, -966943//172250, 747917//258375, -385171//258375]
3; 6; 2; 11; 12; 1; 1; 5; 2; 1; [-770133447//3372965375, 447865208//2023779225, 18197928308//10118896125, 35888320784//10118896125, 41258528732//10118896125, 23855590979//3372965375, 10089418934//10118896125, -16701168334//2023779225, -109051917202//10118896125, -25896345344//2023779225, -1061569029//134918615, 202690913//404755845, -4830524891//674593075, 13068223396//10118896125, -5993635936//155675325, -289217090306//3372965375, -1119493059254//10118896125, -316528056504//3372965375, -166438073444//3372965375, 676430134412//3372965375, 677524100842//2023779225, 3088935168322//10118896125, 444408321926//2023779225, -9339789132//134918615, -1010464009//31135065, 57100647939//674593075, -999279588967//10118896125, 173558049526//2023779225, -684917696824//10118896125, 329180036758//10118896125, -14945749622//778376625, -11285045947//3372965375, 195162215798//10118896125, 135620818//80951169, 269141486036//10118896125, 247611224//2023779225, 83301780//26983723, -588457386//134918615, 8577148283//2023779225, -33835083547//10118896125, 1440086677//674593075, -881766338//778376625, 1154009978//10118896125, 2490002614//10118896125, -2076032537//3372965375, 7845412363//10118896125, -440745746//2023779225, 2050844752//3372965375]
3; 6; 2; 11; 12; 1; 1; 2; 1; 1; [8409533124//19812017875, 18716789622//19812017875, 14287956024//19812017875, 5049858023//19812017875, -7046561256//19812017875, 15893887744//19812017875, -18632951003//19812017875, -80859546402//19812017875, -38792425892//19812017875, -545469008//304800275, -14380585833//3962403575, -23059974248//3962403575, -21377789666//3962403575, -345058251584//19812017875, -610206337982//19812017875, -289983779534//19812017875, 426619078322//19812017875, 783797080431//19812017875, -181512235904//19812017875, 1182855668263//19812017875, 2700690925897//19812017875, 1543242262012//19812017875, 207933171436//3962403575, -221168574548//3962403575, 183413547272//3962403575, -128367106436//3962403575, 330965731598//19812017875, -137754707136//19812017875, -61940696952//19812017875, 150816528586//19812017875, -118283919277//19812017875, 128371950638//19812017875, -46301959016//19812017875, 181398778086//19812017875, 46220834756//19812017875, 9138743144//3962403575, -6848898272//3962403575, 4137806548//3962403575, -1805931414//3962403575, 12731398//19812017875, 4242952849//19812017875, -7025014652//19812017875, 6982493231//19812017875, -4561159747//19812017875, 3244752138//19812017875, -661269121//19812017875, 2649301456//19812017875, 1817974576//19812017875]
3; 6; 2; 11; 9; 1; 1; 2; 1; 1; [-7988675379//19812017875, -4387223012//19812017875, -46605466//792480715, -11998896368//19812017875, 162086442//304800275, 6971188758//19812017875, 21363070189//19812017875, 31461925619//19812017875, 46240406596//19812017875, 22860164168//3962403575, 3953264646//3962403575, 14179915706//3962403575, 640085785//158496143, 229826893839//19812017875, 138989543002//19812017875, -4310428557//304800275, 39365071451//1524001375, -140593466191//3962403575, -779812650543//19812017875, 11093313711//19812017875, -1807255796309//19812017875, -73831164882//1524001375, -488677809247//3962403575, 17590132041//3962403575, 20069124632//304800275, -73962646191//792480715, 1820511816167//19812017875, -1424633826939//19812017875, 183574490309//3962403575, -434599317211//19812017875, 12352696647//3962403575, 100872865476//19812017875, -242495485587//19812017875, 175522775258//19812017875, -258894697088//19812017875, 7603635147//3962403575, -15408912466//3962403575, 16952144269//3962403575, -2899312308//792480715, 51486114217//19812017875, -28781461034//19812017875, 2000157836//3962403575, 3038348289//19812017875, -2029771648//3962403575, 11046957906//19812017875, -10667741932//19812017875, 6439894018//19812017875, -5678224603//19812017875]
3; 6; 2; 11; 7; 1; 1; 4; 1; 1; [72063689383//10118896125, 22176475039//3372965375, 8676273198//674593075, 17806860082//2023779225, -63951819944//10118896125, 120214535954//10118896125, 1413032289//134918615, 161604835033//10118896125, 482302154146//10118896125, 917764342//155675325, 14148791171//674593075, -25696550186//2023779225, -39023548077//674593075, -1760476966993//10118896125, -304699173679//3372965375, -655413598403//2023779225, 80111419471//2023779225, 3510054218144//10118896125, -2249148907519//10118896125, 29349144117//674593075, -6812038120178//10118896125, -2597124998277//3372965375, 1439946257401//2023779225, -1585571367427//2023779225, 453827875998//674593075, -970565405626//2023779225, 882566061317//3372965375, -1016101182181//10118896125, -25511530937//674593075, 60545903569//674593075, -937780034398//10118896125, 900051739978//10118896125, -146199298579//2023779225, 11479003832//778376625, -551540441753//10118896125, 66893679739//2023779225, -51196680848//2023779225, 10696909227//674593075, -4940561658//674593075, 2398936877//3372965375, 29910514574//10118896125, -10072686218//2023779225, 3225357557//674593075, -35914962103//10118896125, 8022982246//3372965375, -2605901276//2023779225, -2356642684//10118896125, -1228786821//3372965375]
3; 6; 2; 11; 3; 1; 1; 12; 1; 1; [121378//153075, 257944//153075, 560446//153075, 26222//11775, 236926//58875, 620654//765375, 319238//58875, 6590686//765375, 3005159//153075, 3211808//153075, 324717//51025, -434318//153075, -1863701//153075, -1803236//153075, 218498//51025, 226438//153075, 612536//30615, -21545371//255125, -65957924//765375, -37366348//255125, -93034241//765375, -18280048//153075, -19393042//153075, 30978176//153075, -2424116//11775, 25567979//153075, -17318872//153075, 9004496//153075, -2410594//153075, -573934//51025, 16976471//765375, -25156252//765375, 14059648//765375, -17855518//765375, 722134//153075, -1449923//153075, 1285994//153075, -312204//51025, 182907//51025, -16922//11775, -3299//30615, 3862//3925, -195854//153075, 294027//255125, -778282//765375, 119876//255125, -291238//765375, -257//3925]
3; 6; 2; 11; 11; 1; 1; 7; 1; 1; [14268993549//9057702875, 6702783811//1811540575, 24601138761//9057702875, 3279619379//9057702875, 5780924978//1811540575, 13690417498//1811540575, -34222749358//9057702875, -208506540583//9057702875, -258336690858//9057702875, -25638896488//1811540575, -29766780624//1811540575, -103789133832//1811540575, -74312155838//1811540575, -278909797544//9057702875, -195080030597//1811540575, -902041190676//9057702875, 740256854556//9057702875, 210742683198//1811540575, -144045803934//1811540575, 1389267378568//9057702875, 608536741016//696746375, 11607969212513//9057702875, 1094507487002//1811540575, -46583181968//139349275, 195852612378//1811540575, 69776815747//1811540575, -1101376688762//9057702875, 250238953886//1811540575, -92511228431//696746375, 890185739678//9057702875, -92816916288//1811540575, 7142813383//362308115, 67549240324//9057702875, 1461421227//57692375, 702005943869//9057702875, 15820801523//1811540575, -1061351586//1811540575, -7853750128//1811540575, 11292076008//1811540575, -56321983192//9057702875, 8773028928//1811540575, -30106623178//9057702875, 15301636263//9057702875, -95312918//362308115, -918459953//1811540575, 8597150194//9057702875, -1192130946//9057702875, 16631552324//9057702875]
3; 6; 2; 11; 12; 1; 1; 10; 1; 1; [13470841//3316625, 7653791//3316625, 7175583//3316625, 37634559//3316625, -19434274//3316625, -11518458//3316625, 4904609//663325, -49564889//3316625, -10826311//3316625, -18664734//663325, 9177192//663325, -24258343//663325, -18571341//663325, -256106911//3316625, -110502001//3316625, -288674688//3316625, -760040319//3316625, 980380044//3316625, 1203526993//3316625, -7714791//51025, 3211510849//3316625, -154715084//3316625, -296523//51025, -128057473//663325, 178573377//663325, -175058941//663325, 4287161//21125, -447392263//3316625, 201963806//3316625, -75386357//3316625, -23774388//3316625, 13286373//255125, -29367991//663325, 248715172//3316625, -77883882//3316625, 7494334//663325, -8166222//663325, 6938393//663325, -4906704//663325, 1033999//255125, -4812923//3316625, -1645274//3316625, 4026518//3316625, -4826833//3316625, 6156869//3316625, -848533//663325, 5046622//3316625, -1106662//3316625]
3; 6; 2; 11; 5; 1; 1; 3; 1; 1; [-205199//181675, -807042//908375, -7632514//2725125, -1433941//908375, 2191846//2725125, -104542//181675, -2053449//908375, 504733//545025, 2516479//209625, 1566168//181675, 23//845, 104191//13975, 2408918//181675, 33152602//545025, 165211556//2725125, 199124894//2725125, 69168538//2725125, 354611//69875, -14342208//181675, -41531891//908375, -39520184//181675, -1428456362//2725125, -49955382//181675, 31373704//109005, -43303317//181675, 89400449//545025, -15436323//181675, 26641396//908375, 47520742//2725125, -92238376//2725125, 8488739//209625, -21264142//545025, 64397506//2725125, -13550053//545025, -1133632//63375, -6467399//545025, 24606//2795, -67058//12675, 406012//181675, 679//13975, -3364717//2725125, 1676934//908375, -1545397//908375, 1230609//908375, -510712//545025, 1038956//2725125, -5726//21801, -531797//908375]
3; 6; 2; 11; 5; 1; 1; 4; 2; 1; [-636342//223925, -4514511//1119625, -1917042//1119625, 892571//172250, 8252403//447850, 86641733//4478500, 4308557//447850, 37737861//4478500, -28695179//4478500, 556358//44785, 51345579//895700, 491425//35828, -13324996//223925, 1786147//447850, 70280177//2239250, 56688867//1119625, -315779603//2239250, -245366703//447850, -711608132//1119625, -26962017//44785, -438181451//4478500, 1383293811//1119625, 71054251//89570, -72242234//223925, -1667587//179140, 179057461//895700, -49198327//179140, 295991328//1119625, -226454339//1119625, 139063918//1119625, -19461662//223925, -83614209//4478500, -1177817//223925, -182775053//4478500, 209464361//2239250, 891253//179140, 2836453//447850, -1036703//89570, 425289//34450, -9347137//895700, 32628187//4478500, -8838533//2239250, 2666231//2239250, 14711//447850, -8952459//4478500, 542117//447850, -3643739//2239250, 9811387//4478500]
3; 6; 2; 11; 9; 1; 1; 10; 1; 1; [29264042//3316625, -17725113//3316625, 41775772//3316625, 12887682//3316625, -2608946//663325, 30316006//3316625, -18946923//663325, 32444418//3316625, -148710633//3316625, -31010118//663325, 3699612//132665, -53550158//663325, -1304614//51025, -75957639//255125, 917327783//3316625, -1555940552//3316625, 239124708//3316625, 304893262//663325, -1413721481//3316625, 988275009//663325, -1359309123//3316625, 4749818578//3316625, 854153427//663325, -412522023//132665, 2358390692//663325, -2071995147//663325, 47405832//21125, -4313957201//3316625, 1613446369//3316625, 207933234//3316625, -236360951//663325, 1553758377//3316625, -51609969//132665, 1095831951//3316625, -508392416//3316625, 104730918//663325, -20160542//132665, 6057221//51025, -50584503//663325, 120560394//3316625, -20519076//3316625, -42327206//3316625, 69349869//3316625, -14130153//663325, 58284997//3316625, -7277337//663325, 20529246//3316625, -2397666//3316625]
3; 6; 2; 11; 8; 1; 1; 7; 1; 1; [2959369383//1811540575, -2266030996//1811540575, -14212076873//9057702875, -2143634733//9057702875, 2007947778//1811540575, 27695128709//9057702875, -22246095427//9057702875, -44245377299//9057702875, 120499754634//9057702875, 4439311176//362308115, -9064800087//1811540575, 555886242//72461623, 3942598603//139349275, -92161091547//1811540575, 74434621026//1811540575, 154023726828//9057702875, 530613458788//9057702875, 46311447281//1811540575, -1927116616809//9057702875, -546365593853//9057702875, 2098502060009//9057702875, -2567713675874//9057702875, -220908640359//362308115, -60549744267//1811540575, 145177568096//362308115, -967159722111//1811540575, 917285846302//1811540575, -54597733639//139349275, 2269666600364//9057702875, -1038919231106//9057702875, 6744516903//362308115, 310935878678//9057702875, -668059037539//9057702875, 4807536836//57692375, -656441935112//9057702875, 4582560159//362308115, -41050222418//1811540575, 670096641//27869855, -36427259034//1811540575, 5028647404//362308115, -13687441822//1811540575, 22119039194//9057702875, 9929527174//9057702875, -5138822428//1811540575, 28707215958//9057702875, -27466707594//9057702875, 21560455602//9057702875, -13892676477//9057702875]
3; 6; 2; 11; 12; 1; 1; 8; 1; 1; [3204653//3316625, 8033054//3316625, 21034458//3316625, 36312017//3316625, 2854578//132665, 17520362//663325, 55074592//3316625, 45576254//3316625, 80759946//3316625, 20132118//663325, 580809//51025, -3810619//663325, -2936897//663325, -59100583//3316625, -227866144//3316625, -643305718//3316625, -1144516167//3316625, -419910173//663325, -286649767//663325, 161416638//3316625, 660444966//3316625, 357522099//3316625, 273789//4225, -36253873//663325, 26078401//663325, -15235507//663325, 25680321//3316625, -5751697//3316625, -51966699//3316625, -22939361//3316625, -24396133//663325, -8933221//663325, -5352431//3316625, 35484613//3316625, 15608127//3316625, 107914//51025, -874922//663325, 412649//663325, -66648//663325, -813909//3316625, 1048663//3316625, -1828894//3316625, 70504//3316625, -501012//663325, -170561//663325, 29824//3316625, 491378//3316625, 461407//3316625]
3; 6; 2; 11; 7; 1; 1; 3; 1; 1; [3829//69875, 10637//69875, -4756//69875, -54863//209625, -177076//209625, -66208//16125, -1389893//209625, -1073393//209625, -545803//209625, -5196//1075, -3717//559, 26963//41925, -38888//8385, -1221279//69875, -685937//69875, 3511288//209625, 6093803//209625, 3161337//69875, 26124799//209625, 36524963//209625, 20365148//209625, -488338//5375, -1200783//13975, 160947//2795, -29609//975, 23122//2795, 82433//16125, -946571//69875, 3243989//209625, -2401381//209625, 2346143//209625, 84727//209625, 2065189//209625, 331558//69875, -1198186//209625, -25992//13975, 2076//2795, 1747//41925, -277//559, 134569//209625, -44206//69875, 104264//209625, -1514//5375, 38278//209625, 17857//209625, 6638//69875, 35704//209625, -34976//209625]
3; 6; 2; 11; 11; 1; 1; 12; 1; 1; [96334//663325, -3798788//3316625, -185473//663325, 26497//663325, 3160254//3316625, 8804288//3316625, -13568938//3316625, -49325568//3316625, -21355628//3316625, 229070//26533, 36622419//663325, 40961243//663325, 2091717//132665, -71949719//663325, -429781042//3316625, -59986504//663325, 114260407//663325, 877098686//3316625, 456598257//3316625, -837693212//3316625, -2096911282//3316625, -14642543//19625, -5376055//26533, -74518621//663325, 185549783//663325, -8387617//26533, 181119553//663325, -52765877//255125, 74823582//663325, -24802767//663325, 22146883//3316625, 132028641//3316625, -181938771//3316625, 39891719//3316625, -215065771//3316625, 271612//26533, -9294334//663325, 9009737//663325, -107766//10205, 4440023//663325, -11172726//3316625, 25222//51025, 12732//10205, -5407167//3316625, 6794761//3316625, -6010606//3316625, 140518//255125, -4042491//3316625]
3; 6; 2; 11; 9; 1; 1; 8; 1; 1; [1203//1625, 90393//21125, 149966//21125, 7873//845, 331478//21125, 29891//1625, 402906//21125, 381944//21125, 200611//21125, -46424//4225, -139728//4225, -271158//4225, -395168//4225, -3363884//21125, -7741223//21125, -9391871//21125, -2293643//4225, -17096228//21125, -15412068//21125, -14120176//21125, -17667004//21125, -14618866//21125, 555616//4225, 251782//4225, -693588//4225, 775777//4225, -3669907//21125, 2216376//21125, -149066//1625, 16847//4225, -56348//1625, -1107224//21125, -98118//21125, -1313362//21125, -266568//21125, -24811//4225, 34898//4225, -34342//4225, 26568//4225, -90137//21125, 36121//21125, -16528//21125, -4567//4225, 8386//21125, -37444//21125, 8192//21125, -29062//21125, -4913//21125]
3; 6; 2; 11; 7; 1; 1; 4; 2; 1; [214741949//778376625, -408027586//778376625, -355111018//778376625, 722904268//155675325, 1523081862//259458875, -9321936017//778376625, -5753778322//778376625, 27383937//19958375, -2389406064//259458875, 1983842206//155675325, 11519488//3991675, -2236004581//155675325, 1316792392//155675325, -30636750454//778376625, 2203721612//59875125, 18589348071//259458875, -5971296437//51891775, -22831962427//259458875, 240043835072//778376625, 96755503022//778376625, 285009811067//778376625, 192432692857//778376625, -139189483304//155675325, 19245207272//155675325, 54152704339//155675325, -86239295113//155675325, 146218648501//259458875, -357545697892//778376625, 81317253088//259458875, -26005523137//155675325, 31149096742//778376625, 12196042147//259458875, -3931187698//59875125, 74829262841//778376625, -44810497499//778376625, 102326818//11975025, -3486192722//155675325, 4055103446//155675325, -1197576214//51891775, 335377387//19958375, -7691043602//778376625, 3122205764//778376625, 29165774//155675325, -2152058423//778376625, 991747697//259458875, -2537619989//778376625, 2263760206//778376625, -1111934894//778376625]
3; 6; 2; 11; 4; 1; 1; 9; 1; 1; [148538365757//6736065375, -4196679712//518158875, 15156461036//6736065375, 221335433924//6736065375, -25817412358//2245355125, -399333155243//6736065375, 40707267134//2245355125, -30858826042//2245355125, -85244713958//449071025, -810325111//17962841, 51928294961//449071025, -99102720718//449071025, -181159493354//1347213075, -4090952986547//6736065375, 1322820244807//2245355125, -2946876976531//6736065375, -4403040295724//6736065375, 3229842312088//2245355125, 9539739658468//6736065375, -2329869608874//2245355125, 14546259769601//6736065375, 2272615344836//449071025, -4774818801//1381757, -1498186581434//449071025, 2974170335772//449071025, -9769407485204//1347213075, 41459813921879//6736065375, -29152680028462//6736065375, 16305453411367//6736065375, -5932486499092//6736065375, -389262035056//2245355125, 1995504037523//2245355125, -7075380725236//6736065375, 2264550905111//2245355125, -201737675458//449071025, 4572028853//17962841, -146515924651//449071025, 136500344478//449071025, -312297202301//1347213075, 968194877249//6736065375, -145331974904//2245355125, 41726873852//6736065375, 190108515313//6736065375, -95303911501//2245355125, 100996798728//2245355125, -81148703252//2245355125, 56696454521//2245355125, -3420074389//449071025]
3; 6; 2; 11; 8; 1; 1; 12; 1; 1; [30544//21125, 70923//21125, 133026//21125, 222134//21125, 423996//21125, 92126//4225, 381217//21125, 38163//4225, -492508//21125, -10308//325, -65193//4225, -8867//845, 16479//4225, -2894534//21125, -7270483//21125, -10794226//21125, -12003694//21125, -11134771//21125, -144062//845, -3819427//21125, -274862//845, -738957//21125, -1196964//4225, -679268//4225, 325227//845, -1861316//4225, 8035283//21125, -6232294//21125, 2943842//21125, -1870082//21125, -661468//21125, 164713//4225, -1449546//21125, 176529//4225, -72727//1625, 60044//4225, -82692//4225, 15894//845, -62109//4225, 196843//21125, -101864//21125, 7512//21125, 22118//21125, -64073//21125, 10731//4225, -50186//21125, 5228//4225, -1362//1625]
3; 6; 2; 11; 3; 1; 1; 6; 1; 1; [52095952//172719625, 261524554//518158875, 740785138//518158875, 46525733//103631775, -52349438//103631775, -463520986//172719625, -653978521//103631775, -1575519467//518158875, -596501742//172719625, -150055168//103631775, 120027101//34543925, -615718807//103631775, -449347286//103631775, -10942724801//518158875, -2808487268//172719625, -2069783483//518158875, 101060329//1594335, 420985234//4145271, 96846354743//518158875, 6638628921//34543925, 4257668939//172719625, -10588615279//518158875, -15797275333//103631775, -8397182777//103631775, 20793220573//103631775, -23969472101//103631775, 668051476//3300375, -5906551189//39858375, 44521810751//518158875, -1062296867//34543925, 120304541//103631775, 5657085508//172719625, -475178131//20726355, 15974754086//518158875, -12277787047//518158875, 765373763//103631775, -1060588058//103631775, 341389619//34543925, -267803643//34543925, 2575970642//518158875, -1256005927//518158875, 75458192//172719625, 29147616//34543925, -130847003//103631775, 813384394//518158875, -34715533//34543925, 425734546//518158875, -231554857//518158875]
3; 6; 2; 11; 6; 1; 2; 7; 1; 1; [5387089576//2090239125, 9257657158//2090239125, 4508147092//2090239125, 2554171//696746375, 10761706934//2090239125, 4359368264//696746375, -1172027687//139349275, -6798739993//418047825, -28595019841//2090239125, -1688039526//139349275, -485975797//27869855, -19142248253//418047825, -3131589781//418047825, -54346038297//696746375, -108719046516//696746375, -44950149904//696746375, 201552687547//2090239125, 60935926226//2090239125, -6604336949//696746375, 100997151071//418047825, 255418306879//418047825, 1710348903841//2090239125, 24765680519//139349275, -781385523//2143835, 55471229549//139349275, -47838622267//139349275, 38438803379//160787625, -300759798329//2090239125, 95471904419//2090239125, 34510209781//2090239125, -91397675137//2090239125, 38241346653//696746375, -16517252267//418047825, 11617256//177515, 754814827//53595875, 2504268216//139349275, -1409515742//83609565, 5369915693//418047825, -1124382608//139349275, 7560457477//2090239125, -1155962039//2090239125, -3371617726//2090239125, 5191081396//2090239125, -1669419909//696746375, 1358444753//696746375, -459603437//418047825, 499066718//418047825, 1102287358//2090239125]
3; 6; 2; 11; 2; 1; 1; 5; 1; 1; [-228996419//2023779225, -597568801//18214013025, 885426574//30356688375, 1519883146//91070065125, 1756333628//10118896125, 4412920133//30356688375, 9693800221//91070065125, 3967979339//30356688375, 1545340198//30356688375, -7478483092//6071337675, -36833907121//18214013025, -28144995487//18214013025, -21948910309//6071337675, 1224266726//3642802605, -48820639487//18214013025, -412865304637//91070065125, 314492201479//91070065125, 577675821613//91070065125, 76000664392//7005389625, 442627702853//30356688375, 1893774937013//91070065125, 229999541947//30356688375, 5139655696//2023779225, 25085165054//18214013025, -21923665489//6071337675, 23601167321//6071337675, -64448634928//18214013025, 8917449784//3642802605, -154805848966//91070065125, 22286259319//30356688375, 32311785824//91070065125, 1874905226//30356688375, 110683791862//91070065125, 38422956019//91070065125, 2496715079//3372965375, -800516458//6071337675, 3242837426//18214013025, -3174939718//18214013025, 267342523//2023779225, -1574975746//18214013025, 717060991//18214013025, -339297932//30356688375, -77933096//7005389625, 2653793309//91070065125, -52069266//3372965375, 2992489022//91070065125, 38577086//10118896125, 422226956//30356688375]
3; 6; 2; 11; 11; 1; 1; 6; 1; 1; [-96615758//89814205, 3589830498//2245355125, 4179376088//2245355125, 30103579723//2245355125, 28741743768//2245355125, 14342254097//2245355125, -20223128372//2245355125, -109199101152//2245355125, -130382041716//2245355125, -5910816286//89814205, -25697902554//449071025, 16314089//17962841, -21127132307//449071025, -844549454//89814205, -259785061778//2245355125, -365161117708//2245355125, -70444196591//172719625, -7640862536//172719625, 710525168048//2245355125, 2469274185522//2245355125, 351610179754//172719625, 3487050619961//2245355125, 127368649754//89814205, 64119960496//449071025, -92196025313//89814205, 599561669518//449071025, -143729411//114413, 2149650376836//2245355125, -1372452352224//2245355125, 581152805481//2245355125, -79472873869//2245355125, -225631034581//2245355125, 512365340126//2245355125, -197862134784//2245355125, 486332650523//2245355125, -3003054599//89814205, 25590828424//449071025, -5353144974//89814205, 22176664017//449071025, -607909219//17962841, 40547020081//2245355125, -12656479424//2245355125, -7361292639//2245355125, 16192737216//2245355125, -18118006181//2245355125, 1429721847//172719625, -8040346424//2245355125, 9958156838//2245355125]
3; 6; 2; 11; 6; 1; 1; 5; 1; 1; [-5905106266//30356688375, 1431828941//3372965375, -2093576858//3372965375, 1072560907//2335129875, 766985306//2023779225, -14776072627//10118896125, 43470294311//30356688375, -90160801417//30356688375, -13735979141//30356688375, -244253732//6071337675, -5626169843//1214267535, 7295395349//1214267535, -29159337607//6071337675, 530396341096//30356688375, -297223251119//30356688375, 744521502617//30356688375, 116641102729//30356688375, -88055940748//2023779225, 1333490531896//30356688375, -2085212848051//30356688375, -9066731377//3372965375, 327236684257//10118896125, -564378384152//6071337675, 54910852414//404755845, -162611117863//1214267535, 647922077138//6071337675, -2106121733942//30356688375, 1051475734298//30356688375, -204135411754//30356688375, -283725200033//30356688375, 490783627//31135065, -517288602362//30356688375, 392991449722//30356688375, -343198018499//30356688375, 231718585483//30356688375, -4219811052//674593075, 6557502758//1214267535, -934211878//242853507, 113753331//51891775, -23976153122//30356688375, -570896208//3372965375, 21585283316//30356688375, -26077167553//30356688375, 4591523902//6071337675, -1890626118//3372965375, 9375205772//30356688375, -4974565094//30356688375, 9890709//259458875]
