3; 9; 6; 5; 8; 1; 1; 11; 1; 1; [-547320332664//529555563875, -613003345504//529555563875, -105377731639//529555563875, -369730649516//529555563875, -2529135858//1629401735, -387517359251//529555563875, 294284704331//105911112775, 2698396114889//529555563875, 2775040362409//529555563875, 55055649312//105911112775, 768846721371//105911112775, 1244667996837//105911112775, -169004749074//105911112775, 17823471464694//529555563875, 20079038271094//529555563875, 9418227805829//529555563875, -6758183061074//529555563875, -1810863123142//105911112775, -8159480845804//529555563875, -9201501055133//105911112775, -131302745376734//529555563875, -133509415499994//529555563875, 9164771183172//105911112775, 3481199460066//105911112775, -10036824508003//105911112775, 11968863455901//105911112775, -52817880775408//529555563875, 40401328095322//529555563875, -23124347723323//529555563875, 9377453028388//529555563875, -28580092032//105911112775, -6360312556372//529555563875, 242303772034//21182222555, -13746740298207//529555563875, 21233767168//529555563875, -360797151567//105911112775, 526029702834//105911112775, -516972679092//105911112775, 412193892594//105911112775, -1335870766898//529555563875, 691070101262//529555563875, -140666891308//529555563875, -191144392102//529555563875, 67080048992//105911112775, -374442879532//529555563875, 54073866819//105911112775, -327693312262//529555563875, 4517266493//529555563875]
3; 9; 6; 5; 11; 1; 1; 5; 1; 1; [640087//63375, 1705931//63375, 497258//21125, 1325//169, 59562//4225, 1919128//63375, -581554//63375, -6530486//63375, -2915924//21125, -986536//12675, -420877//4225, -3189566//12675, -157062//845, -1276774//4875, -51421441//63375, -48791999//63375, 2382//25, 256566//325, 29702662//63375, 18067143//21125, 228792466//63375, 361678282//63375, 34241654//12675, -15854221//12675, 607553//4225, 1268456//2535, -51118921//63375, 16232339//21125, -43630742//63375, 5600534//12675, -2417218//12675, 1704672//21125, 5565557//63375, 3870818//63375, 7860237//21125, 314336//12675, 53997//4225, -137193//4225, 93902//2535, -2092106//63375, 488219//21125, -924337//63375, 70286//12675, 15127//12675, -73818//21125, 368852//63375, -35954//21125, 180667//21125]
3; 9; 6; 5; 6; 1; 1; 4; 1; 2; [-6363966//26385125, -18353638//26385125, -114466162//79155375, -73192187//79155375, -26481524//79155375, 40684729//26385125, 260470654//79155375, 105162079//26385125, 11767554//5277025, 74405858//15831075, 181628104//15831075, 813179//93675, 78236477//5277025, 1284612448//79155375, 277473073//26385125, 156378154//6088875, 2921772367//79155375, -363030731//79155375, -5998486397//79155375, -48904001//468375, -4782899074//26385125, -744475568//5277025, 16246831//5277025, -251831776//15831075, 340026731//15831075, -300640139//15831075, 1244364809//79155375, -701145583//79155375, 426737461//79155375, 98190676//79155375, -163298938//79155375, -16161252//26385125, -199501599//26385125, -469682431//79155375, -125155313//15831075, 14362232//15831075, -375801//405925, 12326159//15831075, -8106796//15831075, 7723633//26385125, -1911966//26385125, -2146009//79155375, 11624051//79155375, -3563961//26385125, 304133//6088875, -13609837//79155375, -8470396//79155375, -2197954//15831075]
3; 9; 6; 5; 12; 1; 1; 6; 1; 1; [-81422//63375, -8098//4875, -989//375, -439//63375, 140506//63375, 337982//63375, 307394//63375, 101528//12675, 10684//4225, 43126//12675, 119446//12675, 13517//975, -3872//12675, 1655942//63375, 2490034//63375, 3913876//63375, -3812321//63375, -8477866//63375, -15938527//63375, -4600433//21125, -3122893//12675, 1400636//12675, 1609906//12675, 1003876//12675, -2308529//12675, 2628088//12675, -11398229//63375, 2790334//21125, -1532204//21125, 547809//21125, -42286//21125, -2132951//63375, 1179068//63375, -477469//12675, 319052//12675, -86141//12675, 3001//325, -111751//12675, 87062//12675, -276559//63375, 134302//63375, -18277//63375, -16686//21125, 70132//63375, -93596//63375, 18011//21125, -11614//12675, 5936//12675]
3; 9; 6; 5; 9; 1; 1; 6; 1; 1; [-109903//63375, 223948//63375, 93909//21125, 30856//4875, 23//15, 282241//63375, -639641//63375, -489247//21125, -507986//21125, -66761//4225, -418151//12675, -264564//4225, -1074754//12675, 1247803//63375, -8055128//63375, -9397802//63375, -10606318//63375, -40796//845, 2760194//63375, 30860281//63375, 20213367//21125, 62422793//63375, 10542797//12675, -1207702//4225, -1171982//12675, 3617506//12675, -7343717//21125, 19579186//63375, -5073372//21125, 8426036//63375, -51768//845, 137482//63375, 3554543//63375, -81979//21125, 1907433//21125, 7946//4225, 42947//4225, -193543//12675, 63718//4225, -256312//21125, 501806//63375, -265376//63375, 51926//63375, 2494//2535, -123043//63375, 162293//63375, -63602//63375, 134269//63375]
3; 9; 6; 5; 3; 1; 1; 2; 1; 1; [-52023731//142614875, 154023642//142614875, 470295259//427844625, 27232393//85568925, 9185041//32911125, -286144394//427844625, -684741367//427844625, -466124587//142614875, -105776353//427844625, 15969514//3422757, -386184034//85568925, -616279349//85568925, -11790757//1989975, 22747284//843875, -9392909311//427844625, -19037816849//427844625, 25329737//1140919, 14461608137//427844625, -205123352//142614875, 15600698134//142614875, 91608230261//427844625, -10749390319//142614875, -411206041//3422757, 18171029416//85568925, -6412335193//28522975, 16017327974//85568925, -4213443197//32911125, 29581097257//427844625, -3436234579//142614875, -782694401//85568925, 12155146906//427844625, -13431943973//427844625, 14005512821//427844625, -1508621204//142614875, 3653263264//427844625, -34987345//3422757, 795435604//85568925, -594451171//85568925, 359985581//85568925, -761409661//427844625, 13590572//427844625, 401625298//427844625, -116640817//85568925, 588556876//427844625, -11670277//10970375, 334977061//427844625, -22093244//142614875, 1340999//427844625]
3; 9; 6; 5; 2; 1; 1; 3; 1; 2; [13855993186//10118896125, 16627809247//10118896125, 42275312633//10118896125, 226282825357//10118896125, 18668418473//674593075, 261262081573//10118896125, -16108667381//3372965375, -212299582096//10118896125, -75379830496//2023779225, -177191610368//2023779225, 794704179//134918615, 145680172//2023779225, -92601014863//404755845, -51015722439//259458875, -765698282122//10118896125, -856134465248//10118896125, -5346989578532//10118896125, -1083458163844//2023779225, -1216202593781//3372965375, 4426986913913//10118896125, 10899791554586//10118896125, 6310739130301//2023779225, 7833650817472//2023779225, -177743208//159667, -1432826209478//2023779225, 654376645813//404755845, -6243676972916//3372965375, 16220088853799//10118896125, -3908367247493//3372965375, 6502717247194//10118896125, -186713203659//674593075, -543942370379//10118896125, 736089218063//3372965375, -2066903152217//10118896125, 761952270913//2023779225, -2325953899//674593075, 24545865917//404755845, -165986584732//2023779225, 31642919566//404755845, -206014359961//3372965375, 130796851513//3372965375, -62382364038//3372965375, 25351452134//10118896125, 12434474603//2023779225, -113022792829//10118896125, 117181680364//10118896125, -27972134714//3372965375, 6014161471//674593075]
3; 9; 6; 5; 5; 1; 1; 9; 1; 1; [-7381285164//3372965375, -41262063392//10118896125, -48085636798//10118896125, -40530453487//10118896125, 27210726058//10118896125, 100770616298//10118896125, 98427114913//10118896125, 24992049829//3372965375, 5027951842//778376625, 37225640386//2023779225, 20604070044//674593075, 1994302831//51891775, 18407118779//2023779225, 423842977387//10118896125, 685095531902//10118896125, 1146822949723//10118896125, 940460246282//10118896125, -117125143121//778376625, -4692018426403//10118896125, -1731295854941//3372965375, -4718105155667//10118896125, 24815701343//3372965375, 162225461341//2023779225, 596740340887//2023779225, -912230636171//2023779225, 924145467649//2023779225, -1238445105398//3372965375, 840727550257//3372965375, -1229260423541//10118896125, 370456902316//10118896125, 5667444339//259458875, -804597165889//10118896125, 416130191861//10118896125, -772142470076//10118896125, 398323464757//10118896125, -37260827476//2023779225, 3291058246//155675325, -37455025519//2023779225, 9055018212//674593075, -2017665916//259458875, 31235936486//10118896125, 4439696324//10118896125, -21783247114//10118896125, 27971866136//10118896125, -31432380869//10118896125, 5513757797//3372965375, -17159696326//10118896125, 6060987427//10118896125]
3; 9; 6; 5; 10; 1; 1; 4; 1; 2; [-6802176//3316625, -4718472//3316625, -164687//3316625, -809879//663325, -9604904//3316625, -647001//255125, 4106526//663325, 27826922//3316625, 6322876//663325, 43236//663325, 12575247//663325, 21239369//663325, 3986374//663325, 215388016//3316625, 141294112//3316625, 16004882//3316625, -49393699//663325, -166716001//3316625, -72964822//3316625, -29186432//132665, -1277670607//3316625, -9382798//26533, 176032026//663325, -18789278//663325, -74446661//663325, 685516//3925, -44019929//255125, 476580066//3316625, -1848761//19625, 29898129//663325, -48191748//3316625, -40291131//3316625, 8355668//663325, -828744//19625, 3436158//663325, -1965646//663325, 4727568//663325, -5372604//663325, 4729896//663325, -16892377//3316625, 10046446//3316625, -3816064//3316625, -26831//132665, 2719107//3316625, -3756971//3316625, 566421//663325, -3731976//3316625, 129426//663325]
3; 9; 6; 5; 4; 2; 1; 9; 1; 1; [16354240187//2023779225, 69169632//10378355, 45268232578//10118896125, -18283219559//2023779225, -258153550966//10118896125, -245736253444//10118896125, -2662375996//674593075, 59912487694//3372965375, 1445853361//134918615, -46470800768//2023779225, -31303995471//674593075, -10926192847//674593075, 20663162567//155675325, -68374708358//674593075, -132786062528//2023779225, -786896186911//3372965375, 134927395352//674593075, 2735268551072//3372965375, 10697831088824//10118896125, 184226590682//404755845, -201075453738//259458875, -3856806829477//2023779225, -3608077448513//2023779225, -340052126768//2023779225, 2557550498239//2023779225, -3336801751484//2023779225, 3142576362697//2023779225, -2426303114093//2023779225, 7500687458671//10118896125, -227780050087//674593075, 813000904478//10118896125, 1911157571057//10118896125, -31122857738//155675325, 1906859443019//10118896125, -542071606982//2023779225, 82741211498//2023779225, -142724974037//2023779225, 11496069722//155675325, -41315057722//674593075, 28330259277//674593075, -15317535024//674593075, 68111670466//10118896125, 1508147059//404755845, -83524937092//10118896125, 113639612017//10118896125, -17641669598//2023779225, 20074280728//3372965375, -11128481998//2023779225]
3; 9; 6; 5; 8; 1; 1; 5; 1; 1; [-65841//4225, 83078//63375, 347148//21125, 197193//21125, -998288//63375, 517103//63375, 1336697//21125, 188462//4225, -1171688//21125, -873713//12675, 369037//4225, 28888//507, -3854932//12675, 5716381//12675, 643044//21125, -33333389//63375, -4364108//4875, 10162088//63375, 12317499//21125, -72452986//63375, -8736249//4225, 33672918//21125, 21666979//4225, 5839616//12675, -140780//39, 59872088//12675, -18770191//4225, 217455736//63375, -138292472//63375, 20210781//21125, -7638196//63375, -7937133//21125, 2823854//4875, -715823//975, 37567177//63375, -492774//4225, 852333//4225, -107248//507, 2226427//12675, -1525694//12675, 4126126//63375, -1296427//63375, -687577//63375, 1630094//63375, -1842764//63375, 1592137//63375, -262877//12675, 791017//63375]
3; 9; 6; 5; 6; 1; 1; 3; 1; 2; [-1854538971//3372965375, -556120411//3372965375, -972638037//674593075, -8688365739//3372965375, -260967692//3372965375, 1958804337//674593075, 1388502444//259458875, 24838757852//3372965375, 33204420742//3372965375, 4557064984//674593075, 2955611964//674593075, 14540449588//674593075, 14457540826//674593075, 56772748066//3372965375, -2752396193//259458875, 257382646//10378355, 126165808579//3372965375, -165256742103//3372965375, -65879771366//674593075, -662776308052//3372965375, -1384117932532//3372965375, -1112786899617//3372965375, -2168911052//51891775, 58300350544//674593075, -63403138472//674593075, 55594391686//674593075, -191853201887//3372965375, 108123360218//3372965375, -7056875001//674593075, -3884998773//3372965375, 28514900016//3372965375, -473612892//26983723, 10375957044//3372965375, -92961617596//3372965375, -31998629711//3372965375, -2873906434//674593075, 2700056356//674593075, -2052242408//674593075, 1305185574//674593075, -2909109847//3372965375, 311735763//3372965375, 20233076//51891775, -1812866233//3372965375, 138231907//259458875, -370029382//674593075, 480366194//3372965375, -132419692//259458875, -812820296//3372965375]
3; 9; 6; 5; 7; 1; 1; 9; 1; 1; [7664069802//3372965375, 42739316121//3372965375, 35202295896//3372965375, 794654092//51891775, 28441068674//3372965375, -39322300254//3372965375, -43821687931//3372965375, -162881589029//3372965375, -30112966983//674593075, -9628252444//674593075, -53554666227//674593075, -63907589336//674593075, -50530082078//674593075, -408959950892//3372965375, -1071254806571//3372965375, -764822388531//3372965375, -217121364628//674593075, 901385532831//3372965375, 2576656686104//3372965375, 2865085212901//3372965375, 578942160483//259458875, 67565519758//51891775, 117329732126//674593075, 290801763568//674593075, -477366206006//674593075, 37271647039//51891775, -2011828786056//3372965375, 1298455971282//3372965375, -742654418078//3372965375, 1192318758//26983723, 13641105076//259458875, -187508563818//3372965375, 471829409068//3372965375, 44000663157//3372965375, 16470499892//134918615, -19095894751//674593075, 22348729022//674593075, -19984304744//674593075, 14553036048//674593075, -43553397486//3372965375, 16536876502//3372965375, 263429612//3372965375, -2466904456//674593075, 16031081433//3372965375, -12312651248//3372965375, 13684535833//3372965375, -702521698//3372965375, 1421843203//674593075]
3; 9; 6; 5; 3; 1; 1; 10; 1; 1; [-3422509789//3372965375, 82801921903//10118896125, 10691744579//2023779225, -233966478//674593075, 27429699666//3372965375, 100815737923//10118896125, -125944188367//10118896125, -255754594//2023779225, -35419974311//10118896125, -1984813916//31135065, -34035948148//2023779225, -15372112732//2023779225, -139222553576//2023779225, -52580924171//3372965375, -982129108521//3372965375, -41088445103//674593075, -79206827552//2023779225, -1980647236553//10118896125, 751210041874//3372965375, 2131477649804//3372965375, -831250669471//2023779225, 7224617037431//10118896125, 307936038966//134918615, -962493989758//2023779225, -451843681389//674593075, 2427994175029//2023779225, -12929508373619//10118896125, 10694495125766//10118896125, -501306059949//674593075, 813865909321//2023779225, -1399834294039//10118896125, -152413663138//3372965375, 1824842833981//10118896125, -132631643536//674593075, 1930300244833//10118896125, -5100544534//404755845, 95477579408//2023779225, -39177746321//674593075, 35724213257//674593075, -401849765399//10118896125, 242291564246//10118896125, -21257739952//2023779225, 793647488//2023779225, 17918816602//3372965375, -77372671294//10118896125, 6390382727//778376625, -12997203548//2023779225, 15394962491//3372965375]
3; 9; 6; 5; 11; 1; 1; 2; 1; 1; [703834//28522975, 80697072//142614875, 38187892//142614875, 80555753//142614875, 89334866//142614875, -105471469//142614875, 191281144//142614875, 23990688//142614875, 134608663//142614875, 21751154//5704595, -42740748//28522975, -91462422//28522975, -91514144//28522975, -419759558//28522975, -3667550262//142614875, -3181546182//142614875, -5116100508//142614875, -4622004596//142614875, -774997636//142614875, -12653223074//142614875, -6764821528//142614875, -20833052//255125, -3928648//36335, 1815802172//28522975, -727790152//28522975, -57510469//28522975, 475111269//28522975, -3432744316//142614875, 2945016424//142614875, -2612995154//142614875, 1294474317//142614875, -734908703//142614875, -477171732//142614875, -2531388//10970375, -22371838//3316625, -10241164//5704595, 10065398//28522975, 15720592//28522975, -27823086//28522975, 28890747//28522975, -125111521//142614875, 81283494//142614875, -49870559//142614875, 10284072//142614875, 6052827//142614875, -28367142//142614875, 14643446//142614875, -2156103//10970375]
3; 9; 6; 5; 3; 1; 1; 8; 1; 1; [-2933397802//2023779225, -2084658221//10118896125, -1302527992//674593075, -40283441834//10118896125, 19741154301//3372965375, 29050373852//10118896125, -823222363//778376625, -1314051806//10118896125, 84572192416//10118896125, 5569947107//155675325, 3221551691//2023779225, -17399763626//2023779225, 124757070284//2023779225, 38970984029//674593075, -251686328369//10118896125, 12949169081//134918615, 484960490908//3372965375, -2257177431358//10118896125, -517142065294//3372965375, -854784948721//10118896125, 460400630242//3372965375, 229133449049//10118896125, -1822347058604//2023779225, 441419411786//2023779225, 149409269018//674593075, -872418142681//2023779225, 960580982651//2023779225, -4076741076647//10118896125, 580077425342//2023779225, -39207962017//259458875, 447973704946//10118896125, 93891401704//10118896125, -585599118188//10118896125, 724605667918//10118896125, -589012796938//10118896125, 2162983748//674593075, -11268296612//674593075, 43072344871//2023779225, -39932149649//2023779225, 30528394316//2023779225, -94663111337//10118896125, 8656323964//2023779225, -900643091//3372965375, -21116713684//10118896125, 27537919429//10118896125, -9853256746//3372965375, 8115040111//3372965375, -15148152898//10118896125]
3; 9; 6; 5; 10; 1; 1; 3; 1; 2; [-23581473//26385125, -14964931//15831075, -22205566//26385125, 8333978//15831075, 20277304//15831075, -101050601//79155375, 122984557//79155375, 412805434//79155375, 315810964//79155375, 7352676//1055405, 67005266//15831075, 4400957//633243, 53676539//5277025, 26700231//2029625, 293675209//15831075, 1071990716//26385125, -686854811//15831075, -502844777//5277025, -156759683//26385125, -2228529279//26385125, -9996079934//79155375, -11391467809//79155375, -562517251//3166215, 121893677//1217775, -109834631//3166215, -143679008//15831075, 900553289//26385125, -634215259//15831075, 3088062059//79155375, -156690139//5277025, 197839976//15831075, -589798717//79155375, -288249161//79155375, -143236297//79155375, -953920157//79155375, -1690301//633243, 1488228//5277025, 3716617//3166215, -28027252//15831075, 142235707//79155375, -1502808//1055405, 26167208//26385125, -8332871//15831075, 42726//1055405, 8732063//79155375, -7986012//26385125, 11417608//79155375, -26793287//79155375]
3; 9; 6; 5; 5; 1; 1; 4; 1; 2; [564128//26385125, -1385604//26385125, 74002558//79155375, 107454326//79155375, 37617761//15831075, 62299303//26385125, 286884737//79155375, -10314152//26385125, -282418439//79155375, -1860028//211081, -15369817//5277025, -22477756//15831075, 97374912//5277025, 310520962//26385125, -500024348//79155375, -2012862936//26385125, -2287294792//26385125, -1104629806//15831075, 3327734606//79155375, 6280215893//79155375, 4687382242//26385125, 1532438493//26385125, 14270787//1055405, -712136966//15831075, 854317259//15831075, -252994108//5277025, 968638366//26385125, -582142413//26385125, 450756386//79155375, -312945508//79155375, -133612603//15831075, 730174343//79155375, -276222091//79155375, 27591887//2029625, -1909482//2029625, 2481861//1055405, -37226264//15831075, 9931002//5277025, -1495592//1217775, 16864646//26385125, -313231//2029625, -17749379//79155375, 18420287//79155375, -6207958//15831075, 25179368//79155375, -3437887//26385125, 6907436//26385125, 959942//79155375]
3; 9; 6; 5; 2; 1; 1; 7; 1; 1; [-582210104//3372965375, -9864229408//10118896125, 204131482//674593075, -6686131681//10118896125, -5032048526//10118896125, 637235374//778376625, 1396230821//10118896125, -3617413412//10118896125, 5980562691//3372965375, 10108595366//2023779225, -1400893997//674593075, -301472452//80951169, 4367374324//404755845, -34325780263//10118896125, 163271833746//3372965375, 21161977544//2023779225, 44751570377//3372965375, 83511187412//3372965375, -22148803879//3372965375, -17076122239//259458875, -418144069808//10118896125, -1037013400903//10118896125, -556371636529//2023779225, -128262062191//2023779225, 100073027318//404755845, -123612321737//404755845, 2831213753096//10118896125, -161805549887//778376625, 260722406387//2023779225, -558272741327//10118896125, 38706127943//10118896125, 286816987229//10118896125, -447430810643//10118896125, 390636787201//10118896125, -371876710039//10118896125, 17215268494//2023779225, -8939813718//674593075, 5427689389//404755845, -1466808819//134918615, 73637107606//10118896125, -37664480501//10118896125, 670196594//674593075, 8432046328//10118896125, -5696520749//3372965375, 19076671069//10118896125, -5672805916//3372965375, 11313470626//10118896125, -7495636394//10118896125]
3; 9; 6; 5; 12; 1; 1; 4; 1; 1; [2338699//3316625, 609754//663325, 742213//3316625, 848281//3316625, 316258//3316625, 77748//132665, -2047286//3316625, -12874161//3316625, -2434662//663325, -1406792//663325, 343353//663325, -6382203//663325, 2474//2041, -61017824//3316625, -7563376//663325, 11493357//3316625, 46201354//3316625, -12876313//3316625, -7642208//663325, 31582146//3316625, 262019386//3316625, 29788517//663325, 33909448//663325, -105299222//663325, 125831777//663325, -22694041//132665, 417014633//3316625, -50699954//663325, 105446241//3316625, 2988612//3316625, -62756169//3316625, 16769607//663325, -80983252//3316625, 76320963//3316625, -6924919//663325, 5515547//663325, -5472018//663325, 336116//51025, -576078//132665, 7195063//3316625, -68154//132665, -1883864//3316625, 3632487//3316625, -3887349//3316625, 4139//4225, -2266917//3316625, 1495318//3316625, -60134//663325]
3; 9; 6; 5; 4; 2; 1; 4; 1; 2; [81047813//79155375, 124503091//79155375, 11301968//26385125, -20889001//26385125, 24365482//26385125, 170108954//26385125, 137933702//26385125, -891866432//79155375, -1335785296//79155375, -29066339//5277025, -107763632//15831075, -357468167//15831075, 132962123//15831075, 2087087722//79155375, -866917876//79155375, -2778428819//79155375, 4928081638//79155375, 10469232154//79155375, -3573117442//79155375, 751558048//26385125, 51072132257//79155375, 68137771201//79155375, 5246910248//15831075, -2821723462//15831075, 835749368//15831075, 462005788//15831075, -5536203869//79155375, 6434467987//79155375, -1940630999//26385125, 4352064434//79155375, -1936405118//79155375, 778108849//79155375, 198827227//79155375, 1633052006//79155375, 3973459123//79155375, 23757449//5277025, -102148//15831075, -41721718//15831075, 57478457//15831075, -91724843//26385125, 216253052//79155375, -142065212//79155375, 71653729//79155375, -3353698//79155375, -25219451//79155375, 39718247//79155375, 1378347//26385125, 30321981//26385125]
3; 9; 6; 5; 11; 1; 1; 10; 1; 1; [-141851024//259458875, -434265662//674593075, 295748576//259458875, -420087481//3372965375, -8789447468//3372965375, -115787076//134918615, 4992947426//3372965375, 26968025984//3372965375, 4552244878//674593075, 60818272//134918615, 9293776032//674593075, 3402024854//674593075, -2287081912//134918615, 34477067587//3372965375, 12026987798//674593075, -104691452233//3372965375, -24607945629//3372965375, 43050005253//3372965375, 12959671369//674593075, -171817045726//3372965375, -1168201088869//3372965375, -127515723987//674593075, 1434080281//10378355, -48172712453//674593075, 13330926174//674593075, 1890317498//134918615, -105732502454//3372965375, 24473805847//674593075, -108132537999//3372965375, 72588305963//3372965375, -40071870846//3372965375, 3670050879//674593075, -363273591//259458875, -66125951857//3372965375, -2481510953//674593075, 237038446//134918615, 95992828//674593075, -807072489//674593075, 212169147//134918615, -5032107694//3372965375, 158105202//134918615, -2553071474//3372965375, 1125271938//3372965375, -119781326//3372965375, -78581719//674593075, 565143612//3372965375, -132616264//259458875, 1855251//134918615]
3; 9; 6; 5; 9; 1; 1; 4; 1; 1; [482264//255125, 1048636//765375, -1442804//765375, -340084//153075, 5044766//765375, 1707331//153075, 2177284//255125, 1595506//255125, 8412889//765375, 739924//30615, 143621//10205, 643029//51025, 9265006//153075, -8877359//255125, -48997666//765375, 29504519//765375, 5937488//51025, -29986981//765375, -13763199//51025, -92930024//255125, -20781846//255125, -67247714//765375, -13103447//30615, -22633//785, 44476987//153075, -19478473//51025, 21341983//58875, -217236343//765375, 45766449//255125, -3959806//51025, 7529282//765375, 3031696//153075, -17250137//255125, 12369337//255125, -2742124//58875, 94521//10205, -499118//30615, 879601//51025, -731337//51025, 7567289//765375, -4159988//765375, 440304//255125, 134627//153075, -535006//255125, 8532//3925, -623277//255125, 379162//255125, -759532//765375]
3; 9; 6; 5; 6; 2; 1; 11; 1; 1; [1158539160028//1588666691625, 195322684657//105911112775, 2426497291249//1588666691625, 955164788194//529555563875, 3349800539104//529555563875, 5349469861377//529555563875, 3756597169241//1588666691625, -23283057988648//1588666691625, -178646143588//8147008675, -2005701283136//105911112775, -1732211313744//105911112775, -135609984547//4888205205, -4769426267339//317733338325, -24295731595178//1588666691625, -9568761312901//105911112775, -60625774001358//529555563875, -40043750105759//529555563875, -3081275930198//40735043375, -172310179364666//1588666691625, 189763867644749//1588666691625, 1019128372341338//1588666691625, 291397683999718//317733338325, 50368029676524//105911112775, -69470482533812//317733338325, 101071893973//4236444511, 28938283728226//317733338325, -75380826445133//529555563875, 8820225483802//63546667665, -63979835073189//529555563875, 117136394053199//1588666691625, -5272327475062//122205130125, 8363504317642//1588666691625, 7602505493254//529555563875, 17088006481124//1588666691625, 19609767094402//317733338325, 1356822738488//317733338325, 19167466768//8147008675, -367961032666//63546667665, 698920017743//105911112775, -237121916701//40735043375, 1311203042399//317733338325, -4046431697312//1588666691625, 1407753628804//1588666691625, 64755777254//1588666691625, -419040901556//529555563875, 533610939684//529555563875, -477681920416//1588666691625, 91087636196//63546667665]
3; 9; 6; 5; 7; 1; 1; 4; 1; 2; [-690226//765375, -4790009//765375, -285203//765375, -1925707//765375, -7593842//765375, -1437507//255125, 8131226//765375, 3258577//765375, 7656256//765375, 6998104//153075, 984439//51025, 1634134//153075, 5779094//153075, 16634712//255125, 59990113//255125, -34580302//765375, 32124977//765375, 10878229//58875, -91128494//765375, -10451654//19625, -22522777//765375, -606071936//765375, -248661656//153075, 16627794//51025, 25251968//51025, -44479417//51025, 708311843//765375, -581449748//765375, 134989473//255125, -219165949//765375, 75878746//765375, 27791003//765375, -34333696//255125, 97513309//765375, -114828778//765375, 496007//51025, -33526//975, 6433706//153075, -1948358//51025, 21874453//765375, -13095413//765375, 1880498//255125, -132479//765375, -983513//255125, 4269013//765375, -4584233//765375, 3322874//765375, -2686498//765375]
3; 9; 6; 5; 11; 1; 1; 8; 1; 1; [858289352//3372965375, 1584293978//3372965375, 3210023773//3372965375, 950598798//3372965375, 3895482686//3372965375, 4732103068//3372965375, -4318551851//3372965375, -5438756509//3372965375, -3232831262//674593075, -2312119192//674593075, -24545568//51891775, -6504485266//674593075, 119050969//26983723, -15066605292//3372965375, -2138055196//259458875, -26505087393//3372965375, 49415150867//3372965375, 104635819369//3372965375, 89137211172//3372965375, 262687203141//3372965375, 433151243494//3372965375, 22886453599//134918615, 68680058828//674593075, -74539590054//674593075, 62971713144//674593075, -8840930649//134918615, 122652216419//3372965375, -43327262994//3372965375, -14566747579//3372965375, 45170037581//3372965375, -46965248533//3372965375, 50695809121//3372965375, -22703770602//3372965375, 40446133607//3372965375, 3436632999//674593075, 239739849//51891775, -2364564206//674593075, 1457767126//674593075, -130211547//134918615, 264218389//3372965375, 1490158481//3372965375, -2280311704//3372965375, 2289450986//3372965375, -1712147023//3372965375, 1265512401//3372965375, -377035177//3372965375, 512125882//3372965375, 128293718//674593075]
3; 9; 6; 5; 8; 1; 1; 2; 1; 1; [58115903//142614875, 150561941//142614875, 171305652//142614875, 16331664//142614875, 87739578//142614875, 231694232//142614875, -176205009//142614875, -653679243//142614875, -860832068//142614875, -122136306//28522975, -141130962//28522975, -300552276//28522975, -228349631//28522975, -1044276838//142614875, -4120069271//142614875, -5392935517//142614875, 1672734906//142614875, 6162979772//142614875, 2074146838//142614875, 4961531229//142614875, 1678909811//10970375, 32795375948//142614875, 22768332//181675, -1519345372//28522975, 2694854//28522975, 845666249//28522975, -6021918159//142614875, 5601960342//142614875, -4791750306//142614875, 3011720308//142614875, -1146476399//142614875, 362801789//142614875, 679896442//142614875, 202722919//142614875, 2311002774//142614875, 24879826//28522975, 25487342//28522975, -50228804//28522975, 54140751//28522975, -232039929//142614875, 158828122//142614875, -95222536//142614875, 32636948//142614875, 340752//3316625, -29372911//142614875, 41904272//142614875, -15420066//142614875, 53353704//142614875]
3; 9; 6; 5; 6; 1; 1; 7; 1; 1; [-1847732311//3372965375, 23483401871//10118896125, 2651780596//674593075, -2962555498//10118896125, 2783442894//3372965375, 9191923333//10118896125, 325889774//10118896125, -944778017//404755845, -13102438391//778376625, -3521062812//674593075, -754777928//674593075, -4746894706//155675325, -2773024721//134918615, 206893431313//10118896125, -539190722821//10118896125, -195604434073//2023779225, -212744100832//10118896125, 40748378956//778376625, 628161850019//3372965375, 191717554996//10118896125, 110324540623//674593075, 6641818126078//10118896125, 13746368653//674593075, -171167651249//2023779225, 69963722044//674593075, -39416976067//404755845, 247835941323//3372965375, -474386232743//10118896125, 10164034307//674593075, -20902781246//10118896125, -5745767992//778376625, 76174380342//3372965375, -132326134547//10118896125, 12472974268//674593075, 227567696384//10118896125, 9188333801//2023779225, -718816082//155675325, 2515027241//674593075, -342143418//134918615, 26447057//19958375, -1329225566//3372965375, -727301404//2023779225, 5743612679//10118896125, -2042684667//3372965375, 7280120306//10118896125, -3869992832//10118896125, 741257146//2023779225, 4843846834//10118896125]
3; 9; 6; 5; 5; 1; 1; 3; 1; 2; [3659668242//3372965375, 2453179327//674593075, 25745179574//3372965375, 36313747634//3372965375, 46628646054//3372965375, 2359860119//674593075, -2241144097//674593075, -299595394//26983723, -58284265669//3372965375, -2481063082//674593075, -447706689//134918615, -3176359872//134918615, -30676053626//674593075, -477918190332//3372965375, -127043127213//674593075, -959604956814//3372965375, -802843388779//3372965375, -542331091909//3372965375, 83494562666//674593075, 173538596713//674593075, 202640877706//674593075, 1276681185684//3372965375, -32794216612//674593075, -21854936088//134918615, 2606944486//10378355, -173658824511//674593075, 677127345824//3372965375, -99264518762//674593075, 198232329718//3372965375, -99651488017//3372965375, -77382361737//3372965375, 25739116998//674593075, -16424139898//674593075, 30065045226//674593075, -16186109158//3372965375, 6908435652//674593075, -1592668478//134918615, 1399832112//134918615, -5114814024//674593075, 14466206494//3372965375, -254699233//134918615, -1391092022//3372965375, 268171756//259458875, -5912390947//3372965375, 1095393638//674593075, -127500456//134918615, 666683474//674593075, -43038443//3372965375]
3; 9; 6; 5; 10; 1; 1; 7; 1; 1; [16055902//51891775, 2368353173//3372965375, 4536530078//3372965375, 1204043611//674593075, 1946086092//3372965375, 451015957//3372965375, -1191011461//3372965375, -6732192874//3372965375, -3744665206//674593075, -5541216844//674593075, -2154459699//674593075, -6789407757//674593075, -471573482//26983723, -5888163388//674593075, -64582766173//3372965375, -136708576828//3372965375, -4391250054//134918615, 20849593463//3372965375, 104805130908//3372965375, 479747436881//3372965375, 16302396278//259458875, 127673295708//674593075, 277629627806//674593075, -104118346814//674593075, -17612918147//674593075, 16767360722//134918615, -4282426731//26983723, 491589375916//3372965375, -380972610624//3372965375, 45375933838//674593075, -7886472937//259458875, 13395633984//3372965375, 69828184758//3372965375, -62034023268//3372965375, 4008356992//134918615, 1156130264//674593075, 2828330924//674593075, -4599350728//674593075, 941603556//134918615, -3871556331//674593075, 13019405601//3372965375, -6997430564//3372965375, 368487141//674593075, 1331546899//3372965375, -2854469506//3372965375, 286434771//259458875, -2698876428//3372965375, 521955896//674593075]
3; 9; 6; 5; 12; 1; 1; 3; 1; 1; [-2599481//26385125, 571859//1217775, 61338781//79155375, 435602//633243, 2626736//26385125, 66206189//79155375, 142789033//79155375, -142143286//79155375, -25581451//6088875, -54815704//15831075, -44369477//15831075, -58454492//15831075, -66567996//5277025, -55536227//79155375, -321323489//15831075, -2805607801//79155375, -613437532//15831075, 740592347//79155375, 354664511//79155375, -639376871//26385125, 3541677446//79155375, 3767595041//26385125, 2422257211//15831075, 488939293//15831075, -696863864//5277025, 865802719//5277025, -11988389626//79155375, 1791701047//15831075, -1891424306//26385125, 153253476//5277025, -121291934//79155375, -1185207212//79155375, 1666367081//79155375, -523394909//26385125, 1890902839//79155375, -71100581//15831075, 112539922//15831075, -114696623//15831075, 31076021//5277025, -313905796//79155375, 10806992//5277025, -46539208//79155375, -7283803//15831075, 73072066//79155375, -2061388//2029625, 68043526//79155375, -46620292//79155375, 37953484//79155375]
3; 9; 6; 5; 4; 2; 1; 3; 1; 2; [-2669752824//3372965375, -9840780442//3372965375, -4177106237//3372965375, 250339137//3372965375, -5198946862//3372965375, 9034504949//3372965375, 24351599407//3372965375, 57572095754//3372965375, 60300569201//3372965375, 4414119156//674593075, 1624326114//51891775, 881063568//26983723, -11258158541//674593075, 50751931754//3372965375, 348670358852//3372965375, 11148418054//259458875, 14202127113//3372965375, -229123355143//3372965375, -738645697514//3372965375, -84522054769//259458875, -2432779278609//3372965375, -1258529986026//3372965375, 185757877566//674593075, -100663741768//674593075, 6795898074//134918615, 12821884709//674593075, -14291285781//259458875, 237567754796//3372965375, -191332740789//3372965375, 145934412079//3372965375, -96659545059//3372965375, 1673399018//3372965375, -48332736796//3372965375, -132648369162//3372965375, -26865896308//3372965375, 203520013//51891775, -112875842//674593075, -266802568//134918615, 1939895421//674593075, -9528048243//3372965375, 7892905411//3372965375, -4836180334//3372965375, 2470920419//3372965375, -720205289//3372965375, -1331893822//3372965375, 336571199//3372965375, -3438425522//3372965375, 65204987//3372965375]
3; 9; 6; 5; 2; 1; 1; 12; 1; 1; [-487986918526//1588666691625, 11689831499//105911112775, 136527025822//1588666691625, -143958016771//529555563875, -199362164158//1588666691625, -151528356329//317733338325, 234283547509//317733338325, 411122440718//1588666691625, 694818799297//529555563875, 3070177772//4236444511, -120741626253//105911112775, 90948125447//105911112775, 33902416867//24441026025, 11350760905466//1588666691625, -2073092095859//317733338325, -299866267172//1588666691625, 20991619847933//1588666691625, 8892302508478//1588666691625, -1033865427454//317733338325, -4530883987651//317733338325, -26477209943941//529555563875, 8082444877349//1588666691625, -1114386414654//21182222555, 20307097234136//317733338325, -18420558691399//317733338325, 13745714969801//317733338325, -41008941288877//1588666691625, 1145534930894//105911112775, -116075478442//529555563875, -2945474120567//529555563875, 4717196834028//529555563875, -2718006876926//317733338325, 632437526212//105911112775, -10401649836374//1588666691625, 283174981949//122205130125, -177185161351//63546667665, 712935695414//317733338325, -36381589382//24441026025, 80506580763//105911112775, -286171173527//1588666691625, -59850719729//317733338325, 573721054514//1588666691625, -608327756951//1588666691625, 180530663478//529555563875, -3041883746//12709333533, 7641579977//63546667665, -140981308954//1588666691625, -14056579073//1588666691625]
3; 9; 6; 5; 9; 1; 1; 3; 1; 1; [-66459856//237466125, 242830777//237466125, 5233832//237466125, -33780047//26385125, 118585724//47493225, 39214496//6088875, 8593054//1899729, 296807963//237466125, -100648867//79155375, -9913524//5277025, -976969//730665, -62908252//15831075, -226365083//47493225, 442921469//26385125, -3072014639//79155375, -4214888962//237466125, 406918478//237466125, -651729278//9498645, -33468376969//237466125, -6435638366//47493225, 2646638147//237466125, 1611550159//6088875, 13352190769//47493225, -21629269//1899729, -7019606356//47493225, 10011496172//47493225, -48857905162//237466125, 38397075619//237466125, -25468308511//237466125, 12485762914//237466125, -73894682//5277025, -5174484527//237466125, 1021652149//47493225, -2283665498//79155375, 8686502233//237466125, -5212091//1217775, 83268238//9498645, -458825789//47493225, 131067896//15831075, -1388925962//237466125, 778119839//237466125, -94532512//79155375, -68295356//237466125, 48748619//47493225, -345609947//237466125, 17455897//15831075, -214400054//237466125, 61891096//79155375]
3; 9; 6; 5; 4; 1; 1; 11; 1; 1; [164822803066//40735043375, 305344948433//122205130125, 30916351899//40735043375, 11660214289//40735043375, -161713575346//122205130125, -451242961694//122205130125, -101976455471//122205130125, -480606559981//40735043375, -2941821304684//122205130125, -80021355328//24441026025, -85074054241//8147008675, -930505694558//24441026025, 13732698679//1880078925, -10837449310573//122205130125, -1423135629441//40735043375, -7813008739097//122205130125, 8382758291683//122205130125, 12043457912747//40735043375, 8358139881023//40735043375, -3067886346449//122205130125, 5258865950096//9400394625, 83595144651379//122205130125, -10527728366473//24441026025, -7173955873033//24441026025, 5329380677804//8147008675, -18032775903313//24441026025, 77887966070066//122205130125, -56358445522979//122205130125, 31913356034674//122205130125, -11692503911011//122205130125, -9814977333//3133464875, 10942271153027//122205130125, -4182281358459//40735043375, 14586837154274//122205130125, -1639003780311//40735043375, 600378166933//24441026025, -804989742742//24441026025, 19616455397//626692975, -197705471744//8147008675, 1875194589076//122205130125, -890873373464//122205130125, 42575717988//40735043375, 112075189618//40735043375, -38686311094//9400394625, 569541266347//122205130125, -150579070644//40735043375, 362111099254//122205130125, -88300406803//122205130125]
3; 9; 6; 5; 8; 1; 1; 8; 1; 1; [-1340195827//674593075, -5084470013//3372965375, -1001309237//674593075, -2755417122//3372965375, -10159288004//3372965375, -12311833304//3372965375, 16501952403//3372965375, 36733558671//3372965375, 6152986852//3372965375, 465455108//134918615, 10052776824//674593075, 10917206548//674593075, -4706962478//674593075, 33676301194//674593075, 149997502973//3372965375, 26191563841//674593075, -155564031848//3372965375, 19194667929//3372965375, 337388321084//3372965375, -357629963313//3372965375, -1142508448351//3372965375, -472086791092//3372965375, 9655471478//134918615, 121626722234//674593075, -195284726112//674593075, 200554693922//674593075, -162826707412//674593075, 561919644664//3372965375, -11425973201//134918615, 74416544156//3372965375, 4415001464//259458875, -110271670863//3372965375, 124861629316//3372965375, -174240432573//3372965375, 66284109744//3372965375, -1575357928//134918615, 9245989836//674593075, -8208156318//674593075, 462474336//51891775, -3531088136//674593075, 7310445759//3372965375, 100281042//674593075, -4842648444//3372965375, 6313378377//3372965375, -5696468553//3372965375, 4326196646//3372965375, -3916271068//3372965375, 75213678//259458875]
3; 9; 6; 5; 6; 2; 1; 5; 1; 1; [-77342//4875, -505288//14625, -423856//14625, -179059//14625, -1328//65, -44026//1125, 306778//14625, 1986826//14625, 53286//325, 320722//2925, 384296//2925, 950948//2925, 193304//975, 6025421//14625, 128579//125, 13772606//14625, -196702//1125, -3074156//2925, -9223927//14625, -21952208//14625, -70830581//14625, -20417378//2925, -3119566//975, 469312//225, -2939077//2925, 623462//2925, 4796378//14625, -7316341//14625, 9074023//14625, -7173163//14625, 278098//975, -339904//1625, -161704//14625, -217601//1125, -1127396//2925, -188342//2925, 7406//325, 18487//2925, -62497//2925, 130006//4875, -112412//4875, 273128//14625, -12371//1125, 10966//2925, -3272//4875, -4268//1125, -8533//14625, -9196//975]
3; 9; 6; 5; 7; 1; 1; 3; 1; 2; [19161976//237466125, -127901266//237466125, -172869469//237466125, -475505696//237466125, -84951134//26385125, -320893213//79155375, -36583489//47493225, 190959914//79155375, 315831673//79155375, 141906688//15831075, 18149101//9498645, 3403447//9498645, 1182324712//47493225, 569797906//26385125, 7944171446//237466125, 430141476//26385125, 13806422446//237466125, 6800465002//79155375, 11720658134//237466125, -58611091//9498645, -9373895327//237466125, -76615551239//237466125, -24189774916//47493225, 17862574//211081, 339944035//1899729, -360163732//1217775, 73192610597//237466125, -19914367064//79155375, 41043482417//237466125, -21070111982//237466125, 2413104491//79155375, 4385634157//237466125, -1813976102//47493225, 9806146804//237466125, -954714119//18266625, 192209476//47493225, -112729174//9498645, 44620094//3166215, -598522252//47493225, 245836723//26385125, -436843924//79155375, 60597948//26385125, 2895472//26385125, -317069572//237466125, 155009879//79155375, -87419239//47493225, 331372514//237466125, -31374303//26385125]
3; 9; 6; 5; 6; 1; 1; 12; 1; 1; [2155373495071//1588666691625, 3060604481933//1588666691625, 5241810106349//1588666691625, 3202373059052//1588666691625, -2864350521866//1588666691625, -11276072306323//1588666691625, -8264141675291//1588666691625, -194145477177//105911112775, -40528873511//24441026025, 585075982038//105911112775, -97888622813//105911112775, -225658976564//24441026025, 5519073306323//317733338325, -13299712313117//529555563875, -35495210682983//1588666691625, -31997551909003//529555563875, 21954654059168//1588666691625, 21795219296782//122205130125, 183940052405231//529555563875, 447017392111591//1588666691625, 15121389709733//105911112775, -45615497721551//317733338325, -50879128443367//105911112775, -1921816391993//105911112775, 32171353832326//105911112775, -43418116626939//105911112775, 621245989650802//1588666691625, -485553613260389//1588666691625, 304045557885748//1588666691625, -145084189702546//1588666691625, 2772714196756//122205130125, 77681692309229//1588666691625, -66181112159347//1588666691625, 19876810439656//317733338325, -3341594108039//63546667665, 1005226202582//105911112775, -423782440222//24441026025, 5876373230597//317733338325, -1645953239486//105911112775, 1317010420364//122205130125, -9437833221004//1588666691625, 2984057955748//1588666691625, 1235072674879//1588666691625, -1074394862839//529555563875, 1521329485493//529555563875, -3273449303342//1588666691625, 115181710478//63546667665, -358295330662//317733338325]
3; 9; 6; 5; 8; 1; 1; 10; 1; 1; [2329411197//3372965375, 2328042376//3372965375, -2863598417//3372965375, 15894989//19958375, 7527704//10378355, 893654342//3372965375, -8777741087//3372965375, 1012098816//3372965375, 7302949452//3372965375, -270981474//134918615, -11676295728//674593075, -579450738//674593075, -923156419//674593075, -138401047997//3372965375, -62124732636//3372965375, 80394848467//3372965375, 84077834839//3372965375, 25628443408//674593075, 150310323923//3372965375, 477061485327//3372965375, 307007629174//3372965375, -312481221552//3372965375, -4143493545//26983723, 10336504099//51891775, -126736757918//674593075, 97099705726//674593075, -23924249152//259458875, 137174343707//3372965375, -13262578564//3372965375, -54072824373//3372965375, 1473383411//51891775, -84184097446//3372965375, 95378176961//3372965375, -35417489813//3372965375, 11306624484//3372965375, -1202948909//134918615, 4977219488//674593075, -3415161037//674593075, 1832091624//674593075, -2895491636//3372965375, -1528711753//3372965375, 3724986846//3372965375, -4134862988//3372965375, 762344527//674593075, -2556445286//3372965375, 1975644591//3372965375, -350527348//3372965375, -329268001//3372965375]
3; 9; 6; 5; 10; 1; 1; 12; 1; 1; [587026610658//529555563875, 801491439313//529555563875, 229131917639//529555563875, -1795386926468//529555563875, -603749198098//105911112775, -3110258726072//529555563875, -76301603037//40735043375, 1665379081536//529555563875, 4762418100083//529555563875, 732675993442//105911112775, 432450278634//105911112775, -609381591711//105911112775, -57992671537//8147008675, -19839704203908//529555563875, -622673104011//40735043375, 25914724963081//529555563875, 83852714639203//529555563875, 16586918116336//105911112775, 38812615663672//529555563875, -6490058560333//40735043375, -12405685426782//40735043375, -187730205875408//529555563875, -7810077731078//105911112775, -6815258512506//105911112775, 13992429620929//105911112775, -15481245895041//105911112775, 65356417711161//529555563875, -47273512483784//529555563875, 27658415514183//529555563875, -5641680571571//529555563875, 22369903649//8147008675, 10435941895401//529555563875, -14494140257762//529555563875, 2440889520982//529555563875, -15805031878914//529555563875, 535007975838//105911112775, -693461970974//105911112775, 50003139072//8147008675, -498690297969//105911112775, 1542842349171//529555563875, -721021173989//529555563875, 105265572948//529555563875, 371156249324//529555563875, -6033049018//8147008675, 500623662961//529555563875, -450340320437//529555563875, 114836569162//529555563875, -290527150829//529555563875]
3; 9; 6; 5; 5; 1; 1; 7; 1; 1; [-211666709//10118896125, 8354200696//10118896125, 15486503263//10118896125, 543429069//134918615, 22313330764//10118896125, 174636674//10118896125, -2227986167//3372965375, -47194680851//10118896125, -5390109943//778376625, -18599753384//2023779225, -6473284978//674593075, -3283335377//155675325, -616928074//26983723, -16692723912//3372965375, -459893418236//10118896125, -357663718168//10118896125, -145354426879//2023779225, -7542160436//259458875, 1103273276966//10118896125, 1907227705711//10118896125, 3247036257476//10118896125, 2917669684679//10118896125, 515170502476//2023779225, 8067621192//674593075, -336309668891//2023779225, 29761161978//134918615, -2137088368148//10118896125, 544466593464//3372965375, -355819454203//3372965375, 92458302641//2023779225, -6827466254//778376625, -44396940909//3372965375, 383807082518//10118896125, -158461241717//10118896125, 382647086017//10118896125, -3509430022//674593075, 1457869268//155675325, -20201567914//2023779225, 1124790794//134918615, -4507286776//778376625, 31593284467//10118896125, -3534102488//3372965375, -987349471//2023779225, 11702629508//10118896125, -13108202677//10118896125, 14144159378//10118896125, -6400314412//10118896125, 7930641697//10118896125]
3; 9; 6; 5; 4; 1; 1; 5; 1; 1; [-312413//14625, -647836//14625, -27368//975, -46652//4875, -179276//4875, -800089//14625, 259546//4875, 2851376//14625, 969149//4875, 321421//2925, 49333//225, 1250986//2925, 193192//975, 2986021//4875, 20408896//14625, 2585666//2925, -2730178//4875, -4980194//4875, -1578607//4875, -3518392//1625, -101427616//14625, -14676198//1625, -9159169//2925, 5974934//2925, -2850539//2925, 599656//2925, 4876429//14625, -6930952//14625, 1773884//2925, -7280567//14625, 4083214//14625, -2791823//14625, -16096//375, -4216948//14625, -178949//375, -4714//75, 21647//975, 18809//2925, -61466//2925, 128398//4875, -325492//14625, 2134//117, -161957//14625, 53399//14625, -5608//14625, -63254//14625, -35648//14625, -162551//14625]
3; 9; 6; 5; 4; 2; 1; 7; 1; 1; [18777683416//10118896125, 16096425439//10118896125, -3385826603//3372965375, -7705430218//2023779225, -17671517247//3372965375, -50557054319//10118896125, -816755509//778376625, 73085177411//10118896125, 38271448636//3372965375, 1362617872//674593075, -1534257884//2023779225, 1047356866//80951169, 13567140473//674593075, -134130547077//3372965375, -86545016058//3372965375, 99947719153//3372965375, 252613439263//2023779225, 609706184112//3372965375, 1998261194894//10118896125, -379294701418//10118896125, -1448924868037//3372965375, -1760741721566//3372965375, -187328426738//674593075, 23676130711//2023779225, 19649827549//134918615, -139497370807//674593075, 2040004001732//10118896125, -547254918599//3372965375, 358572010549//3372965375, -7187160277//155675325, 192363181223//10118896125, 81155003109//3372965375, -292501878299//10118896125, 95588162062//10118896125, -484547726479//10118896125, 8491903639//2023779225, -5819316537//674593075, 1284571512//134918615, -1267853468//155675325, 58144757132//10118896125, -33266018222//10118896125, 12054078592//10118896125, 261955223//674593075, -3077938579//3372965375, 15006084322//10118896125, -959223263//778376625, 5385749657//10118896125, -10061918764//10118896125]
3; 9; 6; 5; 7; 1; 1; 7; 1; 1; [3547091576//3372965375, 1093640138//3372965375, -1428247384//3372965375, 1470423844//3372965375, -20117594776//3372965375, -11493857757//3372965375, -4895271551//674593075, -53013707413//3372965375, -30081398779//3372965375, -17396626692//674593075, -10212349647//674593075, 3339523147//674593075, -19616678507//674593075, -67437868396//3372965375, 77077296022//3372965375, 2123416688//259458875, 208516111051//3372965375, 851076149321//3372965375, 447314144102//3372965375, 52203809057//134918615, 1158569782668//3372965375, 513842832314//3372965375, 487523689518//674593075, -101470056202//674593075, -143524330623//674593075, 19749106946//51891775, -1369810376653//3372965375, 1148271206106//3372965375, -790475339618//3372965375, 441120483143//3372965375, -99511577622//3372965375, -39184096399//3372965375, 44328818632//674593075, -816644189//19958375, 14831512534//259458875, -2722120418//674593075, 10103612592//674593075, -12429464292//674593075, 11328362607//674593075, -42518928593//3372965375, 1994573767//259458875, -11137720968//3372965375, 616226008//3372965375, 6601679293//3372965375, -8007482679//3372965375, 1864546304//674593075, -5503641736//3372965375, 4668155717//3372965375]
3; 9; 6; 5; 6; 2; 1; 2; 1; 1; [-2563269//142614875, 88203398//142614875, 10437553//17113785, 463469582//427844625, 480397454//427844625, 43639394//28522975, 151796596//427844625, -333235168//142614875, -99408194//32911125, -135165866//28522975, -110992348//28522975, -1880607//438815, -572889847//85568925, -6425782673//427844625, -4808280248//142614875, -2456371951//85568925, -17011975862//427844625, -388000646//10970375, -3050236897//85568925, 4619818908//142614875, 38116733974//427844625, 26010195082//427844625, 11289817//181675, -622213919//85568925, -151619567//5704595, 3453267583//85568925, -5942455083//142614875, 13530484873//427844625, -2003281016//85568925, 1364472488//142614875, -148385219//32911125, -358879051//85568925, 2876817677//427844625, -747386923//427844625, 3300274136//427844625, -58754122//85568925, 3626126//2194075, -32527661//17113785, 47342224//28522975, -13359461//10970375, 287836678//427844625, -8454328//28522975, -27751511//427844625, 24301821//142614875, -8283597//28522975, 38662869//142614875, -15699006//142614875, 72108451//427844625]
3; 9; 6; 5; 2; 1; 1; 6; 1; 1; [-3359//190125, 417671//190125, 803207//190125, 106402//63375, 170233//190125, -4201//63375, 1089908//190125, -1252564//190125, -2372//169, -903121//38025, -11746//2535, -466832//38025, -1196906//38025, -1135331//190125, -4696327//63375, -2906073//21125, -5039956//190125, 11425667//190125, 28760528//190125, -1448621//14625, 55652384//190125, 2594489//4225, 30442039//38025, 13253//1521, -6064069//12675, 8304523//12675, -40059731//63375, 93231322//190125, -6825184//21125, 28688927//190125, -4548589//190125, -8474326//190125, 5209057//63375, -14625643//190125, 1297772//12675, -555469//38025, 23303//845, -125637//4225, 955336//38025, -3341293//190125, 1837162//190125, -49507//14625, -72601//63375, 51242//14625, -760511//190125, 53072//14625, -52707//21125, 82514//38025]
3; 9; 6; 5; 5; 1; 1; 12; 1; 1; [-879593953714//529555563875, -4916173833247//1588666691625, -1706318968024//317733338325, -1287500559106//317733338325, -3572835777772//1588666691625, 4148772439237//1588666691625, 931471542376//105911112775, 21164871664597//1588666691625, 1724212378117//122205130125, 1257635093898//105911112775, 1706551965498//105911112775, 42990998639//1629401735, 2092879929784//63546667665, 39685444064424//529555563875, 48795432358229//529555563875, 38281665711437//317733338325, 4407164015716//63546667665, -6899999052266//122205130125, -364491516484042//1588666691625, -143960864536546//317733338325, -784252391575762//1588666691625, -457325263997326//1588666691625, 2479645906158//105911112775, 4293192921288//105911112775, -1423749696107//21182222555, 1548709907386//21182222555, -29691624403628//529555563875, 71389776372266//1588666691625, -1045674352874//63546667665, 3123189177512//317733338325, 111989052392//122205130125, -30312488354326//1588666691625, -3339864226022//317733338325, -49561443426941//1588666691625, -3519079903466//529555563875, -286152762933//105911112775, 80311262492//24441026025, -62152474394//21182222555, 47080885396//21182222555, -51254555056//40735043375, 1009780043321//1588666691625, 31698885734//317733338325, -82420679546//317733338325, 627936341066//1588666691625, -992727531076//1588666691625, -16074776771//317733338325, -1015048310596//1588666691625, -224325700693//1588666691625]
3; 9; 6; 5; 3; 1; 1; 9; 1; 1; [1427719261//674593075, 55698864391//10118896125, -23183680046//10118896125, 18380912336//2023779225, 61479979813//3372965375, -1109401102//2023779225, -1539867688//674593075, -117766292374//3372965375, -384758597531//10118896125, 9717780653//674593075, -12852740123//404755845, -9612884188//155675325, -42720247307//2023779225, -3866351872//26983723, -658528721652//3372965375, 257641757182//3372965375, -132559735076//674593075, -548389733159//10118896125, -47358007934//2023779225, -8629123838//80951169, 5751794432784//3372965375, 15672038035541//10118896125, -322965668097//674593075, 92778523393//404755845, -29586246028//674593075, -157909496057//2023779225, 251152482479//2023779225, -1466658994693//10118896125, 391594554756//3372965375, -34757595623//404755845, 391627405118//10118896125, -416965622//31135065, -23587630852//2023779225, 950001283106//10118896125, 517351299583//10118896125, -10044247354//2023779225, -52686068//31135065, 3468740423//674593075, -4212934186//674593075, 11100803528//2023779225, -43678286668//10118896125, 25860989023//10118896125, -2443674721//2023779225, -181354954//3372965375, 1200166087//2023779225, -1893934109//2023779225, 7660932452//3372965375, 2316277056//3372965375]
3; 9; 6; 5; 4; 2; 1; 12; 1; 1; [3891720877088//1588666691625, 496111004777//63546667665, 20415888307634//1588666691625, 8482154343106//529555563875, 7036714095664//529555563875, 1282651856927//1588666691625, -6836833445578//529555563875, -11838560756434//529555563875, -16654044110252//529555563875, -12155175731321//317733338325, -12686536631842//317733338325, -5385411405848//105911112775, -6432595182746//105911112775, -215133156195743//1588666691625, -3509636874481//12709333533, -208431312771603//529555563875, -607803367021438//1588666691625, -111826300725137//1588666691625, 866967441927848//1588666691625, 1614863103257204//1588666691625, 587038373521759//529555563875, 1511150607489346//1588666691625, 117759044929204//317733338325, -70066463948332//317733338325, 26806578656911//317733338325, 1342553517887//317733338325, -35017543267503//529555563875, 4226791285628//63546667665, -146867981398997//1588666691625, 63687982764686//1588666691625, -62619831551006//1588666691625, 65946713888984//1588666691625, 23199298126814//529555563875, 69215627884616//1588666691625, 85201224454313//1588666691625, 1946872579001//317733338325, -389591923343//317733338325, -625770738421//317733338325, 80846967256//24441026025, -1932903635238//529555563875, 172059780563//63546667665, -96164845278//40735043375, 1218135130711//1588666691625, -635738464376//1588666691625, 159301661408//529555563875, 2055664112672//1588666691625, 240145874442//529555563875, 1985503784038//1588666691625]
3; 9; 6; 5; 6; 1; 1; 6; 1; 1; [28463//1521, -7266089//190125, -11339404//190125, -3180679//190125, 4164418//190125, -10776367//190125, -24051862//190125, 8993806//190125, 6938531//21125, 8695538//38025, -674444//12675, 11037037//38025, 32472511//38025, -24265867//38025, 181487299//190125, 41366976//21125, 20465413//14625, -96613091//63375, -99221131//63375, 399727492//190125, -93535751//190125, -246120096//21125, -506850497//38025, 34059698//38025, 27528448//4225, -9250816//975, 118998956//12675, -1419592153//190125, 318171629//63375, -457347253//190125, 92450401//190125, 37631017//63375, -72724333//63375, 249628757//190125, -104916439//63375, 6927692//38025, -4984381//12675, 5565596//12675, -14400146//38025, 10269907//38025, -29210678//190125, 11108072//190125, 2337212//190125, -725783//14625, 11244781//190125, -10246699//190125, 608234//14625, -6805892//190125]
3; 9; 6; 5; 6; 2; 1; 10; 1; 1; [20903364557//3372965375, 48428441189//10118896125, 15919638967//10118896125, 11042491286//3372965375, 27225058206//3372965375, -1587055958//404755845, -66887086728//3372965375, -163653471089//10118896125, -24339387677//778376625, -23292344788//674593075, -15357800504//674593075, -6885091237//155675325, 5387381927//2023779225, -663711441532//3372965375, -1329342760199//10118896125, -463800330632//10118896125, 555856047317//10118896125, 99290368679//778376625, 59071782778//134918615, 6062763233984//10118896125, 7747607538089//10118896125, 4038111254972//3372965375, -79611749168//674593075, -450867060934//674593075, 2003092079399//2023779225, -665061247541//674593075, 7899271649057//10118896125, -5331091658072//10118896125, 2639030068249//10118896125, -597992604589//10118896125, -15984006941//259458875, 12052938002//80951169, -1137923453228//10118896125, 1549114836287//10118896125, -289889591402//10118896125, 27489086863//674593075, -2380558982//51891775, 80520886276//2023779225, -19241250779//674593075, 12617026579//778376625, -63031250197//10118896125, -10913581706//10118896125, 50980114046//10118896125, -62740221229//10118896125, 838184556//134918615, -39564973133//10118896125, 11427985594//3372965375, -1971930577//10118896125]
3; 9; 6; 5; 7; 1; 1; 12; 1; 1; [9832434769//529555563875, -160394376412//529555563875, 294981899229//529555563875, 731666569874//529555563875, 108943782332//105911112775, 24110984097//40735043375, -2051426184159//529555563875, -74492779841//21182222555, 2647454175//4236444511, -793977524562//105911112775, -867113609316//105911112775, -1167982773593//105911112775, -1543395426939//105911112775, 581060455191//529555563875, 16483143500452//529555563875, 8756532829816//529555563875, -13730554977699//529555563875, -8942271624739//105911112775, -24200976814171//529555563875, 125246504366059//529555563875, 30622422503008//105911112775, 924671171998//4236444511, 24409672847103//105911112775, -12444316930341//105911112775, 2931242546697//105911112775, 3000987588096//105911112775, -29901902731292//529555563875, 33277101369511//529555563875, -2098140172324//40735043375, 18809725593333//529555563875, -2573535944488//105911112775, 2634931025002//529555563875, 6802689157397//529555563875, 641168090008//105911112775, 389748222122//21182222555, 290328845517//105911112775, 43763258596//105911112775, -231618819247//105911112775, 292222913064//105911112775, -1362484451332//529555563875, 1049353652216//529555563875, -634811556172//529555563875, 276546437513//529555563875, -991899498//8147008675, -151678028908//529555563875, 303688150367//529555563875, -13108093008//105911112775, 788686872//1629401735]
3; 9; 6; 5; 4; 1; 1; 2; 1; 1; [16370227//32911125, -9577508//32911125, -556732//1316445, -386021//2194075, -265116//2194075, -18764747//32911125, 41990797//32911125, 40787317//32911125, -29118226//32911125, -5964784//2194075, 1709971//438815, 589202//6582225, 8571109//1316445, -604496077//32911125, 69700396//10970375, 97426028//6582225, -22512404//2194075, 13801783//2194075, 249832429//10970375, -634949489//10970375, -1656383522//32911125, 903528826//32911125, -646067//13975, -212511563//1316445, 1649381402//6582225, -332906672//1316445, 6723092959//32911125, -1500196377//10970375, 469609333//6582225, -123501736//6582225, -4058257//263289, 1099184516//32911125, -1261490171//32911125, 933866984//32911125, -224623214//10970375, 67055122//6582225, -15409196//1316445, 67783013//6582225, -3272114//438815, 142793699//32911125, -18558642//10970375, -1090048//6582225, 8054224//6582225, -10517212//6582225, 50158546//32911125, -39565166//32911125, 22368584//32911125, -10135837//32911125]
3; 9; 6; 5; 10; 1; 1; 6; 1; 1; [21161//1625, -698//1625, -271669//21125, -32861//4225, 4609//325, 353//21125, -1134361//21125, -853149//21125, 796009//21125, 37448//845, -65271//845, -249338//4225, 198719//845, -7875563//21125, -1609221//21125, 7480734//21125, 2956217//4225, -633349//4225, -11912063//21125, 20246661//21125, 37008984//21125, -17479154//21125, -626832//169, -34523//65, 12180712//4225, -3109001//845, 72195486//21125, -55284403//21125, 34669917//21125, -2962731//4225, 1613//25, 6364866//21125, -9518387//21125, 12121077//21125, -9195942//21125, 80948//845, -133768//845, 690728//4225, -113559//845, 1924661//21125, -1025093//21125, 302582//21125, 39382//4225, -85984//4225, 474446//21125, -405732//21125, 25854//1625, -190947//21125]
3; 9; 6; 5; 6; 2; 1; 8; 1; 1; [-17105237881//10118896125, -16495789734//3372965375, -71409361424//10118896125, -77378952532//10118896125, -65507586584//10118896125, 5528543689//10118896125, 109678664051//10118896125, 225766487522//10118896125, 18054712489//778376625, 5635882766//2023779225, 2511442057//674593075, 595911941//31135065, 7724856992//2023779225, 655919847961//10118896125, 1538474853382//10118896125, 1557729399709//10118896125, 394016036597//10118896125, -55318931444//259458875, -4643396250859//10118896125, -6435929613271//10118896125, -9140018301547//10118896125, -6964347071467//10118896125, 66292319531//2023779225, 131325508651//2023779225, -8719698161//80951169, 228607315852//2023779225, -912815661247//10118896125, 237428112657//3372965375, -271911728923//10118896125, 119179955521//10118896125, -997864877//259458875, -350358600782//10118896125, -43888128101//3372965375, -554275749851//10118896125, -71490418447//3372965375, -8757149101//2023779225, 804815728//155675325, -1871896447//404755845, 2314100201//674593075, -1553407379//778376625, 9920384896//10118896125, 489217634//3372965375, -4844683549//10118896125, 5261726467//10118896125, -10787655512//10118896125, -57392531//3372965375, -11225318036//10118896125, -4319383556//10118896125]
3; 9; 6; 5; 11; 1; 1; 9; 1; 1; [-641406651//674593075, 7646119057//3372965375, -2986381649//3372965375, -176343498//259458875, 8983559334//3372965375, -1510271229//674593075, 14083795242//3372965375, -17176199//10378355, -25747265539//3372965375, 10097911886//674593075, -4235821938//674593075, -7029787041//674593075, 643822651//51891775, 11257144601//674593075, -231429485347//3372965375, 131439238809//3372965375, -159570182171//3372965375, -23603175784//3372965375, 51536893457//674593075, -763972463682//3372965375, 110198836767//674593075, 453691764029//3372965375, -245706214339//674593075, 224994493687//674593075, -169229550821//674593075, 103539135223//674593075, -44267785837//674593075, 49589829//3372965375, 121371488052//3372965375, -173179009353//3372965375, 12440586956//259458875, -4696926686//134918615, 49636685999//3372965375, -3349601218//674593075, 29410592977//3372965375, -8742047416//674593075, 5848692778//674593075, -233023663//51891775, 795721452//674593075, 673162153//674593075, -7082033476//3372965375, 7719627352//3372965375, -6673718443//3372965375, 355055191//259458875, -480812886//674593075, 289459669//3372965375, 137943198//674593075, -462289008//3372965375]
3; 9; 6; 5; 3; 1; 1; 4; 1; 2; [14881//16237, -150019322//79155375, -4802632//79155375, -1323406849//237466125, -88603883//6088875, -931481986//79155375, 6707767//3166215, 770295061//237466125, 134975318//26385125, 167851667//9498645, 42355886//15831075, -286384444//47493225, 3447474716//47493225, 3517028066//47493225, 35187181756//237466125, 101027219//26385125, 14056165583//79155375, 91482863612//237466125, 66825935788//237466125, 1364530949//15831075, -3217136891//237466125, -140748688807//237466125, -10317268277//9498645, 1912947328//47493225, 27323600126//47493225, -4312129171//5277025, 12749150917//15831075, -49670053369//79155375, 98022152543//237466125, -46326316433//237466125, 1561474494//26385125, 1924606816//26385125, -1641266881//15831075, 26931252157//237466125, -29040798416//237466125, 159212771//9498645, -540038521//15831075, 1781717299//47493225, -1524011836//47493225, 1082882009//47493225, -3014016832//237466125, 1081062323//237466125, 307648037//237466125, -925212469//237466125, 1289094199//237466125, -221188067//47493225, 837614012//237466125, -16197374//6088875]
3; 9; 6; 5; 4; 1; 1; 10; 1; 1; [-468488019//259458875, -1102185251//259458875, -79658908//51891775, -2732715223//778376625, -953721506//155675325, 816225478//259458875, 1471454313//259458875, -1753249492//259458875, 4724525816//259458875, 100813984//2395005, 62630234//51891775, 2244220949//155675325, 6437620042//155675325, 23868017174//259458875, 85392364883//778376625, -3496506781//155675325, 102911696248//778376625, 3604611203//51891775, -315991898104//778376625, -14215722703//59875125, 58343605797//259458875, -729039902413//778376625, -33381098522//31135065, 27957800744//51891775, -6316307977//51891775, -7341806541//51891775, 213088019471//778376625, -221941377746//778376625, 38015667682//155675325, -128539961666//778376625, 15217793641//155675325, -38937620042//778376625, -17030144762//778376625, 34219944748//778376625, -64408972249//778376625, -128523053//10378355, -365952022//155675325, 1631661466//155675325, -679636324//51891775, 9485554801//778376625, -2347585172//259458875, 873394852//155675325, -616105417//259458875, 7334011//31135065, 51137156//59875125, -1531862432//778376625, 1509613498//778376625, -569503478//259458875]
3; 9; 6; 5; 12; 1; 1; 11; 1; 1; [-37657395592//105911112775, -374188485913//529555563875, -337484189959//529555563875, -26204502334//105911112775, 677817758416//529555563875, 1070913320809//529555563875, 1328044206548//529555563875, 979398321799//529555563875, 351612671311//105911112775, 462285595124//105911112775, 660541348749//105911112775, 942472209678//105911112775, 332081861441//105911112775, 221370557572//21182222555, 7997118571893//529555563875, 10015543979789//529555563875, 722733052323//105911112775, -19771104438226//529555563875, -37777165800384//529555563875, -56900817487998//529555563875, -29430587281539//529555563875, -2633291967219//105911112775, 5254598001374//105911112775, 640260776254//105911112775, -295512512014//8147008675, 5039914431586//105911112775, -4653137578981//105911112775, 18340609716684//529555563875, -10787512987923//529555563875, 1058459084671//105911112775, -1470697397388//529555563875, -3894422115672//529555563875, 777821377016//529555563875, -362638343789//40735043375, 426861105679//105911112775, -126885635494//105911112775, 215318895696//105911112775, -222692953198//105911112775, 185094597939//105911112775, -125213122217//105911112775, 343825216989//529555563875, -91820393138//529555563875, -10714406762//105911112775, 119858354352//529555563875, -188789992342//529555563875, 88688090951//529555563875, -124448006472//529555563875, 1858185021//21182222555]
3; 9; 6; 5; 2; 1; 1; 4; 1; 1; [-859237//237466125, 12697307//79155375, 17310414//26385125, 42786239//79155375, 28648049//79155375, 22214377//79155375, 1436852//5277025, -28447681//237466125, -192512122//79155375, -225639529//47493225, -17888959//9498645, -119974273//47493225, -343119631//47493225, -945249788//237466125, -2759318626//237466125, -2200528856//237466125, -1185667097//237466125, -566158037//237466125, 338136128//18266625, 234277373//9498645, 11841868606//237466125, 19391738896//237466125, 715584769//5277025, 43914653//3166215, -1556345501//15831075, 6058064599//47493225, -28558714954//237466125, 21731427902//237466125, -4603165721//79155375, 6240550559//237466125, -781619216//237466125, -2409290153//237466125, 863246864//47493225, -3559411277//237466125, 4198403233//237466125, -151873751//47493225, 5755312//1055405, -270796927//47493225, 74716267//15831075, -256329098//79155375, 409820582//237466125, -126625433//237466125, -67613591//237466125, 164177654//237466125, -185618273//237466125, 34326068//47493225, -110693047//237466125, 6700856//18266625]
3; 9; 6; 5; 8; 1; 1; 9; 1; 1; [-10237186716//3372965375, -18401540697//3372965375, -437247998//259458875, -4942890221//3372965375, -14894583684//3372965375, -1262205901//674593075, 29623806322//3372965375, 86959250054//3372965375, 47018371017//3372965375, 660216376//134918615, 24565697901//674593075, 34545304438//674593075, 577988226//674593075, 291111993036//3372965375, 533863524097//3372965375, 141492861994//3372965375, -194299604319//3372965375, -441585436996//3372965375, -52169177832//674593075, -1070800891302//3372965375, -3354672313244//3372965375, -2091173024582//3372965375, 857824294//134918615, 130225757166//674593075, -179643587602//674593075, 176000658606//674593075, -679208702177//3372965375, 472151092076//3372965375, -211876931588//3372965375, 33392698353//3372965375, 48362683842//3372965375, -1047539338//26983723, 76782828594//3372965375, -256370779672//3372965375, -22999837526//3372965375, -1512800922//134918615, 8273178564//674593075, -7004681998//674593075, 4950020484//674593075, -13600410937//3372965375, 5265098286//3372965375, 1503596992//3372965375, -374831849//259458875, 5339627522//3372965375, -1080988764//674593075, 2942713694//3372965375, -5200556612//3372965375, -795860631//3372965375]
3; 9; 6; 5; 9; 1; 1; 11; 1; 1; [-867378128763//529555563875, -245021484492//529555563875, -234828391778//529555563875, -1634504705748//529555563875, -2684968796762//529555563875, -2455275881938//529555563875, -148723733812//21182222555, -2348717276332//529555563875, 6895569386899//529555563875, 1415573006114//105911112775, 16750525482//21182222555, 275049054743//105911112775, 809334713606//105911112775, 23343812340443//529555563875, 10571429213142//529555563875, 31080430975393//529555563875, 65782233505663//529555563875, 26110471115517//529555563875, 28176915231733//529555563875, 759894169532//8147008675, -60786132285423//529555563875, -24984431449043//40735043375, -14633086569991//105911112775, 3397887607963//21182222555, -14976105307557//105911112775, 10930683003881//105911112775, -30858201127166//529555563875, 13048088203211//529555563875, 2534439003939//529555563875, -5878216699951//529555563875, 12800117108651//529555563875, -9661289277001//529555563875, 2129509536171//105911112775, -618372908373//40735043375, -12273059499427//529555563875, -726784533074//105911112775, 114394780586//21182222555, -369043026883//105911112775, 180000466239//105911112775, -149475128836//529555563875, -21304036033//40735043375, 40075622348//40735043375, -462451906641//529555563875, 34890664902//40735043375, -271794445801//529555563875, 40354292599//105911112775, -100786247954//529555563875, -302298759102//529555563875]
3; 9; 6; 5; 4; 1; 1; 8; 1; 1; [247432437//259458875, -379070019//259458875, 236246324//155675325, 14092017//10378355, -68247082//19958375, -894048773//778376625, 834437092//778376625, 1744265184//259458875, 247015837//51891775, -637954964//155675325, 314796902//51891775, 133341506//155675325, -1564471862//155675325, -16792982771//778376625, 1080075013//19958375, -3668489909//51891775, -2445257028//51891775, 32336801368//778376625, 88038721//259458875, -6063302614//259458875, -158144249462//778376625, -46059437573//155675325, -20712989129//155675325, -18256493249//155675325, 37359408616//155675325, -41174809877//155675325, 175404489527//778376625, -9439673363//59875125, 903983267//10378355, -5328038114//155675325, -4758632521//778376625, 593345691//19958375, -29237881411//778376625, 18751230299//778376625, -1193139253//31135065, 1424673089//155675325, -1846205626//155675325, 576798673//51891775, -441676491//51891775, 4127623417//778376625, -1856858009//778376625, 33825656//155675325, 153691124//155675325, -401814407//259458875, 1243595759//778376625, -340449182//259458875, 178564278//259458875, -108362066//155675325]
3; 9; 6; 5; 5; 1; 1; 6; 1; 1; [582719//190125, 168952//190125, -126517//38025, -189556//63375, 486377//190125, 237//21125, -903488//190125, -14684//14625, -212884//63375, -366761//38025, 51277//4225, 611162//38025, 154732//7605, -18290524//190125, 76811//63375, 1583663//12675, 31357438//190125, 1058911//14625, 14028532//190125, 10052528//190125, -4069568//190125, 8436478//21125, 3939929//38025, -4532252//38025, 1345259//12675, -191446//2535, 2553731//63375, -3307981//190125, 49441//12675, 3811189//190125, -2493446//190125, 3562651//190125, -596077//63375, 1224451//190125, 930622//63375, 194536//38025, -16927//4225, 32966//12675, -9377//7605, 27958//190125, 77864//190125, -1732//2925, 55238//63375, -103496//190125, 90881//190125, -33746//190125, 3127//63375, 71651//190125]
3; 9; 6; 5; 6; 1; 1; 4; 1; 1; [-5724581//26385125, 134091604//79155375, 3053026//2029625, 69606623//26385125, 13611826//3166215, 127254642//26385125, -1685513//1217775, -150895371//26385125, -814928138//79155375, -59519924//5277025, -157924016//15831075, -8916592//1217775, -87325044//5277025, -282549842//79155375, -1587993678//26385125, -3702351329//79155375, -2362393148//26385125, -956759536//15831075, 1428630104//79155375, 2688909988//15831075, 23744545528//79155375, 41191944463//79155375, 6246733163//15831075, -1052358721//15831075, -2189869666//15831075, 3620530018//15831075, -18821981116//79155375, 15286065688//79155375, -10713861427//79155375, 5281979098//79155375, -370549856//15831075, -924207728//79155375, 585534851//15831075, -1561391906//79155375, 4172001154//79155375, -49259888//15831075, 3718354//405925, -172598584//15831075, 154380517//15831075, -189978277//26385125, 111999851//26385125, -143307692//79155375, -9454622//79155375, 5465722//5277025, -38679206//26385125, 24772123//15831075, -22420757//26385125, 91184819//79155375]
3; 9; 6; 5; 3; 1; 1; 3; 1; 2; [-2971637842//10118896125, 2227013114//10118896125, 1135205908//674593075, 93184531894//10118896125, 58258208272//3372965375, 49944561772//3372965375, 62759347283//10118896125, 3052649372//2023779225, -34256265068//3372965375, -27142179704//2023779225, 5139272906//674593075, -3133639307//404755845, -1646872657//31135065, -305906255743//10118896125, -86102032729//10118896125, -80000427788//2023779225, -2797837960724//10118896125, -4106761726126//10118896125, -3198318088196//10118896125, 144036194117//10118896125, 230808452179//404755845, 12958243568584//10118896125, 2000371007881//2023779225, -193582870229//674593075, -23852389993//134918615, 55152934111//134918615, -364552910123//778376625, 1374688034791//3372965375, -598178986376//2023779225, 1593036954218//10118896125, -841704273938//10118896125, -235887728533//10118896125, 170988422262//3372965375, -77482658869//2023779225, 91626620399//778376625, -467554732//674593075, 30944618152//2023779225, -646899568//31135065, 2677358986//134918615, -156934182344//10118896125, 100031013883//10118896125, -738398251//155675325, 1824350686//3372965375, 13267285852//10118896125, -30541678178//10118896125, 2221849217//778376625, -3752412293//2023779225, 27167620172//10118896125]
3; 9; 6; 5; 4; 2; 1; 6; 1; 1; [-1129663//190125, -682304//190125, 1027648//190125, 27407//2535, 2751017//190125, 679141//63375, -507257//190125, 2288836//190125, 4468913//63375, 2287318//38025, -80838//4225, 198532//7605, -144247//38025, 12929348//190125, -2727872//63375, -6600181//63375, -13963618//38025, -183011627//190125, -162684263//190125, 44326397//190125, -48718196//190125, -135254473//63375, -39615172//38025, 41491663//38025, -2293157//2535, 2619897//4225, -20909087//63375, 18832862//190125, 237814//4875, -5680543//38025, 20754679//190125, -32937899//190125, 2283419//21125, -13041173//190125, -4718914//63375, -1711253//38025, 141088//4225, -50912//2535, 320942//38025, 7684//190125, -71881//14625, 1269496//190125, -28948//4225, 818014//190125, -766534//190125, 341176//190125, -10812//21125, -446002//190125]
3; 9; 6; 5; 11; 1; 1; 4; 1; 2; [-109048//663325, -89488//663325, -2028253//3316625, -37361//51025, -7446528//3316625, -530573//663325, -8045816//3316625, -1331524//3316625, -16195144//3316625, -211088//663325, -2629236//663325, -1203972//663325, -2123379//663325, -220612//26533, -7746688//663325, -36685377//3316625, -10474928//663325, 85979043//3316625, -31299884//663325, 70489356//3316625, -161162431//3316625, 402226644//3316625, -65693438//663325, 52891174//663325, -209028//3925, 17967766//663325, -4784409//663325, -4560202//663325, 40656419//3316625, -9749752//663325, 43561064//3316625, -7014668//663325, 18934118//3316625, -12831038//3316625, 16762652//3316625, -1924372//663325, 1114696//663325, -430498//663325, -55641//663325, 319227//663325, -84793//132665, 1918194//3316625, -61303//132665, 1002299//3316625, -111094//663325, 105618//3316625, 44992//3316625, 65022//3316625]
3; 9; 6; 5; 12; 1; 1; 5; 1; 1; [-11213//21125, -16487//21125, -83548//63375, 52564//63375, 122432//63375, 52921//21125, 60831//21125, 9908//2535, -3557//21125, -6151//4225, 80048//12675, 43293//4225, 11912//12675, 719279//63375, 273027//21125, 1524283//63375, -315883//4875, -4062502//63375, -1901131//21125, -4878193//63375, -1203362//12675, 1133087//21125, 1208477//12675, -180394//4225, 58139//12675, 244537//12675, -1808648//63375, 626211//21125, -1411906//63375, 795698//63375, -683651//63375, -3506//1625, -7663//4875, -34114//4225, 414308//63375, 3461//4225, 2199//4225, -14969//12675, 5701//4225, -73958//63375, 18116//21125, -29686//63375, 8258//63375, -1771//63375, -4688//21125, 194//1625, -1071//4225, 3736//21125]
3; 9; 6; 5; 7; 1; 1; 6; 1; 1; [436973//21125, 54998//4875, -451927//63375, -949532//63375, 589473//21125, 1387273//63375, -1455886//21125, -5648438//63375, 619233//21125, 184549//2535, -1908626//12675, -109562//507, 88853//325, -34949279//63375, -30507829//63375, 14445112//63375, 78376882//63375, -9785759//63375, -67605533//63375, 83618603//63375, 234207223//63375, 43131196//63375, -789557//169, -13316926//12675, 2104378//507, -65189993//12675, 297794113//63375, -75417899//21125, 46076117//21125, -4337813//4875, 893136//21125, 9139152//21125, -40234666//63375, 53883989//63375, -32409197//63375, 361759//2535, -943448//4225, 8816//39, -2325632//12675, 2589471//21125, -1354944//21125, 27619//1625, 937616//63375, -1832507//63375, 654262//21125, -1667441//63375, 478378//21125, -221244//21125]
3; 9; 6; 5; 10; 1; 1; 4; 1; 1; [141//125, 39736//21125, 50916//21125, 6287//4225, 13006//4225, 153159//21125, -157396//21125, -49472//4225, -27823//4225, -70992//4225, -1926//169, -66096//4225, -142416//4225, -733734//21125, -1617346//21125, -1553076//21125, 148653//4225, -13118//845, -1881384//21125, 6455586//21125, 1488458//4225, 2261771//4225, 2861748//4225, -187326//845, -372546//4225, 6201//25, -6261462//21125, 422354//1625, -319926//1625, 37923//325, -201572//4225, -122172//21125, 920058//21125, -102078//4225, 264367//4225, 3897//4225, 7562//845, -54774//4225, 53676//4225, -214272//21125, 138292//21125, -70698//21125, 3119//4225, 3856//4225, -37392//21125, 43708//21125, -206//169, 6391//4225]
3; 9; 6; 5; 9; 1; 1; 5; 1; 1; [-17804//21125, 2018//845, 57032//21125, 85258//21125, 84659//21125, 34381//4875, -4636//4225, -230744//21125, -59178//4225, -143407//12675, -5046//845, -126943//4225, -41772//845, -530678//63375, -87751//845, -185989//1625, -197381//1625, -6074717//63375, -2718943//63375, 466476//4225, 9664009//21125, 8319599//12675, 8890243//12675, -234916//845, -102773//4225, 161263//845, -16125019//63375, 198589//845, -4006181//21125, 2339366//21125, -3689581//63375, 326636//63375, 111728//4225, -276608//21125, 812827//12675, 48067//12675, 5241//845, -45757//4225, 9562//845, -599704//63375, 5417//845, -76216//21125, 20766//21125, 28589//63375, -29708//21125, 7103//4225, -21368//21125, 20047//12675]
3; 9; 6; 5; 2; 1; 1; 3; 1; 1; [45872183//2023779225, 156973849//10118896125, -123454217//674593075, -476045536//10118896125, -199810732//3372965375, -1189415309//2023779225, 8271366206//10118896125, -1104322221//3372965375, 8203230757//10118896125, -26729912//26983723, 186969543//134918615, -5294237851//2023779225, 2472938196//674593075, -3676930799//2023779225, -3736703669//10118896125, 1117547804//155675325, 66362449091//10118896125, -29471938259//10118896125, 46285234547//2023779225, -285344917436//10118896125, 176934420893//10118896125, -152600132762//10118896125, 835380599//26983723, -23726452157//404755845, 42597794833//674593075, -108011669722//2023779225, 15106863617//404755845, -16136155999//778376625, 14753937404//2023779225, 9038688481//3372965375, -75649572812//10118896125, 795239815//80951169, -30972358451//3372965375, 22384485078//3372965375, -42370796086//10118896125, 231619630//80951169, -1068988732//404755845, 4037426681//2023779225, -828711211//674593075, 1101493337//2023779225, -138457464//3372965375, -171622636//674593075, 1315727221//3372965375, -3882058522//10118896125, 656000959//2023779225, -2272698073//10118896125, 1171001264//10118896125, -121608362//3372965375]
3; 9; 6; 5; 8; 1; 1; 4; 1; 2; [1810444//765375, 1185776//765375, 1323644//765375, 829264//255125, 3074182//765375, -1139961//255125, 759001//765375, -4257631//765375, -312617//11775, -1208526//51025, 187737//51025, -4007873//153075, -613872//51025, -19199788//255125, 992898//255125, -24598994//765375, -1911922//765375, 32531138//765375, 61041046//255125, 39898229//765375, 291752626//765375, 88438339//153075, 15620454//51025, -36294898//51025, 123338987//153075, -35967157//51025, 128442801//255125, -224070238//765375, 28035466//255125, 12081284//765375, -64873511//765375, 31035273//255125, -77120078//765375, 24423931//255125, -3457849//153075, 1831096//51025, -1752602//51025, 4086968//153075, -66996//3925, 2051991//255125, -1009258//765375, -741074//255125, 3635534//765375, -3730736//765375, 1083083//255125, -688881//255125, 1362458//765375, 2257//30615]
3; 9; 6; 5; 6; 1; 1; 3; 1; 1; [5361513889//3372965375, 11308395292//3372965375, 21123628277//3372965375, 3742927992//674593075, 2483715752//674593075, 4188480872//3372965375, -10852261273//3372965375, -22411022051//3372965375, -2215576237//674593075, -812621662//674593075, -5571103926//674593075, -615898511//51891775, -957059452//674593075, -283874336274//3372965375, -479298747372//3372965375, -663278622217//3372965375, -63425537223//674593075, 24648739208//674593075, 634916330818//3372965375, 939100897593//3372965375, 267741197786//3372965375, -26037746257//134918615, -180357609472//674593075, -32985564726//674593075, 149678474047//674593075, -188824674732//674593075, 858699369078//3372965375, -680602805366//3372965375, 376308172169//3372965375, -38909658987//674593075, 3819501884//674593075, 8817527128//259458875, -84253957746//3372965375, 137873694293//3372965375, -25989481071//674593075, 5064047817//674593075, -626109688//51891775, 8317615628//674593075, -6805476378//674593075, 22705866078//3372965375, -12433293866//3372965375, 2758416314//3372965375, 84208236//134918615, -1023549966//674593075, 6394269424//3372965375, -4270131821//3372965375, 3855452928//3372965375, -526293347//674593075]
3; 9; 6; 5; 11; 1; 1; 3; 1; 2; [6755758//79155375, -38572933//79155375, 24962542//79155375, 31815742//26385125, -645604//6088875, -6817444//6088875, -107481142//79155375, -85884217//26385125, -133673851//26385125, -14203816//15831075, 9948812//15831075, 448867//5277025, 2184158//1217775, -232738011//26385125, 504109633//79155375, -102146974//6088875, -2621784926//79155375, 583022179//26385125, 4450425737//79155375, 2013392374//26385125, 1854443342//26385125, 4156350473//79155375, -1233673741//15831075, -571474213//15831075, 1508126861//15831075, -1755085081//15831075, 15289198//156125, -5656452311//79155375, 3285344969//79155375, -484680686//26385125, -14409124//79155375, 1106626891//79155375, -925286209//79155375, 1387099208//79155375, -52826287//6088875, 54826046//15831075, -25829724//5277025, 1935441//405925, -59505479//15831075, 64152182//26385125, -94080821//79155375, 17650124//79155375, 8875379//26385125, -16464528//26385125, 4423967//6088875, -39670309//79155375, 11885396//26385125, -13192006//79155375]
3; 9; 6; 5; 3; 1; 1; 7; 1; 1; [20986012069//10118896125, 43798549783//10118896125, -14335055677//10118896125, 2871539831//2023779225, -216141320//80951169, 2056647436//404755845, 8981606204//2023779225, -24770015974//3372965375, -821580003//134918615, -2761267433//51891775, -36426096301//2023779225, 86154702451//2023779225, -122855648566//2023779225, -653610423104//10118896125, -899402240578//10118896125, -144529014571//3372965375, -107194594777//2023779225, 647345396083//2023779225, 104613848392//2023779225, 175180023659//2023779225, -73854869783//10118896125, 221599210609//2023779225, 1166352727396//674593075, -41828635702//674593075, -619770616138//674593075, 2646669040129//2023779225, -12984980451887//10118896125, 10200212726341//10118896125, -6679118929549//10118896125, 216762773672//674593075, -34851977429//674593075, -4879693127//51891775, 355762904801//2023779225, -1845567273229//10118896125, 106112862758//674593075, -54401116703//2023779225, 110292229016//2023779225, -40391500142//674593075, 103745112056//2023779225, -367619131112//10118896125, 206041422616//10118896125, -73629570634//10118896125, -3819158222//2023779225, 1094095634//155675325, -5559487084//674593075, 79137079//10378355, -57198995909//10118896125, 2380446892//674593075]
3; 9; 6; 5; 10; 1; 1; 3; 1; 1; [5288587//26385125, 83953897//26385125, 316193039//79155375, 191115313//79155375, 2859872//6088875, 26252522//26385125, -5427771//2029625, -209961538//15831075, -1425991352//79155375, -284138216//15831075, -10988288//1055405, -128524267//5277025, -147476578//3166215, -1986288901//79155375, -8203868531//79155375, -3225053458//26385125, -3473033713//79155375, 7575571274//79155375, 4210030593//26385125, 13841166089//79155375, 4894272842//15831075, 14409674089//26385125, 10259423279//15831075, -368005057//3166215, -1148222487//5277025, 1155397922//3166215, -10124236401//26385125, 8232011519//26385125, -17569439672//79155375, 9010190221//79155375, -801776926//26385125, -945660158//79155375, 1441501199//26385125, -625994467//15831075, 5683204331//79155375, -74160869//15831075, 3079380//211081, -277443749//15831075, 49789073//3166215, -308422401//26385125, 547391357//79155375, -79914824//26385125, -4346344//79155375, 47594799//26385125, -177208078//79155375, 193004377//79155375, -1610932//1055405, 128056711//79155375]
3; 9; 6; 5; 5; 1; 1; 4; 1; 1; [-43657088//79155375, -78244613//79155375, -1153561//1217775, -240634418//79155375, -252219481//79155375, -283997804//79155375, 132909199//79155375, 223118554//26385125, 39923323//79155375, 18937156//5277025, 146279954//15831075, 4488257//15831075, 63042401//3166215, 2610216358//79155375, 1057415066//26385125, 565606123//15831075, 4527420673//79155375, 1362401426//79155375, 6326981684//79155375, -3000409833//26385125, -26255115737//79155375, -1128535561//6088875, -4528782827//15831075, 231007864//15831075, 178521859//1217775, -665950772//3166215, 5511936658//26385125, -4294495662//26385125, 1727154089//15831075, -1337297192//26385125, 320672231//26385125, 496441779//26385125, -865227664//26385125, 1141990079//79155375, -2623078129//79155375, 22184694//5277025, -138510194//15831075, 153379363//15831075, -5265323//633243, 470250949//79155375, -262472291//79155375, 19577624//15831075, 657636//2029625, -84420367//79155375, 111305647//79155375, -34878329//26385125, 16775748//26385125, -19001343//26385125]
3; 9; 6; 5; 8; 1; 1; 3; 1; 2; [1732511//6088875, -1962286//26385125, -60614288//79155375, -35112569//79155375, -47872376//47493225, 14645938//237466125, 168538927//79155375, 939272962//237466125, 36231334//15831075, 107046776//47493225, 312056203//47493225, 257067988//47493225, 71675398//9498645, -675590039//237466125, 2532880934//237466125, 2624004094//237466125, 3819952402//237466125, 2107069922//47493225, 155074889//79155375, -28110064601//237466125, -33859161082//237466125, -92726852//730665, -425949741//5277025, -919957849//15831075, 6082228648//47493225, -1355985856//9498645, 753924472//6088875, -20915164723//237466125, 1350111563//26385125, -329062798//18266625, -23032202//15831075, 3745211776//237466125, -5953263943//237466125, 2783870009//237466125, -925621804//47493225, 228474409//47493225, -33712702//5277025, 96053459//15831075, -2961493//633243, 703510658//237466125, -327137698//237466125, 3802204//18266625, 129145546//237466125, -12848281//15831075, 206667776//237466125, -192536458//237466125, 84658364//237466125, -17042213//47493225]
3; 9; 6; 5; 4; 2; 1; 4; 1; 1; [149638354//79155375, 404561734//237466125, 288370804//79155375, 464185022//237466125, -146123969//47493225, -116913854//18266625, -2473186322//237466125, -755433646//47493225, -582580952//79155375, 12547798//1899729, -131251//16237, -538278469//15831075, -163321292//15831075, -14240999087//237466125, -7968779384//237466125, -6366190274//79155375, 1828741792//26385125, 10969758784//47493225, 47503514347//237466125, 64139680412//237466125, 4460354734//9498645, 1688190692//18266625, -993066271//1899729, -847421096//9498645, 2243953832//5277025, -2849047024//5277025, 39301226368//79155375, -90153074497//237466125, 6071605491//26385125, -23989299376//237466125, 900759487//47493225, 13719432661//237466125, -14283273884//237466125, 492103133//5277025, -12689940437//237466125, 2095919//146133, -220552283//9498645, 125551103//5277025, -309003988//15831075, 3119151644//237466125, -550997489//79155375, 148361968//79155375, 330933314//237466125, -131993333//47493225, 835445606//237466125, -635458679//237466125, 117956219//47493225, -265082387//237466125]
3; 9; 6; 5; 12; 1; 1; 2; 1; 1; [80356186//142614875, 57463599//142614875, 42869483//142614875, 76747051//142614875, 914398//142614875, -32104208//28522975, 97178804//142614875, 60518599//142614875, -197254177//142614875, -12679192//28522975, -724284//2194075, -61839056//28522975, 20313426//5704595, -1263998891//142614875, -852351809//142614875, 117637212//142614875, -218717841//142614875, 3081944362//142614875, 376575989//5704595, 5352558176//142614875, -6743409//142614875, 7628330467//142614875, -3918001//181675, -681285677//28522975, 1296971574//28522975, -280011451//5704595, 5895327357//142614875, -4203947427//142614875, 13710374//843875, -792777823//142614875, -118799949//142614875, 1466119//168775, -732719577//142614875, 878130248//142614875, -304792869//142614875, 3868889//2194075, -63503678//28522975, 58668451//28522975, -8872797//5704595, 136218987//142614875, -4754804//10970375, 381702//10970375, 28545602//142614875, -39987859//142614875, 10075787//28522975, -29315607//142614875, 22329598//142614875, -4740714//142614875]
3; 9; 6; 5; 9; 1; 1; 2; 1; 1; [9278892//142614875, -94560387//142614875, -462459992//142614875, -1084623888//142614875, -283903548//28522975, -417064854//28522975, -2562965934//142614875, -3913018623//142614875, -3881480692//142614875, -642515206//28522975, -475534602//28522975, -514299678//28522975, -326887997//28522975, -381600512//142614875, 8707076907//142614875, 20958437762//142614875, 39326234643//142614875, 7922302613//28522975, 10983158058//28522975, 62930989664//142614875, 75877756093//142614875, 47718479582//142614875, 412202//181675, -1337329532//28522975, 134185354//2194075, -1698769832//28522975, 6510803394//142614875, -3757055234//142614875, 2908093456//142614875, 1480580459//142614875, 215146294//28522975, 732228301//28522975, 1647857202//142614875, 4428925379//142614875, 1496673526//142614875, 74180771//28522975, -79920028//28522975, 66283208//28522975, -46508673//28522975, 126064374//142614875, -33377189//142614875, 1036976//142614875, 477406//843875, -4303281//28522975, 19266823//28522975, 17609537//142614875, 86405604//142614875, 32169156//142614875]
3; 9; 6; 5; 7; 1; 1; 4; 1; 1; [-31730344//9949875, 32141432//9949875, -103567//79599, -37169326//9949875, 17000493//3316625, 53599214//3316625, -7355527//765375, -38517448//3316625, 120612292//3316625, -4144081//663325, -17938158//663325, 1190624//132665, 52917433//1989975, 685940284//9949875, -2182718132//9949875, 65950386//663325, 1157643886//9949875, -3171648614//9949875, -1671565629//3316625, 1710741722//3316625, -1021450006//9949875, -6586198286//9949875, 676553314//663325, 274707871//1989975, -312388181//397995, 668565591//663325, -715626341//765375, 7011412544//9949875, -292118694//663325, 684629706//3316625, -344923417//9949875, -1110781156//9949875, 1572930448//9949875, -1389384923//9949875, 20082663//255125, -51730687//1989975, 28599968//663325, -17767571//397995, 5634344//153075, -248306893//9949875, 130285859//9949875, -7527418//1989975, -1727369//765375, 17368736//3316625, -66585401//9949875, 4525346//765375, -40090753//9949875, 5689224//3316625]
3; 9; 6; 5; 3; 1; 1; 12; 1; 1; [6341339923859//1588666691625, 13113186888017//1588666691625, 22019312469487//1588666691625, 9166518440528//529555563875, 753198188527//122205130125, -455427473089//63546667665, -36283867987673//1588666691625, -58075702240741//1588666691625, -4533204392204//122205130125, -5303208089172//105911112775, -1180475850348//21182222555, -10892815425824//105911112775, -10906702808676//105911112775, -76541838499663//529555563875, -283180729543442//1588666691625, -512015775557452//1588666691625, -528906042443209//1588666691625, 67560853748658//529555563875, 8459089340107//12709333533, 741922732572366//529555563875, 2814388515029426//1588666691625, 2486623302857467//1588666691625, 244332216120619//317733338325, -37674948899663//63546667665, 38662221188196//105911112775, -55234400997028//317733338325, 6915535888141//529555563875, 33362031812713//529555563875, -65897802898562//529555563875, 50692006614901//529555563875, -133334280536108//1588666691625, 440020944361//4888205205, 51865214446009//1588666691625, 140100528748838//1588666691625, 123680804030231//1588666691625, 2191038767192//105911112775, -708265611568//63546667665, 1030598621587//317733338325, 184616256056//105911112775, -7297842118262//1588666691625, 7903473185854//1588666691625, -584234711507//122205130125, 4728941360008//1588666691625, -2847045412613//1588666691625, 83047637681//63546667665, 2030411582599//1588666691625, 515021295891//529555563875, 1080286263837//529555563875]
3; 9; 6; 5; 6; 2; 1; 9; 1; 1; [-24758680633//10118896125, -47193453022//10118896125, -59021705393//10118896125, -1502796954//3372965375, 1966907318//10118896125, 2147335449//3372965375, 663314866//80951169, 152301227284//10118896125, 2184119632//155675325, 40220509436//2023779225, 6966305557//674593075, 9216988579//155675325, 50566595426//2023779225, 185077483671//3372965375, 1192561581712//10118896125, 465155654136//3372965375, -223810887766//3372965375, -132145145086//778376625, -797376975399//3372965375, -148241757938//404755845, -4724402945839//10118896125, -483245926623//674593075, -659677287319//2023779225, 381872055147//674593075, -398561309071//674593075, 333658719887//674593075, -3402787152806//10118896125, 1901720315041//10118896125, -504932836816//10118896125, -105474625588//3372965375, 49866966662//778376625, -315917584492//3372965375, 22918137029//404755845, -752701485527//10118896125, -2553812501//2023779225, -18266072927//674593075, 1272977206//51891775, -36786022657//2023779225, 7436780983//674593075, -3585311452//778376625, 1572930746//10118896125, 27768797894//10118896125, -12565778753//3372965375, 11504819697//3372965375, -10104651512//3372965375, 201225563//134918615, -12908327362//10118896125, -36107593//80951169]
3; 9; 6; 5; 11; 1; 1; 7; 1; 1; [613448028//3372965375, -299308177//3372965375, -1884516043//3372965375, -1425238168//3372965375, -1503191346//3372965375, -292634871//3372965375, 4698296//3372965375, 27534381//3372965375, 15451970637//3372965375, 3103304848//674593075, -302827767//674593075, 4250654487//674593075, 1327869253//674593075, -13000067033//3372965375, 42470649087//3372965375, 22636516053//3372965375, 8170909923//3372965375, -5512718244//3372965375, -173963054939//3372965375, -35714153646//3372965375, -32958231626//3372965375, -440869269677//3372965375, -25666161197//674593075, 2330616031//51891775, -26800448533//674593075, 19839880303//674593075, -59179603554//3372965375, 25634564901//3372965375, 2212575254//3372965375, -15039143851//3372965375, 20406052703//3372965375, -27531794642//3372965375, 13607797757//3372965375, -11164442118//3372965375, -15429135461//3372965375, -1303890823//674593075, 1034528162//674593075, -670745407//674593075, 334162182//674593075, -359136984//3372965375, -448717734//3372965375, 893118624//3372965375, -921349521//3372965375, 773684963//3372965375, -687299742//3372965375, 263706452//3372965375, -122689058//3372965375, -416851216//3372965375]
3; 9; 6; 5; 12; 1; 1; 10; 1; 1; [-6640493958//3372965375, -8478572669//3372965375, -3640822243//3372965375, -10130617266//3372965375, -18398993226//3372965375, 13179550671//3372965375, 19473636631//3372965375, 167149033//259458875, 723639152//51891775, 4087743174//134918615, 4465013472//674593075, 636078992//134918615, 29340080203//674593075, 269875890548//3372965375, 121398975039//3372965375, 76639887268//3372965375, 24395874112//259458875, -69317092204//3372965375, -952653810496//3372965375, -581037488411//3372965375, -890437606964//3372965375, -445230120858//674593075, -68666775492//134918615, 15318649184//51891775, -15091213114//134918615, -9495942217//674593075, 306686090304//3372965375, -370851054978//3372965375, 353701085369//3372965375, -252098437282//3372965375, 162542608678//3372965375, -117834323443//3372965375, -19110390678//3372965375, -6964401917//3372965375, -6050382248//134918615, -1097619292//134918615, 900501378//674593075, 78317136//26983723, -3203371503//674593075, 16908568614//3372965375, -13619374098//3372965375, 9386097634//3372965375, -359049414//259458875, 1368842268//3372965375, 77529627//3372965375, -2559942798//3372965375, 1579456258//3372965375, -788868396//674593075]
3; 9; 6; 5; 5; 1; 1; 3; 1; 1; [-1874809968//3372965375, 9446264//134918615, -2033885914//674593075, -729941668//3372965375, 12063673452//3372965375, -12047978372//3372965375, 9660870451//3372965375, -68369206//259458875, -11601954579//3372965375, 13531750052//674593075, -2165820804//674593075, 1277142931//674593075, 14026427147//674593075, -8730665752//3372965375, -492655116//134918615, 68325276642//674593075, -108157021862//3372965375, -13452417649//259458875, 123117902242//3372965375, -68814256637//259458875, 354457450458//3372965375, 260637116254//3372965375, -325993526878//674593075, 206913907286//674593075, -7459437743//51891775, 14801359412//674593075, 14095363473//259458875, -2368003498//26983723, 12720082192//134918615, -1492817194//19958375, 159000351574//3372965375, -81939506954//3372965375, -16242031488//3372965375, 33256181004//3372965375, -26107594418//3372965375, -6272353952//674593075, 1997064844//674593075, 881824644//674593075, -2368477887//674593075, 13918553829//3372965375, -495394148//134918615, 1868478024//674593075, -5440179886//3372965375, 153919143//259458875, 232519166//3372965375, -2188774758//3372965375, 2201974084//3372965375, -1580103923//3372965375]
3; 9; 6; 5; 9; 1; 1; 10; 1; 1; [1101876088//3372965375, 10260471028//3372965375, -5506029956//3372965375, -263900214//134918615, 6105308112//3372965375, -2294880459//674593075, -37624093409//3372965375, -15290725052//3372965375, -16495078892//3372965375, -23701210012//674593075, -18606652884//674593075, -360152713//134918615, -2028451109//51891775, -164493378528//3372965375, -24341116236//259458875, 23675237372//259458875, 4802118401//674593075, -298827825527//3372965375, 114158688144//674593075, 633069408779//3372965375, -196882300918//3372965375, 988127267427//3372965375, 614213848868//674593075, -27943272024//674593075, -63968635091//134918615, 457374655338//674593075, -2254347612844//3372965375, 1765906007536//3372965375, -1146731571972//3372965375, 114943697981//674593075, -133944610311//3372965375, -28098005373//674593075, 25308323434//259458875, -328171895004//3372965375, 312544219321//3372965375, -9245990538//674593075, 19020241784//674593075, -323184842//10378355, 18013454067//674593075, -64040124404//3372965375, 35856092476//3372965375, -12662068752//3372965375, -611601256//674593075, 11513813959//3372965375, -2804664933//674593075, 13803715872//3372965375, -10107100904//3372965375, 6908345786//3372965375]
3; 9; 6; 5; 4; 2; 1; 3; 1; 1; [-376167147//259458875, -328973417//778376625, -891641404//778376625, 323757466//778376625, -758572298//778376625, -10266769531//778376625, -9360062768//778376625, -11282412056//778376625, -131333993//3991675, -860449292//51891775, -2822416//51891775, -122628889//31135065, -108119546//11975025, 49123087661//778376625, 4794882019//59875125, 32287517308//259458875, 22014982289//778376625, 144817932608//778376625, 463520210891//778376625, 371514177278//778376625, 561189658321//778376625, 164300596978//155675325, 13840856163//51891775, 749226857//155675325, -336603291//2075671, 34424489597//155675325, -163366019402//778376625, 132011285291//778376625, -26122028241//259458875, 13527421409//259458875, -208241131//778376625, 7386653458//778376625, 39620275979//778376625, 1777294213//778376625, 11350151032//155675325, -776503349//155675325, 483531726//51891775, -7998931//798335, 438618091//51891775, -4550539312//778376625, 863091922//259458875, -762599518//778376625, -283205713//778376625, 1032745589//778376625, -229173494//259458875, 99254198//59875125, -238439762//778376625, 45266908//31135065]
3; 9; 6; 5; 8; 1; 1; 7; 1; 1; [-5867747533//3372965375, -9202871624//3372965375, -17917483557//3372965375, -23856673946//3372965375, 3275204892//3372965375, -26081698689//3372965375, 1424272929//674593075, 14741366977//674593075, 40804705987//3372965375, 22994737966//674593075, 14137493889//674593075, 13628999502//674593075, 56337505149//674593075, 180749348463//3372965375, 209854141104//3372965375, 636226808177//3372965375, 345123598096//3372965375, -593082349802//3372965375, 141300038019//3372965375, -295928553213//674593075, -86156662871//134918615, -2317730790107//3372965375, -969931234439//674593075, 235543109169//674593075, 239138314342//674593075, -464179130196//674593075, 2547478950169//3372965375, -2151965001803//3372965375, 1547685892126//3372965375, -832615934132//3372965375, 265909498254//3372965375, 93561217092//3372965375, -71537574021//674593075, 50865856176//674593075, -423627565441//3372965375, 3426064689//674593075, -17955638644//674593075, 22916710533//674593075, -1633772658//51891775, 81050911949//3372965375, -50046114068//3372965375, 23124640246//3372965375, -139266379//259458875, -10702367561//3372965375, 15464741502//3372965375, -3318210813//674593075, 2095143952//674593075, -10137608836//3372965375]
3; 9; 6; 5; 12; 1; 1; 8; 1; 1; [2521825343//3372965375, 5039055427//3372965375, 7930485302//3372965375, 7660489272//3372965375, 365578152//3372965375, -1149535949//674593075, -7026044906//3372965375, -135821549//259458875, -4096011058//3372965375, -327245336//134918615, -5309223087//674593075, -11967943799//674593075, -1874060172//674593075, -46673234313//3372965375, -72704680707//3372965375, -170350317377//3372965375, -151042022067//3372965375, 92185811798//3372965375, 67198749641//674593075, 660038003166//3372965375, 556614522302//3372965375, 221467354383//3372965375, -1827518443//26983723, -50015096637//674593075, 94877260531//674593075, -103324681572//674593075, 435715421936//3372965375, -309890552171//3372965375, 162622450959//3372965375, -64723138071//3372965375, -14594593341//3372965375, 1151109068//51891775, -3211015659//259458875, 89811226536//3372965375, -2910296947//259458875, 737659404//134918615, -4669547328//674593075, 4307667509//674593075, -3272421993//674593075, 10071838636//3372965375, -4569106121//3372965375, 223852674//3372965375, 1975978359//3372965375, -3051397351//3372965375, 135975202//134918615, -1928849782//3372965375, 2119854316//3372965375, -640970321//3372965375]
3; 9; 6; 5; 7; 1; 1; 3; 1; 1; [-91609564//237466125, 691687111//237466125, 800983031//237466125, 336982216//79155375, 10248937//1899729, 1578480469//237466125, -805521668//237466125, -155072324//9498645, -63020434//6088875, -59676979//3653325, -10086094//405925, -82007608//3653325, -22966483//405925, -4937385806//237466125, -2956968649//26385125, -18274885561//237466125, -22405702448//237466125, -1705634147//15831075, -1670004681//26385125, 21495754601//79155375, 26874766397//47493225, 935842244//1405125, 3373418216//3653325, 3162103//281025, -2026830763//3653325, 2766154328//3653325, -173704835333//237466125, 134283935657//237466125, -87726326378//237466125, 40649436316//237466125, -1680149141//47493225, -1649978243//26385125, 26745788779//237466125, -3735567163//47493225, 2125385036//18266625, -20643347//1217775, 12951184//405925, -125667467//3653325, 106029932//3653325, -4823950348//237466125, 2643273662//237466125, -908956873//237466125, -36683211//26385125, 185505946//47493225, -1147141987//237466125, 1074563449//237466125, -127669577//47493225, 15031052//6088875]
3; 9; 6; 5; 11; 1; 1; 12; 1; 1; [53938411679//105911112775, 316680695346//529555563875, 521127553942//529555563875, 852759725442//529555563875, 475389247464//529555563875, -12918050836//21182222555, -175998545321//105911112775, -179516384761//529555563875, 1743916526546//529555563875, 122521017042//105911112775, -105062179188//105911112775, 70898111584//105911112775, -353899468001//105911112775, -2993711644527//105911112775, -13725423187286//529555563875, -12519426445392//529555563875, -8857904789517//529555563875, -669523856239//529555563875, 3236518188973//105911112775, 1213052984929//21182222555, -9302746755854//529555563875, -74063732023506//529555563875, -9782564470233//105911112775, 309431434947//105911112775, 5251891352704//105911112775, -7467337788786//105911112775, 1427130071399//21182222555, -29336504011333//529555563875, 18086964956789//529555563875, -9561996490161//529555563875, 1821971719563//529555563875, 697250976693//105911112775, -702861106043//105911112775, 4750439400048//529555563875, -7679068620778//529555563875, 153655394673//105911112775, -310266257192//105911112775, 340450615331//105911112775, -291586088874//105911112775, 203172780011//105911112775, -45427705266//40735043375, 14890394708//40735043375, 45623309229//529555563875, -14839448914//40735043375, 49853906287//105911112775, -37691408601//105911112775, 152236311908//529555563875, -160623473663//529555563875]
3; 9; 6; 5; 4; 1; 1; 9; 1; 1; [-650022313//778376625, -717420814//259458875, -1246960348//778376625, -1176439399//155675325, -6164690692//778376625, -3171404359//778376625, -1174031988//259458875, 21188154307//778376625, 1134857072//51891775, 4209286//51891775, 36098939//2075671, 1519464367//51891775, 9460194526//155675325, 16109142746//259458875, 77857793782//778376625, 42623811868//778376625, 7508934463//51891775, -9552591576//259458875, 7022565328//59875125, 55143446614//778376625, -868207011277//778376625, -141047092903//155675325, -28829799124//51891775, -431065058//10378355, 4581112127//11975025, -25978735758//51891775, 124167188518//259458875, -281781606274//778376625, 60671564418//259458875, -5240622481//51891775, 10074735416//778376625, 37013194702//778376625, -49626110188//778376625, 4586172533//259458875, -601783489//6227013, 633481429//51891775, -665386252//31135065, 1170312148//51891775, -971839252//51891775, 3367601898//259458875, -1792975098//259458875, 578375268//259458875, 181203197//155675325, -2131896134//778376625, 2526805912//778376625, -2120088493//778376625, 837490204//778376625, -102104572//51891775]
3; 9; 6; 5; 6; 2; 1; 4; 1; 2; [-13172078//9949875, -2169197//3316625, 1801859//9949875, 898477//765375, 3053824//3316625, -14909708//9949875, 9898058//1989975, 87743899//9949875, 72480844//9949875, -8076124//1989975, -5697854//663325, 886263//132665, -9048236//397995, 391826738//9949875, -11220771//255125, -144704823//3316625, -402287791//9949875, 114103013//9949875, 238479156//3316625, -43044148//397995, -1315197329//9949875, 836819186//9949875, 507956396//1989975, 669128288//1989975, -1253651//2041, 260506924//397995, -11603021//21125, 3785391218//9949875, -701864769//3316625, 220297359//3316625, 275934034//9949875, -736941526//9949875, 171888214//1989975, -290231049//3316625, 211195626//3316625, -47812946//1989975, 59212072//1989975, -10849966//397995, 2714292//132665, -41436557//3316625, 53920193//9949875, -3180382//9949875, -27980473//9949875, 13333993//3316625, -38603906//9949875, 6043093//1989975, -45592//21125, 3603416//3316625]
3; 9; 6; 5; 9; 1; 1; 8; 1; 1; [-225093708//134918615, 8643764482//3372965375, 140575118//134918615, 16126420203//3372965375, 793485754//134918615, -13343660536//3372965375, 1002835978//259458875, -35581050071//3372965375, -8344950488//3372965375, 9434142056//674593075, -363280881//26983723, 18378852787//674593075, -21535565299//674593075, 20632383643//674593075, -395606381132//3372965375, -13175355514//134918615, -17271557461//259458875, -23722566856//134918615, 988307944701//3372965375, 250935417136//3372965375, 613185413206//3372965375, 828658137428//3372965375, -461896730419//674593075, 74375310169//134918615, -246278510613//674593075, 739979249//3991675, -30110383847//674593075, -168883253731//3372965375, 2274221795//26983723, -336879967539//3372965375, 10072398371//134918615, -151472656422//3372965375, 9329916051//259458875, -10487810272//3372965375, 26731364994//3372965375, -13487353961//674593075, 1560342702//134918615, -2962863597//674593075, -428342916//674593075, 2315009267//674593075, -15055520616//3372965375, 537217362//134918615, -10635033824//3372965375, 47941405//26983723, -2093024672//3372965375, 507180168//3372965375, 1824118538//3372965375, -1261987671//3372965375]
3; 9; 6; 5; 8; 1; 1; 12; 1; 1; [-167353826721//529555563875, 221050239066//529555563875, -66238996394//529555563875, 100744589243//529555563875, 105581741698//529555563875, -1572752794357//529555563875, 395648136569//105911112775, -469504369//4236444511, -3984713188858//529555563875, 1214490882378//105911112775, -88887505701//105911112775, -28125479725//4236444511, 42739696326//8147008675, 167050428937//40735043375, -1676252622436//529555563875, 411067186243//40735043375, -14077550028488//529555563875, 17234189369927//529555563875, 19352048133137//529555563875, -18083327758807//105911112775, 18897625460463//105911112775, 77895808885398//529555563875, -47988034546857//105911112775, 24160921885429//105911112775, -1119853134457//21182222555, -6296853147317//105911112775, 60039639777628//529555563875, -64732083342523//529555563875, 54975318513317//529555563875, -38891391569814//529555563875, 21974112651966//529555563875, -6259157791639//529555563875, -260778360017//21182222555, 2355734310278//105911112775, -5447366075896//529555563875, -558430174948//105911112775, -101022817754//105911112775, 7139674683//1629401735, -584427809343//105911112775, 2702781589538//529555563875, -2043660225488//529555563875, 1264393071132//529555563875, -570831977114//529555563875, 57019006026//529555563875, 282478752211//529555563875, -94013646929//105911112775, 94049895042//105911112775, -244779273561//529555563875]
3; 9; 6; 5; 2; 1; 1; 11; 1; 1; [4293001039//529555563875, 92411839304//529555563875, -508457398349//1588666691625, -66313074791//317733338325, -323570690782//1588666691625, 14256530759//317733338325, -164049838678//529555563875, -79150423272//105911112775, -565003647693//529555563875, 91233049132//63546667665, 135832051904//105911112775, -550657740512//317733338325, 1132455920738//317733338325, -4246262287672//1588666691625, -529064930354//529555563875, 23583937448594//1588666691625, 391334294183//317733338325, 80092573518//40735043375, -65249134052//105911112775, 1737617014358//529555563875, 9990924637393//317733338325, 5601671867473//529555563875, -4334110496444//63546667665, -7336396707598//317733338325, 7585517188286//105911112775, -27227456195857//317733338325, 122551362885109//1588666691625, -90855151027246//1588666691625, 55515864732437//1588666691625, -903876638623//63546667665, -19288279533//529555563875, 2681143182706//317733338325, -18274181652488//1588666691625, 803539100458//63546667665, -4391097811751//529555563875, 32320050601//12709333533, -1192918515002//317733338325, 394362429494//105911112775, -24235923442//8147008675, 3111598221659//1588666691625, -1568426613181//1588666691625, 381364444042//1588666691625, 82286651701//317733338325, -774527339104//1588666691625, 33502455478//63546667665, -705296999923//1588666691625, 35918679842//105911112775, -260457784913//1588666691625]
3; 9; 6; 5; 6; 2; 1; 3; 1; 2; [18048922//47493225, -9437408//237466125, 32699042//79155375, 3027601//9498645, 114800//211081, -210689824//237466125, 104645596//237466125, -206713258//237466125, -231334988//79155375, -127469204//47493225, -73335436//47493225, -152166676//47493225, 14579057//47493225, -614506214//47493225, 7113502//26385125, -40555321//237466125, 75553358//47493225, -40872284//5277025, 8992582804//237466125, 426067448//18266625, 55251112//26385125, 19725276754//237466125, 620433376//47493225, 395977148//15831075, -2020279616//47493225, 2097182537//47493225, -587385271//15831075, 5924683874//237466125, -243651406//18266625, 192424298//47493225, 89176174//47493225, -874390828//237466125, 1718545852//237466125, -1265669486//237466125, 1826022502//237466125, -8916229//5277025, 95896156//47493225, -28828988//15831075, 21294541//15831075, -12944273//15831075, 79864069//237466125, 660332//237466125, -80329//405925, 12708076//47493225, -18339656//79155375, 53749232//237466125, -31049996//237466125, 273476//2029625]
3; 9; 6; 5; 3; 1; 1; 6; 1; 1; [7789096//190125, -10839362//190125, -1385341//14625, -9398293//190125, 8546617//190125, -1030063//14625, -51971617//190125, -1674617//190125, 7028849//12675, 18357722//38025, -2805824//12675, 5094337//38025, 60159196//38025, -228935141//190125, 242342977//190125, 202988386//63375, 676418458//190125, -181358549//63375, -254587537//63375, 871436017//190125, 516364567//190125, -75157937//4225, -1011302168//38025, 24821513//38025, 61451578//4225, -259173578//12675, 1262407079//63375, -229447978//14625, 50472751//4875, -918705466//190125, 163056859//190125, 28528858//21125, -157644088//63375, 563902061//190125, -40283564//12675, 16316648//38025, -10846271//12675, 3954547//4225, -30340991//38025, 8225294//14625, -59904584//190125, 21562004//190125, 6344444//190125, -1589957//14625, 23980927//190125, -21634354//190125, 17131046//190125, -520367//7605]
3; 9; 6; 5; 4; 1; 1; 4; 1; 2; [40049981//79155375, -62936321//26385125, -825963874//237466125, -70157378//26385125, -1801805974//237466125, -41754051//5277025, 58199104//18266625, 345260648//15831075, 899053412//26385125, 578266522//47493225, 250283453//47493225, 1572352943//47493225, 12184067//3166215, -9460125128//237466125, 1504088068//18266625, 25006508954//237466125, 289204369//18266625, -893237087//79155375, -2482817501//15831075, -31036947404//79155375, -3320938423//3166215, -37454074017//26385125, -6728412206//15831075, 3200406101//15831075, -1473339787//47493225, -809914//11241, 2139007717//18266625, -28257321668//237466125, 25097802547//237466125, -16093144739//237466125, 2829726344//79155375, -2560771//146133, -445068502//18266625, -1534903408//47493225, -19363508234//237466125, -201426452//47493225, -78457393//47493225, 227541577//47493225, -53485604//9498645, 1187991826//237466125, -287599196//79155375, 544848332//237466125, -210972994//237466125, -9526603//237466125, 20559184//47493225, -87187472//79155375, -7765981//47493225, -423330709//237466125]
3; 9; 6; 5; 6; 1; 1; 11; 1; 1; [2932206995092//1588666691625, 2306527648954//529555563875, 7825629287087//1588666691625, 2667876332871//529555563875, 727492366192//105911112775, 948623151191//529555563875, -2218707448181//529555563875, -14633801432014//1588666691625, -962676883138//122205130125, 369833234328//105911112775, -1577665347053//105911112775, -655628629642//24441026025, -6717514382//63546667665, -119526618897562//1588666691625, -242131730467582//1588666691625, -213756589888802//1588666691625, -35730935537741//529555563875, 19393878304//4888205205, 85439584207644//529555563875, 413253134501843//1588666691625, 262902561855953//529555563875, 469767126942539//1588666691625, -35220838476582//105911112775, 984779407826//317733338325, 59339290125514//317733338325, -16681941583556//63546667665, 398728794762794//1588666691625, -109497029881222//529555563875, 195352405008389//1588666691625, -104441594583539//1588666691625, 293990339411//24441026025, 43339978065796//1588666691625, -36168153505606//1588666691625, 93319907420432//1588666691625, -26589122422703//1588666691625, 1786641421156//317733338325, -89534292544//8147008675, 3785939343206//317733338325, -43037958540//4236444511, 864241230898//122205130125, -6535853683486//1588666691625, 1998544849984//1588666691625, 562443233441//1588666691625, -433561746734//317733338325, 2847786883846//1588666691625, -675408165647//529555563875, 814060370104//529555563875, -665771702398//1588666691625]
3; 9; 6; 5; 2; 1; 1; 5; 1; 1; [-24034//63375, 74506//190125, 19052//14625, 137128//190125, -15998//14625, -29009//38025, 120403//38025, 161578//190125, -62403//21125, -11351//1521, 155537//38025, 80317//12675, -432872//38025, 1438987//190125, -3392261//190125, -9764206//190125, -739697//21125, 2059624//190125, 1546514//38025, -2574613//38025, 246619//14625, 11317849//63375, 396983//1521, 1735324//12675, -12959539//38025, 14923973//38025, -65750899//190125, 47605747//190125, -2181901//14625, 817987//14625, 1163417//190125, -498766//12675, 214249//4225, -3155783//63375, 2970887//63375, -19057//1521, 220586//12675, -639551//38025, 55713//4225, -1615834//190125, 779627//190125, -51011//63375, -86573//63375, 437587//190125, -89888//38025, 73496//38025, -85538//63375, 18709//21125]
3; 9; 6; 5; 10; 1; 1; 11; 1; 1; [39242959052//105911112775, 397880373873//529555563875, 95416160137//529555563875, -439049182106//529555563875, -1942113834782//529555563875, -2760391738801//529555563875, -3180252158508//529555563875, -358399256981//105911112775, -1427184976547//529555563875, -140147570254//105911112775, -398152558863//105911112775, -985447589898//105911112775, -744171764636//105911112775, -2141816589423//105911112775, -6768041680423//529555563875, 9149857318853//529555563875, 32934435923371//529555563875, 69375941045077//529555563875, 66125719715431//529555563875, 56085194508048//529555563875, -1100667350746//105911112775, -7947187109793//529555563875, -9559368545029//105911112775, 2363355229977//105911112775, 169599514644//8147008675, -4531647218721//105911112775, 4825898192458//105911112775, -21335872996409//529555563875, 15243199663344//529555563875, -6833131326887//529555563875, 6062080306426//529555563875, 3790747307338//529555563875, -249283940571//529555563875, 48617295342//8147008675, -3454948886189//529555563875, 29314032024//105911112775, -172700047402//105911112775, 220764872973//105911112775, -207443702589//105911112775, 2398321984//1629401735, -497459724474//529555563875, 230770242804//529555563875, 4864032263//529555563875, -37949027904//529555563875, 204747569758//529555563875, -596175369//3133464875, 4613013338//21182222555, -86470412074//529555563875]
3; 9; 6; 5; 11; 1; 1; 6; 1; 1; [479642//21125, 511647//21125, 636667//63375, 7252//12675, 619799//21125, 570109//21125, -784172//12675, -8269522//63375, -1657837//21125, -323026//12675, -413914//2535, -742552//2535, 235086//4225, -40557476//63375, -52158686//63375, -22925102//63375, 9937039//12675, 31242833//63375, -8128297//63375, 22709536//12675, 312878672//63375, 87570592//21125, -5560072//4225, -4621421//2535, 636617//195, -44143952//12675, 183418942//63375, -10050796//4875, 69059429//63375, -813071//2535, -8026696//63375, 25812289//63375, -205054//507, 3199877//4875, -8198647//63375, 1628036//12675, -133969//845, 366361//2535, -1374728//12675, 1386954//21125, -620571//21125, 60589//63375, 65771//4225, -442497//21125, 33846//1625, -190868//12675, 952936//63375, -114347//63375]
3; 9; 6; 5; 4; 1; 1; 3; 1; 2; [2064//1625, -10267//1625, -34406//4875, -14421//1625, -5732//1625, 79397//4875, 15773//1625, 30443//4875, 1048//375, -12748//975, 3637//325, -31972//975, -7283//975, 62026//1625, 1014721//4875, 542786//4875, 1036333//4875, -917194//4875, -1431754//1625, -2616329//4875, -482828//4875, 4199461//4875, 629522//975, -284198//325, 814088//975, -211456//325, 2030884//4875, -913972//4875, 59876//1625, 389749//4875, -202074//1625, 388409//4875, -598012//4875, 303571//4875, 17843//4875, 12816//325, -32356//975, 22462//975, -4119//325, 1568//375, 2906//1625, -568//125, 27649//4875, -24712//4875, 4643//1625, -12712//4875, 1292//1625, 3728//4875]
3; 9; 6; 5; 6; 1; 1; 5; 1; 1; [262036//14625, 2033//585, -49258//4875, -3533//975, 44147//2925, -20721//1625, -1172783//14625, -102406//1625, 18899//375, 132583//2925, -12230//117, -194548//2925, 146858//585, -7971181//14625, -465814//2925, 5980534//14625, 2654746//2925, 399497//2925, -134987//1125, 9185626//4875, 929426//375, -18766286//14625, -12536657//2925, -393613//585, 9980962//2925, -2533324//585, 58572742//14625, -996636//325, 28012352//14625, -60694//75, 240818//2925, 622213//1625, -7262516//14625, 10132492//14625, -7665563//14625, 333682//2925, -36388//195, 561668//2925, -92129//585, 1555952//14625, -165391//2925, 26678//1625, 6598//585, -2780//117, 392902//14625, -319841//14625, 30838//1625, -12161//1125]
3; 9; 6; 5; 6; 2; 1; 7; 1; 1; [43517062337//10118896125, 16331762183//10118896125, 56908469263//10118896125, 6405525969//674593075, -4674672292//10118896125, 24613094658//3372965375, 1790299692//3372965375, -88785047944//10118896125, 1393352569//259458875, -15686956918//674593075, -87049561//674593075, -198326042//155675325, -19460202526//404755845, -1408974334042//10118896125, -403777503023//10118896125, -2262469217363//10118896125, -42323176868//404755845, 141479184074//778376625, -1066739737904//10118896125, 3292121295454//10118896125, 615033016678//3372965375, -940556956106//10118896125, 461948605372//674593075, -1181802191698//2023779225, 276845217858//674593075, -93702552338//404755845, 738038132824//10118896125, 72903607332//3372965375, -298805280343//3372965375, 182755295896//2023779225, -20196925821//259458875, 199763575701//3372965375, -80709894176//3372965375, 249320998742//10118896125, -44909843618//10118896125, 44196970309//2023779225, -2113407644//155675325, 4119278262//674593075, -16619180//26983723, -2233494052//778376625, 41575509886//10118896125, -43828110094//10118896125, 2184576879//674593075, -20738395724//10118896125, 10426213493//10118896125, 60360007//10118896125, -399363356//3372965375, 4637164507//10118896125]
3; 9; 6; 5; 10; 1; 1; 5; 1; 1; [468431//63375, 38837//4875, 207494//63375, 64801//63375, 559609//63375, 580312//63375, -1407323//63375, -2815102//63375, -657372//21125, -112349//12675, -259539//4225, -385544//4225, 106802//4225, -12661006//63375, -17231026//63375, -670958//4875, 376236//1625, 957947//4875, -1062487//63375, 13446476//21125, 8126069//4875, 29962432//21125, -6519529//12675, -1695019//4225, 10723828//12675, -3992308//4225, 51171227//63375, -2894236//4875, 20581688//63375, -6990953//63375, -1016102//63375, 6583804//63375, -6439886//63375, 4128712//21125, -1649692//63375, 407354//12675, -179181//4225, 505922//12675, -129992//4225, 1219622//63375, -585683//63375, 68738//63375, 79519//21125, -115554//21125, 362594//63375, -261481//63375, 22237//4875, -8874//21125]
3; 9; 6; 5; 3; 1; 1; 4; 1; 1; [-25891234//26385125, -673326748//237466125, -771392591//237466125, -80609936//237466125, 658297544//237466125, 91485838//47493225, 519201424//237466125, 3564088367//237466125, 463956804//26385125, 226789762//47493225, 205361168//9498645, 1781587636//47493225, 111025372//15831075, -49894184//237466125, 14680508743//237466125, 21048361531//237466125, -6787981129//237466125, -43992860459//237466125, -1967498914//9498645, -55601861879//237466125, -135483289852//237466125, -117940139156//237466125, -1803674888//47493225, 19040812//1899729, 539052286//47493225, -66871073//3653325, 4790545208//237466125, -378176194//26385125, 3806733743//237466125, -210518153//26385125, -1450985867//237466125, -411335701//47493225, -1023454924//79155375, -5474621071//237466125, -457386416//18266625, 2366126//15831075, -6654482//9498645, 44803934//47493225, -39832316//47493225, 50684681//79155375, -27199207//79155375, 60078868//237466125, -9386242//237466125, -57033532//237466125, -2595722//47493225, -76391332//237466125, -92624261//237466125, -38717441//79155375]
3; 9; 6; 5; 8; 1; 1; 6; 1; 1; [-290176//21125, 1047066//21125, 1510209//21125, 702704//21125, -254261//21125, 274109//4225, 178352//1625, -443744//4225, -7363379//21125, -87171//325, -70789//4225, -1383177//4225, -3895063//4225, 9769361//21125, -27553696//21125, -3741343//1625, -33705339//21125, 39865451//21125, 8324239//4225, -15396391//21125, 428342//169, 264607444//21125, 62368687//4225, -4509404//4225, -30068787//4225, 43995332//4225, -218298357//21125, 173430492//21125, -9007194//1625, 56145708//21125, -873019//1625, -2677834//4225, 28089252//21125, -5714772//4225, 38206397//21125, -834932//4225, 1820739//4225, -2038493//4225, 1760788//4225, -6291822//21125, 3579397//21125, -1372792//21125, -277442//21125, 1151403//21125, -54702//845, 1280952//21125, -186354//4225, 828462//21125]
3; 9; 6; 5; 5; 1; 1; 11; 1; 1; [1786266396862//1588666691625, 2659796260882//1588666691625, 739279352624//1588666691625, 1561061081821//1588666691625, 2697467952914//1588666691625, -282995788808//1588666691625, -232989034624//529555563875, -1131485615779//1588666691625, -1418816779984//122205130125, -4867732002154//317733338325, -499505276486//105911112775, -43403362694//24441026025, -2106964679074//105911112775, -80168543197057//1588666691625, -66908456580092//1588666691625, 4196716142951//1588666691625, -27074903298641//1588666691625, 3139657453637//122205130125, 130681998922793//1588666691625, 101614435550452//1588666691625, 49577596412568//529555563875, 803787597759307//1588666691625, 76780076631491//317733338325, -23070418536643//317733338325, -12883254279352//317733338325, 30877397293283//317733338325, -182089882151891//1588666691625, 153627286793909//1588666691625, -113138025889217//1588666691625, 64745428198637//1588666691625, -608003754928//40735043375, 1000433495108//529555563875, 7827535478227//529555563875, -17716643183068//1588666691625, 19773844524517//529555563875, -20374784966//317733338325, 29455185962//8147008675, -527905061061//105911112775, 506459902399//105911112775, -463830748597//122205130125, 1257110974373//529555563875, -612287749204//529555563875, 302382881722//1588666691625, 652590624448//1588666691625, -311045654702//529555563875, 1174788744931//1588666691625, -257701078066//529555563875, 1301644486631//1588666691625]
3; 9; 6; 5; 12; 1; 1; 9; 1; 1; [1201281842//3372965375, 1804755276//3372965375, 14522454//26983723, -211942454//3372965375, -2257606168//3372965375, -7216868947//3372965375, -4175153772//3372965375, -5874951049//3372965375, 5343439697//3372965375, 121016936//674593075, -484701804//674593075, 835852049//674593075, -1700665152//674593075, -28824575282//3372965375, -43861111076//3372965375, 1966474709//674593075, 66686173829//3372965375, 185322227603//3372965375, 251375356842//3372965375, 89183472082//3372965375, 66118776359//3372965375, -329080489572//3372965375, 5834064506//674593075, -21759346514//674593075, 158323211//3991675, -24457006232//674593075, 89933131124//3372965375, -57557629458//3372965375, 4883629674//674593075, 2086285657//3372965375, -4234345646//3372965375, 29423677921//3372965375, -13594781264//3372965375, 1304404779//259458875, -23993425276//3372965375, 1159547444//674593075, -1169813056//674593075, 946899336//674593075, -632754978//674593075, 1599539644//3372965375, -453829988//3372965375, -71653534//674593075, 806375002//3372965375, -666723901//3372965375, 922223741//3372965375, -32632173//259458875, 339074952//3372965375, -381586611//3372965375]
3; 9; 6; 5; 6; 2; 1; 12; 1; 1; [-125293109502//529555563875, 330669364361//317733338325, 3493235228692//529555563875, 21550720757543//1588666691625, 9963007111968//529555563875, 33842205967072//1588666691625, -1289485170208//1588666691625, -37591114916297//1588666691625, -5460466337536//122205130125, -1384117573356//21182222555, -2439271109362//105911112775, -96066970991//4888205205, -1210045694046//21182222555, -30596669481344//1588666691625, -42101504915261//317733338325, -546521588373511//1588666691625, -722230697995513//1588666691625, -48380078403673//122205130125, -45881785512332//1588666691625, 1335314441830808//1588666691625, 660790736009409//529555563875, 2847136251006233//1588666691625, 6370471832142//4236444511, -170114286248486//317733338325, -1725797561645//12709333533, 31425732583928//63546667665, -970650191250877//1588666691625, 58278700222644//105911112775, -685757645349268//1588666691625, 369503117204011//1588666691625, -15517531623229//122205130125, 4185529530989//1588666691625, 50774048574738//529555563875, -41051604334469//1588666691625, 256908719605459//1588666691625, 287072399002//63546667665, 420114966632//24441026025, -561419595876//21182222555, 564302320312//21182222555, -203016428513//9400394625, 4535531790667//317733338325, -4071183237426//529555563875, 2377077708311//1588666691625, 2136099111343//1588666691625, -1827577587867//529555563875, 2374661679668//529555563875, -1144366536448//529555563875, 2019506787548//529555563875]
3; 9; 6; 5; 4; 1; 1; 7; 1; 1; [-77172308//51891775, -748871194//778376625, -1084313123//778376625, -1153870156//778376625, 3024293132//778376625, 1092632462//778376625, 363392033//778376625, -1979801387//778376625, 954745877//259458875, 1468738676//51891775, -13137936//10378355, -360168758//51891775, 1399692403//51891775, 188017547//6227013, -3003628126//778376625, 58042552603//778376625, 28720091861//778376625, -41748493844//259458875, -41450037079//259458875, -48960222601//259458875, 44050042604//259458875, -8552997922//259458875, -30337495649//51891775, 8767917623//31135065, -600615698//11975025, -14526604796//155675325, 25099722628//155675325, -129730966493//778376625, 8449854278//59875125, -71926614347//778376625, 33476727694//778376625, -17330327696//778376625, -1014372493//59875125, 21829981346//778376625, -6437165686//259458875, -940610068//155675325, -63872084//31135065, 989502719//155675325, -394226348//51891775, 1071718436//155675325, -1317150486//259458875, 806125198//259458875, -962796877//778376625, -38396647//259458875, 478442144//778376625, -930330484//778376625, 888119656//778376625, -628200868//778376625]
3; 9; 6; 5; 9; 1; 1; 9; 1; 1; [-231593608//3372965375, -600880869//3372965375, -222690096//3372965375, -2900034632//3372965375, -3255996806//674593075, -5384413876//674593075, -6601277921//674593075, -24579734841//3372965375, -28580692941//3372965375, -1411606676//134918615, -6313405374//674593075, -2481448194//134918615, -372849849//26983723, -33232789552//3372965375, 60746169059//3372965375, 66705137151//3372965375, 123476506872//3372965375, 71548888187//674593075, 24518005068//134918615, 141920543009//674593075, 480295607576//3372965375, 28198469731//3372965375, 769750468//134918615, -81377491654//674593075, 21863882308//134918615, -1623153683//10378355, 407094937429//3372965375, -258009722208//3372965375, 126872866448//3372965375, -14503254854//3372965375, -5573129031//674593075, 20102733817//674593075, -8588539464//674593075, 83573772963//3372965375, -3126809489//259458875, 925553873//134918615, -4960227346//674593075, 166417510//26983723, -581421777//134918615, 7936136339//3372965375, -2560504618//3372965375, -950170232//3372965375, 3017251026//3372965375, -628305513//674593075, 721596389//674593075, -66460078//134918615, 1761954998//3372965375, -528460307//3372965375]
3; 9; 6; 5; 4; 2; 1; 11; 1; 1; [-2715230397442//1588666691625, -2231853125366//529555563875, 301328335487//317733338325, 46105652369//24441026025, -720320766236//529555563875, 146084473849//24441026025, 17302745456642//1588666691625, -3245567773432//1588666691625, 11510309265691//1588666691625, 11849172174418//317733338325, 5846497773539//317733338325, -2908765485578//317733338325, 5942502373084//317733338325, 33781271066159//529555563875, 45831645774666//529555563875, -449728085324//4888205205, -16056098392078//317733338325, -140803862076502//1588666691625, -1807749094894//4236444511, -155756729537004//529555563875, 5573376817818//40735043375, -767554353791126//1588666691625, -99856435006589//105911112775, 64051349179189//317733338325, 85800559745332//317733338325, -51925776040127//105911112775, 835621070241946//1588666691625, -230522565368872//529555563875, 31811971233507//105911112775, -53687203333987//317733338325, 79400223431179//1588666691625, 853862294911//317733338325, -119429939432081//1588666691625, 3220477111109//40735043375, -138021200688763//1588666691625, 1574788380187//317733338325, -6102505931984//317733338325, 7547061089198//317733338325, -2301189169558//105911112775, 26005112931986//1588666691625, -1209036935527//122205130125, 1350846755327//317733338325, -15999835258//63546667665, -3655863187436//1588666691625, 901983287357//317733338325, -5394043106051//1588666691625, 4147281084221//1588666691625, -3241780205623//1588666691625]
3; 9; 6; 5; 2; 1; 1; 2; 1; 1; [4690691//85568925, 104084287//142614875, 1201086//1140919, 66127579//142614875, -22586024//142614875, -26452961//427844625, 138771122//142614875, -1306061917//427844625, -1745200694//427844625, -286043048//28522975, -56119094//28522975, -143960023//28522975, -135955184//28522975, -294917758//28522975, -3927000747//142614875, -438125469//28522975, 6696077743//427844625, 4313061864//142614875, 4226920222//142614875, 708022634//427844625, 75555983392//427844625, 58481355869//427844625, 37182786//181675, -76406558//663325, 3427664761//85568925, 308895556//28522975, -1116924082//28522975, 6548832444//142614875, -1242202914//28522975, 13976084659//427844625, -2567560718//142614875, 316404961//32911125, -56327978//427844625, 1489696711//427844625, 1792935109//142614875, 87631688//28522975, -27382808//85568925, -38577232//28522975, 58410974//28522975, -11794946//5704595, 233333429//142614875, -31832746//28522975, 246851689//427844625, -16299578//142614875, -15394529//142614875, 114351742//427844625, -19963968//142614875, 156268922//427844625]
3; 9; 6; 5; 11; 1; 1; 4; 1; 1; [-53328//21125, -8839//21125, -90574//21125, -27356//4225, -1934//1625, 24797//21125, -967//169, -5111//21125, 331176//21125, -50464//4225, -74667//4225, 59016//4225, 1043//845, 1437708//21125, -97731//21125, 3012689//21125, 327334//4225, -3788608//21125, -1207672//21125, 146423//4225, -6023029//21125, -10144746//21125, 2685356//4225, 921198//4225, -2838454//4225, 679593//845, -15212971//21125, 11288792//21125, -6631318//21125, 577816//4225, -139664//21125, -1733376//21125, 467908//4225, -191679//1625, 1274172//21125, -100881//4225, 148622//4225, -147306//4225, 23547//845, -386141//21125, 194552//21125, -42028//21125, -1994//845, 93646//21125, -105436//21125, 17792//4225, -66842//21125, 25482//21125]
3; 9; 6; 5; 3; 1; 1; 3; 1; 1; [-360066998//778376625, 3847385446//778376625, 670365268//155675325, -873335704//778376625, -1240029888//259458875, -2578103817//259458875, -2113625942//259458875, -6457924444//778376625, 222756266//19958375, 675673758//51891775, -2690017886//51891775, -5490585514//155675325, 1328993767//51891775, 34082726033//778376625, -89563390466//778376625, -3502479816//51891775, 10042561834//778376625, 74278813879//778376625, 221650350221//778376625, 384617922866//778376625, 114748841998//259458875, -597723373804//778376625, -37626121527//51891775, 97914593327//155675325, -70755115094//155675325, 40753880246//155675325, -24895250827//259458875, -16294618513//778376625, 3921641857//51891775, -77205953638//778376625, 75377670502//778376625, -44580330172//778376625, 51260465273//778376625, 458544127//778376625, -1981672144//59875125, -3720299759//155675325, 2360751728//155675325, -1122270181//155675325, 58752568//51891775, 692373813//259458875, -1138231851//259458875, 52132612//11975025, -2808145303//778376625, 1970542292//778376625, -20916838//19958375, 204468616//259458875, 483432572//778376625, -938170907//778376625]
3; 9; 6; 5; 7; 1; 1; 11; 1; 1; [-716350767104//529555563875, -2247858379888//529555563875, -1589075491618//529555563875, -1929181598743//529555563875, -2323011116216//529555563875, 1582851437021//529555563875, 2735469845482//529555563875, 8970060618121//529555563875, 12724870382743//529555563875, 558103920526//105911112775, 1683066244623//105911112775, 2862139503246//105911112775, 1494034823747//105911112775, 36693015880409//529555563875, 75831129440028//529555563875, 47201549490703//529555563875, 26950501552748//529555563875, -64166149783309//529555563875, -162292381673691//529555563875, -107688120467002//529555563875, -342660281429981//529555563875, -320984040072823//529555563875, 13382969628961//105911112775, -6355922015347//105911112775, 1280721214426//105911112775, 2208340135022//105911112775, -16503624274088//529555563875, 22378777413169//529555563875, -13544319962071//529555563875, 11943280066524//529555563875, -8641896876697//529555563875, -5628322950363//529555563875, -302540225977//40735043375, -17839367233928//529555563875, -11898921161649//529555563875, 139402292599//105911112775, 47505019352//105911112775, -142024786511//105911112775, 174591537468//105911112775, -749313573628//529555563875, 642723362404//529555563875, -23588790902//40735043375, 168061814904//529555563875, -53951512642//529555563875, -223805672303//529555563875, 25526927804//529555563875, -406208583188//529555563875, -185815397604//529555563875]
3; 9; 6; 5; 5; 1; 1; 5; 1; 1; [5693//2925, 1619//14625, -23086//14625, -9899//4875, -21287//14625, -2303//975, -53083//14625, -28078//14625, -28858//4875, -8452//2925, 131//75, 1012//2925, 33298//2925, -135511//2925, 33739//1625, 19139//375, 1451042//14625, 1731017//14625, 317179//2925, 967153//14625, 568493//14625, 848098//4875, -631322//2925, 66809//2925, 91409//975, -46318//325, 138011//975, -1681007//14625, 386966//4875, -510979//14625, 222626//14625, 41407//2925, -75697//4875, 322514//14625, -46096//4875, 554//225, -5693//975, 6491//975, -17018//2925, 12184//2925, -35417//14625, 14333//14625, 997//4875, -8899//14625, 2942//2925, -11641//14625, 1111//1625, -3758//14625]
3; 9; 6; 5; 2; 1; 1; 10; 1; 1; [380845897//10118896125, -282063427//3372965375, -2781683002//10118896125, 2316711569//10118896125, 1896762906//3372965375, 316229878//2023779225, 8436371981//10118896125, 651938524//404755845, 596925228//259458875, 4817672926//2023779225, -116881691//674593075, -7314487786//2023779225, -18510965036//2023779225, -156147912022//10118896125, -186695325509//10118896125, -23265663191//3372965375, -79180205054//10118896125, -12576043526//778376625, 55375764364//2023779225, 458455552019//10118896125, 124897608548//2023779225, 28454161951//778376625, 39601914346//2023779225, -11481706558//2023779225, -7321468616//2023779225, 15501129749//2023779225, -33306349842//3372965375, 72689457208//10118896125, -20536760878//3372965375, 30244556288//10118896125, -20322080189//10118896125, 2154338663//2023779225, 2360949404//778376625, 3103043798//2023779225, 28598623519//10118896125, -21613496//2023779225, 606730058//2023779225, -831978874//2023779225, 258424232//674593075, -1071197512//3372965375, 1809565118//10118896125, -997399924//10118896125, 87982463//10118896125, 189289736//10118896125, -20653427//674593075, 73559794//778376625, 13363802//2023779225, 631524124//10118896125]
3; 9; 6; 5; 6; 1; 1; 2; 1; 1; [103437//908375, -1449377//2725125, 8772809//2725125, 14426119//2725125, 26847398//2725125, 15007869//908375, 48586562//2725125, 78566851//2725125, 7184764//209625, 529898//21801, 5705526//181675, 27906//1075, 7178299//545025, -26448731//2725125, -3586571//908375, -115781378//908375, -164022858//908375, -76101661//209625, -10361943//21125, -1137175942//2725125, -567935072//908375, -499483224//908375, -25704203//109005, -44282657//545025, 138020872//545025, -163766741//545025, 736155367//2725125, -545197399//2725125, 310445828//2725125, -157718032//2725125, -3592808//209625, 20647304//2725125, -54320367//908375, 29866952//2725125, -151616246//2725125, 978586//109005, -551446//41925, 7125563//545025, -1891288//181675, 1434929//209625, -9382459//2725125, 612886//908375, 2064908//2725125, -5527804//2725125, 3898124//2725125, -1744967//908375, 1517902//2725125, -2928401//2725125]
3; 9; 6; 5; 4; 2; 1; 5; 1; 1; [-212897//190125, 236477//190125, 5146//2925, 243173//63375, 2160229//190125, 765484//63375, -549541//190125, -14201//38025, 298964//12675, 666119//38025, -192788//12675, 405142//38025, -577778//38025, -1932608//190125, -2126853//21125, -1477//507, -14831239//190125, -76912519//190125, -84058717//190125, 17900596//190125, 86410//1521, -3453082//12675, 5977204//38025, 12771251//38025, -7052636//12675, 7289704//12675, -30071593//63375, 60376384//190125, -2166952//12675, 8743178//190125, 2335253//190125, -17337706//190125, 1796287//21125, -2584043//38025, 32457//845, -846634//38025, 334693//12675, -99878//4225, 661513//38025, -1974709//190125, 793999//190125, 4603//38025, -171934//63375, 617363//190125, -725711//190125, 524153//190125, -21052//12675, 22043//38025]
3; 9; 6; 5; 4; 1; 1; 12; 1; 1; [-8376250504//40735043375, -41312986882//24441026025, -633790534471//122205130125, -1008622726613//122205130125, -127688140288//24441026025, -30018338553//40735043375, 918280238086//122205130125, 1761835792904//122205130125, 1987929766354//122205130125, 113916193816//8147008675, 45655219728//8147008675, 5162263441//125338595, 1530768593929//24441026025, 1542957448424//40735043375, 1084637854658//24441026025, 13075281142211//122205130125, 19430428628123//122205130125, 123879761726//1880078925, -11658050867416//122205130125, -51972404844416//122205130125, -82562458144964//122205130125, -108086311833269//122205130125, -4297096330274//8147008675, 2198546845178//8147008675, -105684076441//1629401735, -499558748802//8147008675, 15802184947381//122205130125, -1119677368066//8147008675, 15138265644233//122205130125, -9367060982761//122205130125, 94020766418//1880078925, -2534282318228//122205130125, -2912460517168//122205130125, -1803100437842//122205130125, -7256526573247//122205130125, -51889467716//8147008675, -1605797408//1880078925, 1606603604//325880347, -50728994543//8147008675, 719440864121//122205130125, -21622515281//4888205205, 350752074458//122205130125, -45678961147//40735043375, 1501209928//8147008675, 57649414142//122205130125, -147087998063//122205130125, 10801144936//40735043375, -175298028262//122205130125]
3; 9; 6; 5; 10; 1; 1; 2; 1; 1; [50667296//142614875, 94925087//142614875, 17157474//142614875, -115476359//142614875, -106966668//142614875, -22759859//142614875, -17389864//10970375, -104734187//28522975, -48999969//10970375, -1465852//663325, -50791293//28522975, -14317411//5704595, -203473916//28522975, -2587365811//142614875, -1271399747//142614875, 1599667066//142614875, 345058903//10970375, 3103742208//142614875, 1430631//255125, 9791159842//142614875, 702927396//5704595, 9270566122//142614875, -12870943//181675, -664998253//28522975, 417253643//5704595, -2518126666//28522975, 11188639867//142614875, -8430484131//142614875, 5102499373//142614875, -1900789573//142614875, 133613134//142614875, 1267832492//142614875, -1257859509//142614875, 11337738//663325, -864259274//142614875, 73828096//28522975, -109698572//28522975, 21779073//5704595, -87389829//28522975, 285357767//142614875, -146109446//142614875, 35211948//142614875, 957484//3316625, -68709881//142614875, 77831722//142614875, -57033619//142614875, 12159008//28522975, -1344128//10970375]
3; 9; 6; 5; 7; 1; 1; 5; 1; 1; [224119//21125, 1400714//63375, 290782//21125, 9292//4875, 1346834//63375, 2201738//63375, -927398//63375, -1165288//12675, -1947486//21125, -107464//2535, -107267//975, -2840608//12675, -59938//845, -16752152//63375, -44189884//63375, -29377141//63375, 6255688//21125, 7740072//21125, -3851248//63375, 3785806//4875, 8974687//2535, 286152838//63375, 1138862//845, -13382651//12675, 8383112//12675, -818804//2535, 864583//21125, 5122318//63375, -13145638//63375, 4357914//21125, -9018472//63375, 170974//1625, -1403236//63375, 2244701//12675, 13611719//63375, 7268//195, -87163//4225, 83458//12675, 6289//2535, -37442//4875, 40226//4875, -527303//63375, 29684//4875, -200842//63375, 29122//21125, 44494//63375, 27137//12675, 24673//4875]
3; 9; 6; 5; 8; 1; 1; 4; 1; 1; [-38335657//9949875, -23513897//9949875, 23958937//9949875, -4410338//663325, -91812628//9949875, 24440721//3316625, 17754467//3316625, -46181446//9949875, 418504066//9949875, 41190484//663325, -6100114//663325, -2351404//397995, 33265478//663325, 1356582602//9949875, 74145119//3316625, -143634424//3316625, 145590221//663325, -670530182//9949875, -1609704886//3316625, -66981077//765375, -768103538//3316625, -5996518327//3316625, -869856966//663325, 529347196//663325, -10497038//30615, 8682948//663325, 1891903526//9949875, -2587312289//9949875, 64478046//255125, -380457109//1989975, 423220463//3316625, -285631583//3316625, 89380342//9949875, 87785458//9949875, -1155978943//9949875, -15406829//663325, 3890589//663325, 2141149//397995, -7180608//663325, 39933682//3316625, -33773308//3316625, 71317379//9949875, -7692697//1989975, 13655974//9949875, -135308//3316625, -14156638//9949875, 4815911//3316625, -30315968//9949875]
3; 9; 6; 5; 11; 1; 1; 3; 1; 1; [-2331174//5277025, 8252164//15831075, 95606023//79155375, 268380802//79155375, 85636966//26385125, 44185217//79155375, -397102207//79155375, -158999684//15831075, -55001966//6088875, -51993348//5277025, -9079319//3166215, -2549407//405925, -175898603//15831075, -1863604//243555, -554721956//15831075, -3174606943//79155375, -5534182352//79155375, -3595999448//79155375, 8460942248//79155375, 18384072347//79155375, 6124815553//15831075, 18332458028//79155375, 3483915986//15831075, -88889308//1055405, -188029013//15831075, 339751819//5277025, -440491757//5277025, 1200882226//15831075, -1604104643//26385125, 2654605084//79155375, -1476055909//79155375, 514080779//79155375, 1413959396//79155375, 101410696//15831075, 1713256184//79155375, 15870454//15831075, 522758//243555, -56489132//15831075, 58208873//15831075, -48169817//15831075, 6440882//3166215, -89431304//79155375, 20477824//79155375, 12359176//79155375, -9600387//26385125, 56630851//79155375, -1915882//15831075, 41428984//79155375]
3; 9; 6; 5; 9; 1; 1; 4; 1; 2; [717992//765375, 1627742//765375, 341622//255125, 168248//58875, 2773118//765375, -1213791//255125, -7542334//765375, -581851//765375, -2945198//765375, -3362066//153075, -126303//51025, 1336831//153075, -4075256//153075, -46363112//765375, -37518752//765375, 7194634//765375, -17279988//255125, -13434838//765375, 232540898//765375, 260551214//765375, -28159174//765375, 27976336//255125, 65488204//153075, -21558224//153075, -2741503//51025, 23797669//153075, -48036102//255125, 125331404//765375, -31045826//255125, 53317418//765375, -23431739//765375, 3270678//255125, 8686634//255125, -20592517//765375, 22281094//765375, 608//975, 858634//153075, -1245506//153075, 408062//51025, -1640292//255125, 1054463//255125, -10094//4875, 101076//255125, 430886//765375, -615926//765375, 364629//255125, -757462//765375, 581614//765375]
3; 9; 6; 5; 2; 1; 1; 8; 1; 1; [9709764704//10118896125, 271732101//3372965375, 18550188362//10118896125, 25785379877//10118896125, -16327950778//10118896125, 13123207901//3372965375, -31911861842//10118896125, -38287413991//10118896125, -11523401329//3372965375, -9167433326//404755845, -30319092//134918615, -41776074956//2023779225, -11306571344//2023779225, -94164906128//3372965375, -122087748973//10118896125, 57651624201//3372965375, -683205160837//10118896125, 1419158163838//10118896125, -44017251956//3372965375, 729928463242//10118896125, 2427883094206//10118896125, -897469641298//10118896125, 213720428092//404755845, -21862036444//134918615, -169500617206//2023779225, 140676086267//674593075, -2451971821112//10118896125, 2145612353506//10118896125, -1554849954956//10118896125, 883988646149//10118896125, -22722521032//778376625, -13074379413//3372965375, 287927907386//10118896125, -223650471157//10118896125, 273470032736//10118896125, 2712270//26983723, 3096769658//404755845, -21620126764//2023779225, 6963604858//674593075, -82294745122//10118896125, 17615385527//3372965375, -25535459396//10118896125, 4234957159//10118896125, 9451669454//10118896125, -4774525683//3372965375, 15517868371//10118896125, -10300433582//10118896125, 2574618497//3372965375]
3; 9; 6; 5; 12; 1; 1; 4; 1; 2; [-156902//255125, -451574//663325, 4309983//3316625, 564847//255125, -17411768//3316625, 3347484//3316625, -1593162//663325, -932227//663325, 4254856//3316625, 952232//51025, -32349//26533, -3054944//132665, 10965767//663325, 101666571//3316625, 6869066//132665, -160870148//3316625, -7907557//255125, 273502353//3316625, -464140839//3316625, 7166324//51025, 86478163//663325, -160705101//3316625, -479512519//663325, 32297763//132665, 10877856//132665, -169578258//663325, 1022351228//3316625, -181574877//663325, 669780746//3316625, -410614693//3316625, 181433029//3316625, -19369677//3316625, -15867689//663325, 31544962//663325, -140263043//3316625, -939576//663325, -1206536//132665, 1778459//132665, -8820702//663325, 35373568//3316625, -4616699//663325, 11542736//3316625, -2774238//3316625, -2828326//3316625, 5404713//3316625, -1171499//663325, 226548//132665, -3836983//3316625]
3; 9; 6; 5; 6; 1; 1; 8; 1; 1; [22231829003//10118896125, 3751272346//10118896125, -25307177464//10118896125, -27007840571//10118896125, 16063877014//10118896125, 32480956829//10118896125, -19392003419//3372965375, -153226580384//10118896125, -9052933391//778376625, -3689227486//2023779225, -882562727//134918615, -683079244//51891775, 514000236//26983723, -621063595768//10118896125, -274190525396//10118896125, 451565533799//10118896125, 590492252942//3372965375, 93262209337//778376625, -1035344246524//10118896125, 156795512639//3372965375, 4231450962559//10118896125, 4477313833958//10118896125, -146426445106//2023779225, -105670560566//404755845, 814596589834//2023779225, -164316707639//404755845, 3304278045061//10118896125, -2236909378018//10118896125, 1166032904272//10118896125, -214463115752//10118896125, -15553803259//778376625, 480231779548//10118896125, -559394836184//10118896125, 689977117322//10118896125, -49926150712//3372965375, 33197152906//2023779225, -586188358//31135065, 33449309746//2023779225, -1613530344//134918615, 5392543427//778376625, -9228589341//3372965375, -870825676//3372965375, 7202584881//3372965375, -25052654027//10118896125, 7857771956//3372965375, -18319901494//10118896125, 15345475442//10118896125, -513779757//3372965375]
3; 9; 6; 5; 10; 1; 1; 10; 1; 1; [144036512//3372965375, -201522418//3372965375, 1231990276//3372965375, 904330918//3372965375, 92824354//259458875, -1737565194//3372965375, -909371869//3372965375, -1383994998//674593075, -10947004059//3372965375, -159506864//26983723, -1235752269//134918615, -12688647077//674593075, -12331666618//674593075, -57745662077//3372965375, -22162872392//3372965375, -27649227536//3372965375, -20130944258//3372965375, -121935414312//3372965375, -78631791071//3372965375, -133077612331//3372965375, 14961284852//674593075, 107037231974//3372965375, 5880361709//134918615, -1526975831//26983723, 34726671923//674593075, -27440581613//674593075, 81032268689//3372965375, -38795375191//3372965375, 2510867357//3372965375, 15819915816//3372965375, -30881437851//3372965375, 21843109612//3372965375, -26478405423//3372965375, 3394131823//674593075, -2062267888//3372965375, 335392327//134918615, -277847234//134918615, 929995687//674593075, -509794827//674593075, 676219459//3372965375, 425888544//3372965375, -81612906//259458875, 89311437//259458875, -1133529491//3372965375, 674323362//3372965375, -542540628//3372965375, 9107466//134918615, 114392852//3372965375]
3; 9; 6; 5; 6; 1; 1; 10; 1; 1; [-3270217061//10118896125, 19316008748//10118896125, 20765729579//10118896125, 48446202074//10118896125, 8588625944//2023779225, 608435246//134918615, 5104882834//404755845, 22943647764//3372965375, -3171481//6227013, 15399975184//2023779225, 5692505906//674593075, 1834188029//155675325, 798051242//2023779225, 231184654511//10118896125, -84066318056//3372965375, -206330154124//10118896125, -1371051756979//10118896125, -5397659201//155675325, 24620954719//404755845, -191848230836//2023779225, 596125429898//10118896125, 655271055173//2023779225, 829441589749//2023779225, 172262583683//2023779225, -717651215893//2023779225, 895813255172//2023779225, -1368477609904//3372965375, 3087739244671//10118896125, -1911307136702//10118896125, 257382228251//3372965375, -1029022772//155675325, -1029571874//26983723, 111842288119//2023779225, -567541578421//10118896125, 124315290523//2023779225, -24486075284//2023779225, 2978747224//155675325, -39360569347//2023779225, 10686871271//674593075, -2755314388//259458875, 55788267721//10118896125, -5074091744//3372965375, -4285877269//3372965375, 4923674272//2023779225, -217610630//80951169, 4620318271//2023779225, -16527777836//10118896125, 832930854//674593075]
3; 9; 6; 5; 6; 2; 1; 6; 1; 1; [-6174536//190125, -5516477//190125, -1293667//190125, -488167//190125, -7614956//190125, -6837244//190125, 15874094//190125, 32466706//190125, 817384//12675, 1470971//38025, 190061//845, 2556056//7605, -992596//7605, 175272646//190125, 189536917//190125, 19706824//63375, -200149688//190125, -37739203//63375, 27619558//63375, -480122249//190125, -94951367//14625, -52688594//12675, 71032981//38025, 19755448//7605, -3930859//845, 837391//169, -260995759//63375, 556234481//190125, -98819203//63375, 87190931//190125, 35287183//190125, -12009977//21125, 36558631//63375, -173008588//190125, 3333653//12675, -6955321//38025, 190702//845, -173863//845, 1173389//7605, -17756617//190125, 7913686//190125, -286459//190125, -4205524//190125, 5686843//190125, -5595158//190125, 4078208//190125, -3981013//190125, 154094//38025]
3; 9; 6; 5; 12; 1; 1; 3; 1; 2; [3955196//79155375, 31222736//79155375, 26496868//79155375, -18230713//79155375, -34780036//79155375, -1355086//1055405, -117263897//79155375, -23857381//26385125, 7375268//26385125, -18326024//15831075, -12615977//5277025, -66649432//15831075, -4936342//5277025, 25445219//79155375, -140974032//26385125, -373831963//79155375, 33898567//2029625, 938882201//79155375, 14798989//405925, 4267868797//79155375, 722428386//26385125, -777874298//26385125, -22794719//15831075, 147090059//15831075, -196339172//15831075, 4631771//405925, -693042403//79155375, 138587609//26385125, -216189739//79155375, 83237579//79155375, 41972176//26385125, 359791//15831075, 323653751//79155375, -2412122//26385125, -35278822//79155375, -8267266//15831075, 8577206//15831075, -7188353//15831075, 4863991//15831075, -13041013//79155375, 3568592//79155375, 607212//26385125, -1373052//26385125, 525206//6088875, -43517//1217775, 575672//6088875, -383756//79155375, -374279//26385125]
3; 9; 6; 5; 10; 1; 1; 8; 1; 1; [-2881443196//3372965375, 4297389248//3372965375, 529409928//674593075, 5255745722//3372965375, 11465123612//3372965375, -3187668921//3372965375, 5017501444//3372965375, -10902867994//3372965375, -269393879//674593075, 6571597148//674593075, -2474807367//674593075, 7567861991//674593075, -138909292//674593075, 38777248131//3372965375, -174454700768//3372965375, -33212318819//674593075, -53920881717//3372965375, -253636687062//3372965375, 347454397361//3372965375, 85309112776//3372965375, -2049240302//259458875, 23468452581//674593075, -250801296787//674593075, 130325758683//674593075, -34489044879//674593075, -27513864582//674593075, 293360037078//3372965375, -331873479929//3372965375, 10872100309//134918615, -201155449821//3372965375, 7806464933//259458875, -25343116142//3372965375, -4858949707//3372965375, 34733253057//3372965375, -7875411881//674593075, -3158720868//674593075, -269650948//674593075, 2214440569//674593075, -2902565493//674593075, 13720042638//3372965375, -10676612554//3372965375, 1297937162//674593075, -3116869891//3372965375, 184623469//3372965375, 1523695208//3372965375, -1859734742//3372965375, 1941320792//3372965375, -59882276//134918615]
3; 9; 6; 5; 5; 1; 1; 2; 1; 1; [-114096014//427844625, -118963127//427844625, -5570204//17113785, -127004344//142614875, 666436904//427844625, 231305432//85568925, 1659990929//427844625, 364861597//85568925, 22093186//2531625, 988671064//85568925, 235668346//28522975, 94106074//6582225, 1068938272//85568925, 9592225664//427844625, 127791243//3316625, 83675096//85568925, 7195709932//427844625, -2477037203//32911125, -7810262744//85568925, -44133877999//427844625, -1978305627//28522975, -72101188324//427844625, -125536118//545025, 8603468918//85568925, -344130058//85568925, -4375757728//85568925, 32228986237//427844625, -10146576688//142614875, 1649690862//28522975, -15807150244//427844625, 12870794//843875, -230589001//28522975, -4297894252//427844625, 112658261//17113785, -2566616204//142614875, -149987804//85568925, -9741776//6582225, 88284606//28522975, -96847294//28522975, 96951989//32911125, -291274123//142614875, 100571704//85568925, -58049578//142614875, -23202889//142614875, 8640917//28522975, -239026682//427844625, 10580296//28522975, -66592484//142614875]
3; 9; 6; 5; 9; 1; 1; 3; 1; 2; [155907079//237466125, -149521436//47493225, -997350256//237466125, -927977867//237466125, -3625928//1055405, -29100676//26385125, 25431074//18266625, 3285160828//237466125, 695529121//26385125, 75265968//5277025, 157603109//15831075, 1049373553//47493225, 555507712//15831075, 688910752//79155375, 7329026//56205, 35636028121//237466125, 2419634359//18266625, -2203947691//47493225, -54553371716//237466125, -45274197922//237466125, -98523220598//237466125, -16574311816//26385125, -16284504448//47493225, -2358298718//47493225, 12817346593//47493225, -1248245273//3653325, 5838694031//18266625, -11250060898//47493225, 12478590296//79155375, -14703372239//237466125, 207517364//47493225, 366864244//18266625, -997521112//18266625, 6449891156//237466125, -15539258092//237466125, 425057323//47493225, -699050122//47493225, 723066902//47493225, -592526696//47493225, 224190907//26385125, -208178521//47493225, 37552032//26385125, 220827121//237466125, -91306159//47493225, 153358564//79155375, -480632846//237466125, 77881652//79155375, -311159027//237466125]
3; 9; 6; 5; 4; 2; 1; 2; 1; 1; [163497784//427844625, 149717104//427844625, 542529961//427844625, 95348857//28522975, 1917089212//427844625, 567098238//142614875, 441199//1316445, 737848469//427844625, 2145084491//427844625, 265851544//85568925, -228679851//28522975, -1489782989//85568925, -2303227396//85568925, -25100213059//427844625, -10272747598//142614875, -55997797751//427844625, -3402561616//17113785, -42406282//209625, -65693862844//427844625, -13065447418//85568925, -123630360799//427844625, -177536797871//427844625, -20920069541//85568925, 730718//153075, 11478915506//85568925, -16349806826//85568925, 77829122578//427844625, -1630407398//10970375, 12578208649//142614875, -4702291612//85568925, -83270921//427844625, 3122364758//427844625, -2726842973//85568925, 1881212131//142614875, -17412862108//427844625, 342092731//85568925, -678510512//85568925, 246351223//28522975, -633560764//85568925, 2202472058//427844625, -424119954//142614875, 386392172//427844625, 9908551//85568925, -165122577//142614875, 456480148//427844625, -34733079//28522975, 18540916//32911125, -120496826//142614875]
3; 9; 6; 5; 8; 1; 1; 3; 1; 1; [-21114377//18266625, -2286607//26385125, -42889979//79155375, 173755162//237466125, 1118223551//237466125, 195743126//47493225, -39780902//26385125, -708430007//237466125, 10622821//26385125, -318514546//47493225, -122424943//15831075, -22024026//5277025, -1307474732//47493225, -253665604//237466125, -6896472667//237466125, 2121058309//79155375, -3712775414//79155375, -50911441466//237466125, -2608230226//15831075, 742619963//237466125, 7556697059//79155375, 53808636346//237466125, 23362711444//47493225, 1549827971//47493225, -15753283774//47493225, 2315017682//5277025, -98978906522//237466125, 8453401336//26385125, -48036977714//237466125, 22059298724//237466125, -5493016423//237466125, -46501677//1055405, 13919008339//237466125, -4385113808//79155375, 1078082321//18266625, -501488554//47493225, 295357508//15831075, -312218872//15831075, 781088077//47493225, -207496064//18266625, 1458383824//237466125, -456134909//237466125, -220586651//237466125, 516833177//237466125, -45791347//15831075, 580193789//237466125, -403777304//237466125, 98472011//79155375]
3; 9; 6; 5; 7; 1; 1; 2; 1; 1; [-790436//3316625, 14887182//142614875, -24971954//142614875, 43007682//142614875, -26543392//142614875, -14386079//10970375, 309866618//142614875, -330626423//142614875, 4427859//2194075, 119773288//28522975, -28003884//5704595, 192630261//28522975, 75340784//28522975, 681391673//142614875, 664375238//142614875, 1516116249//142614875, -1610594192//142614875, 4357748227//142614875, 3718038917//142614875, -7852795108//142614875, 14373897718//142614875, -42939227//663325, -10524431//181675, 1003961407//5704595, -5989276889//28522975, 5391282524//28522975, -19861900091//142614875, 11935728939//142614875, -4867695773//142614875, -11553832//10970375, 243909567//10970375, -3904467894//142614875, 3558060491//142614875, -184920642//10970375, 61597781//5704595, -262547468//28522975, 51964112//5704595, -207303491//28522975, 136437891//28522975, -341347651//142614875, 78142964//142614875, 92416182//142614875, -172616181//142614875, 187954236//142614875, -152522664//142614875, 101933131//142614875, -3674292//10970375, 187346//2194075]
3; 9; 6; 5; 5; 1; 1; 10; 1; 1; [2270070091//10118896125, -5135884688//2023779225, -10389012317//10118896125, -794668414//3372965375, -4872852212//3372965375, -423193016//674593075, 792428808//134918615, 37663973266//10118896125, -53073472//11975025, 18794113076//2023779225, 11619661077//674593075, 9724915//6227013, 5979645254//674593075, 185763462764//10118896125, 39637489004//404755845, -241168366603//10118896125, -61409719056//3372965375, 47882729842//778376625, -210877587766//2023779225, -400680834178//2023779225, 1031104586524//10118896125, 182360285221//2023779225, -848508497314//2023779225, -175192075054//2023779225, 147633465677//404755845, -918615572158//2023779225, 4232065288877//10118896125, -626966775254//2023779225, 1940003287091//10118896125, -863678122124//10118896125, 6143617996//778376625, 5032018392//134918615, -47304188496//674593075, 218898185504//3372965375, -29612364031//674593075, 25183872424//2023779225, -3054329732//155675325, 2694515952//134918615, -10960112944//674593075, 654424573//59875125, -11317398193//2023779225, 15202340266//10118896125, 11856093356//10118896125, -25052241592//10118896125, 5511015388//2023779225, -5252553847//2023779225, 6118109084//3372965375, -611024868//674593075]
3; 9; 6; 5; 4; 1; 1; 6; 1; 1; [-7694438//190125, -269429//7605, 11773//38025, 208594//38025, -2508334//38025, -8310982//190125, 6242056//38025, 47551453//190125, 574243//12675, -1497517//38025, 1508204//4225, 18139294//38025, -12099848//38025, 227052103//190125, 50278994//38025, -466248//4225, -74210413//38025, -678623//4225, 69216604//63375, -163220773//38025, -1853999873//190125, -2461246//507, 208121938//38025, 82412051//38025, -5983379//975, 92085199//12675, -408831277//63375, 184100929//38025, -36118171//12675, 40851049//38025, 1308386//38025, -14434271//21125, 2018098//2535, -263952919//190125, 6534439//12675, -8403133//38025, 4056193//12675, -1326846//4225, 9489373//38025, -30868621//190125, 3130226//38025, -134296//7605, -931148//38025, 1584503//38025, -8310014//190125, 1288204//38025, -503263//14625, 386459//38025]
3; 9; 6; 5; 4; 2; 1; 10; 1; 1; [-44447728076//10118896125, 9387995467//3372965375, 40998186896//10118896125, -31901085283//10118896125, 34128022217//10118896125, 133234867507//10118896125, -829914089//134918615, -4635544059//674593075, 374857307002//10118896125, 12830938569//674593075, -47145886039//2023779225, 50291551324//2023779225, 16591740346//2023779225, 808832278676//10118896125, -751145805217//3372965375, -565796217791//10118896125, 1191402231328//10118896125, -792058995094//3372965375, -2871648737942//10118896125, 27344463508//80951169, -223857378671//674593075, -4462654787254//3372965375, 191511685479//674593075, 1353685583911//2023779225, -2207981061121//2023779225, 2274377162416//2023779225, -9289446139367//10118896125, 2070709140164//3372965375, -3354503713363//10118896125, 997404918884//10118896125, 518874642449//10118896125, -515227948847//3372965375, 70052804641//404755845, -102728003488//674593075, 389769317599//10118896125, -29572767384//674593075, 34819555803//674593075, -93138244204//2023779225, 68377199434//2023779225, -202133599112//10118896125, 26825168804//3372965375, 1059807699//3372965375, -51905450816//10118896125, 69135797494//10118896125, -23426716652//3372965375, 2220901309//404755845, -2421803893//674593075, 4353351959//10118896125]
3; 9; 6; 5; 5; 1; 1; 8; 1; 1; [961223762//674593075, -2562017476//10118896125, 4168916538//3372965375, -1044756181//2023779225, -28060131754//10118896125, -16661025409//10118896125, -94761443368//10118896125, -26679506084//10118896125, -6171574508//778376625, -32042201722//2023779225, 4938449401//674593075, -95022778//6227013, 20067861443//2023779225, -96023993618//2023779225, 113682855386//10118896125, -6666790058//3372965375, -23719411541//2023779225, 36190327276//259458875, 312152338724//10118896125, 570991923326//3372965375, 1459509899329//10118896125, 90993822649//10118896125, 1095825866678//2023779225, -687228093322//2023779225, 62817702536//404755845, -36540984937//2023779225, -9045656998//134918615, 1023302598518//10118896125, -1029613290172//10118896125, 55201369567//674593075, -972065919//19958375, 301296344512//10118896125, 3345837754//10118896125, 2329758242//10118896125, 135729104777//10118896125, 20643950032//2023779225, -478952486//155675325, -677915102//404755845, 2765920509//674593075, -246070884//51891775, 41938150603//10118896125, -30336997622//10118896125, 703634207//404755845, -5689115158//10118896125, -152547716//3372965375, 2157839758//3372965375, -5267099878//10118896125, 2064698644//3372965375]
3; 9; 6; 5; 7; 1; 1; 10; 1; 1; [-114857811//51891775, -1700858387//3372965375, 6378459668//3372965375, 32121706//134918615, -5848630912//3372965375, -540410569//674593075, 17266280089//3372965375, 44803569299//3372965375, -1018832431//674593075, -6444133928//674593075, 11320190319//674593075, 12396797867//674593075, -22520599369//674593075, 36043694862//674593075, 6933321099//259458875, -135439467713//3372965375, -4777801332//51891775, -191119237203//3372965375, 81686208936//674593075, -387394428129//3372965375, -144965148803//259458875, 10378755859//674593075, 390257177122//674593075, 31512643014//674593075, -1592633647//3991675, 354504165426//674593075, -334103711312//674593075, 1296608558896//3372965375, -821339005764//3372965375, 72865593444//674593075, -59295079894//3372965375, -26217369706//674593075, 219007534098//3372965375, -326151908157//3372965375, 39680630841//674593075, -8659210632//674593075, 15121363096//674593075, -15892061732//674593075, 13228863249//674593075, -1816331696//134918615, 24710079406//3372965375, -7772214714//3372965375, -793276564//674593075, 9408794521//3372965375, -430302936//134918615, 730110941//259458875, -8764567072//3372965375, 169918391//134918615]
3; 9; 6; 5; 12; 1; 1; 7; 1; 1; [-1983766468//3372965375, -414774892//3372965375, -4756232434//3372965375, -5269791698//3372965375, 2329346//19958375, 6724723014//3372965375, 641843052//3372965375, 3669833621//3372965375, 539818863//259458875, -746574558//674593075, 1040449947//674593075, 5287325031//674593075, 1899752278//674593075, 65089899813//3372965375, -44145033918//3372965375, 177357894344//3372965375, 141323366048//3372965375, -139994528834//3372965375, -215433454409//3372965375, -78526773582//3372965375, -382802746961//3372965375, -169861243419//3372965375, 179172044187//674593075, 41388502017//674593075, -12390462373//51891775, 199482497583//674593075, -69952116322//259458875, 682527375701//3372965375, -410166720793//3372965375, 188071039034//3372965375, -15077132452//3372965375, -103155252757//3372965375, 130853240679//3372965375, -11480703816//259458875, 96928648173//3372965375, -5545498692//674593075, 8638882478//674593075, -8738201601//674593075, 7093245597//674593075, -23665487636//3372965375, 12223028906//3372965375, -3053294818//3372965375, -2560410051//3372965375, 5454757823//3372965375, -6346903337//3372965375, 5230644804//3372965375, -4084976158//3372965375, 1982835828//3372965375]
3; 9; 6; 5; 9; 1; 1; 7; 1; 1; [-295285047//674593075, -5351617469//3372965375, -11259821318//3372965375, -1024946203//259458875, -5532559934//3372965375, 526151589//674593075, 942953742//134918615, 40056406132//3372965375, 30250130734//3372965375, 4653819504//674593075, 4730126553//674593075, 7425691669//674593075, 16585740321//674593075, 21056316919//674593075, 175136415559//3372965375, 204615768923//3372965375, 77436481399//3372965375, -219911860301//3372965375, -89205781757//674593075, -205038331754//674593075, -86583321644//259458875, -683079699269//3372965375, -85003333521//674593075, 13912241123//674593075, 30849028849//674593075, -49460247919//674593075, 52772001888//674593075, -205085016883//3372965375, 11833734323//259458875, -72975411403//3372965375, 12043666487//3372965375, -249611953//134918615, -15711706889//674593075, -1127870817//259458875, -62673971257//3372965375, 704460451//674593075, -2007501258//674593075, 2385319101//674593075, -2112376746//674593075, 1581519174//674593075, -4502499843//3372965375, 2078272204//3372965375, 132470072//3372965375, -1383888548//3372965375, 247543221//674593075, -484580211//674593075, 239812674//3372965375, -1351056657//3372965375]
3; 9; 6; 5; 4; 2; 1; 8; 1; 1; [-20439442//31135065, 4091400784//3372965375, 188864818//134918615, -3157679548//10118896125, 12818098671//3372965375, 45703363598//10118896125, 39906797774//10118896125, 83103399059//10118896125, 7391556924//674593075, 1953921878//674593075, -5666225029//674593075, 17562868304//2023779225, 12597210881//674593075, 70793884849//2023779225, -47778306184//3372965375, -85334241428//2023779225, -169565418137//10118896125, -1733531697778//10118896125, -252939262471//3372965375, 1130208955211//10118896125, -1304236266299//10118896125, -60506172433//674593075, 189428593529//2023779225, 4318610846//155675325, -187854461971//2023779225, 76643367471//674593075, -67762827202//674593075, 760783674434//10118896125, -96469703683//2023779225, 188010060874//10118896125, -80665887869//10118896125, -48367552308//3372965375, 205659781843//10118896125, -208882514237//10118896125, 5092368859//674593075, -6617741644//2023779225, 3312383584//674593075, -9920550949//2023779225, 8013282727//2023779225, -1740835223//674593075, 13287416524//10118896125, -719304632//2023779225, -3455778941//10118896125, 1660310082//3372965375, -2558761178//3372965375, 533992156//778376625, -5315912677//10118896125, 312934916//2023779225]
3; 9; 6; 5; 6; 2; 1; 4; 1; 1; [25348261//79155375, 2408537//2029625, 62299463//79155375, -6737468//26385125, 5194184//26385125, 64080319//79155375, -7714911//5277025, -29530608//5277025, -781847701//79155375, -78449038//15831075, -19157043//5277025, -156790526//15831075, -14416009//3166215, 104679833//26385125, -2073256793//79155375, -244781476//26385125, 919182243//26385125, 5121846463//79155375, 5641386841//79155375, 479774843//5277025, 143563253//633243, 34881052021//79155375, 239839849//1217775, -1113889724//15831075, -93559547//5277025, 68063881//1055405, -2094507276//26385125, 1884591927//26385125, -4336344269//79155375, 2746321957//79155375, -69211502//6088875, 300367633//79155375, 36836041//3166215, -7353547//15831075, 2412099878//79155375, 9653678//15831075, 35335814//15831075, -18260763//5277025, 2202920//633243, -74277726//26385125, 147114691//79155375, -77269454//79155375, 7344384//26385125, 21622909//79155375, -30504932//79155375, 3002821//5277025, -3603539//15831075, 53414143//79155375]
3; 9; 6; 5; 7; 1; 1; 8; 1; 1; [3123278193//3372965375, 120654874//51891775, 10803765239//3372965375, 1916903587//3372965375, 16342245496//3372965375, 22426787718//3372965375, -5643360639//3372965375, -16897436731//3372965375, -10139199986//3372965375, 5148712782//674593075, 1354456461//674593075, -517197155//26983723, 2397457212//134918615, -62360848858//3372965375, -31354404186//674593075, -148399396494//3372965375, 201187018083//3372965375, 6775091113//259458875, -259610974018//3372965375, 551991108229//3372965375, 1219959504021//3372965375, 1378857523176//3372965375, 161091189162//674593075, -168545854324//674593075, 27901556227//134918615, -3822371296//26983723, 255873987341//3372965375, -3453959144//134918615, -47222098617//3372965375, 111193565599//3372965375, -113898331228//3372965375, 7089690887//259458875, -50510386998//3372965375, 99478997263//3372965375, 45070212328//3372965375, 6967968523//674593075, -5171310096//674593075, 621697566//134918615, -261265728//134918615, 5677081//3372965375, 55488701//51891775, -5342103952//3372965375, 5221466649//3372965375, -3890558513//3372965375, 2336262141//3372965375, -769671308//3372965375, 1275033488//3372965375, 1575622278//3372965375]
3; 9; 6; 5; 3; 1; 1; 11; 1; 1; [-12555727195579//1588666691625, -2308046764767//529555563875, 450779389014//105911112775, 2705664589364//1588666691625, -13006955806363//1588666691625, 2506522536697//529555563875, 22334814054862//1588666691625, 5807127378983//529555563875, 99459061574//4236444511, 1469273526922//105911112775, 7015943266639//317733338325, 9644674600312//317733338325, -999814190369//24441026025, 367843009146034//1588666691625, 51678258306862//529555563875, -12242525428974//105911112775, -327001409118704//1588666691625, -296144218739672//1588666691625, -442064496034741//1588666691625, -130171545332477//1588666691625, -344075705084048//529555563875, -322104203699017//317733338325, 199173935260631//317733338325, 171852470786764//317733338325, -352662087962798//317733338325, 388802554905013//317733338325, -551475146267046//529555563875, 1190714573902793//1588666691625, -45146272805307//105911112775, 74713223929191//529555563875, 44096745793144//1588666691625, -238401384722578//1588666691625, 263114803062689//1588666691625, -292540365388912//1588666691625, 22233754580098//317733338325, -13445266594876//317733338325, 5830357230972//105911112775, -420430108368//8147008675, 12554450159462//317733338325, -39063279087103//1588666691625, 18182493181478//1588666691625, -457528718731//317733338325, -2603346355539//529555563875, 11414235272429//1588666691625, -12161303330858//1588666691625, 3144088168878//529555563875, -7256886345692//1588666691625, 127336581499//105911112775]
3; 9; 6; 5; 12; 1; 1; 12; 1; 1; [-11625271197//8147008675, -1236062014656//529555563875, -1057668802198//529555563875, 167574123551//529555563875, 1105820462516//529555563875, 2877938246368//529555563875, 2833756682216//529555563875, 46930759303//40735043375, -137698082553//105911112775, 606450138594//105911112775, 204524807631//21182222555, 959083007449//105911112775, 409535575122//105911112775, 350561523977//8147008675, 23173843986656//529555563875, 14818197888253//529555563875, -19255354634856//529555563875, -63623489856621//529555563875, -122774588975853//529555563875, -83775193914416//529555563875, 766327404702//40735043375, 15362218271474//105911112775, 8149767586119//105911112775, 218786007967//4236444511, -12183618334601//105911112775, 13802302797982//105911112775, -11782257657597//105911112775, 44045408427923//529555563875, -24060781098461//529555563875, 8413890739412//529555563875, -1380117178883//529555563875, -13036039700004//529555563875, 5679607541797//529555563875, -8334138927272//529555563875, 405667192462//21182222555, -456828367789//105911112775, 123082762876//21182222555, -584663947319//105911112775, 34947505521//8147008675, -284811731097//105911112775, 700874208778//529555563875, -92220505006//529555563875, -266623798308//529555563875, 353039401872//529555563875, -523840210024//529555563875, 271951526092//529555563875, -224071316472//529555563875, 37628848708//105911112775]
3; 9; 6; 5; 9; 1; 1; 12; 1; 1; [986350043396//529555563875, 173224459199//105911112775, 306232967678//529555563875, -530026407876//105911112775, -5953229945238//529555563875, -7655755093379//529555563875, -5187992551948//529555563875, 2773730570053//529555563875, 9234975985693//529555563875, 2146433555468//105911112775, 77942046006//21182222555, -87903566839//4236444511, -254469098428//21182222555, -35026946040561//529555563875, 1050348394619//105911112775, 47224605794602//529555563875, 25036865540056//105911112775, 169097554049313//529555563875, 89156679699559//529555563875, -84537822540922//529555563875, -24079935887536//40735043375, -405547219579563//529555563875, -4042060268569//8147008675, 229437907719//21182222555, 1156246863541//4236444511, -8176560699201//21182222555, 196886195997642//529555563875, -31218269403039//105911112775, 103382002325781//529555563875, -8752057780022//105911112775, 17330854572804//529555563875, 19364604203787//529555563875, -30648987224711//529555563875, 14078194625386//529555563875, -41930118143339//529555563875, 860202652797//105911112775, -340623134842//21182222555, 74349812005//4236444511, -317728632711//21182222555, 5560714476792//529555563875, -125141508353//21182222555, 1132664318106//529555563875, 82695279253//105911112775, -914217680706//529555563875, 1364737270597//529555563875, -1241315215306//529555563875, 603940070426//529555563875, -874155741364//529555563875]
3; 9; 6; 5; 2; 1; 1; 9; 1; 1; [-1829921//2023779225, -17436032//51891775, 149641873//259458875, 114176039//10118896125, -447306924//3372965375, 332519948//3372965375, -177698489//10118896125, 2509301838//3372965375, -2695729633//10118896125, -5603183962//2023779225, -1150839862//674593075, 95154770//80951169, -13022892083//2023779225, 2275302596//674593075, 414346916//134918615, -8426906114//778376625, 7807720711//10118896125, 9234183329//3372965375, 202824815416//10118896125, -13768086601//10118896125, 50101774282//3372965375, -124497303914//3372965375, 290983972088//2023779225, -43866003722//674593075, 867938246//134918615, 19285176464//674593075, -17625712727//404755845, 29606517222//674593075, -361258481011//10118896125, 236709347863//10118896125, -39724611653//3372965375, 38715317183//10118896125, 28412204872//10118896125, -50562032752//10118896125, 45664964714//10118896125, 837759999//674593075, 1554466076//2023779225, -723412306//404755845, 1365497741//674593075, -3581134139//2023779225, 5103756//3991675, -7559859676//10118896125, 949587581//3372965375, 141072757//3372965375, -2030544407//10118896125, 72001848//259458875, -2497450492//10118896125, 1679762479//10118896125]
3; 9; 6; 5; 6; 2; 1; 3; 1; 1; [-2094584344//3372965375, -3947982164//3372965375, 80936241//3372965375, 1059211252//674593075, -2266075966//3372965375, 4035135282//3372965375, 795774852//259458875, 18764823186//3372965375, 27560129137//3372965375, -165205816//51891775, 807291213//134918615, 2879861807//134918615, -4052219632//674593075, 4682196908//259458875, 125086777774//3372965375, -25369595831//3372965375, -39827692717//674593075, -102497384649//3372965375, -123443136632//3372965375, 130328702224//3372965375, -631050641041//3372965375, -996195150897//3372965375, 156326718452//674593075, 4827374998//134918615, -24671069993//134918615, 157640872943//674593075, -730034250563//3372965375, 562262162222//3372965375, -346438259543//3372965375, 29190359689//674593075, -18753440337//3372965375, -76039436481//3372965375, 111643274592//3372965375, -134149195868//3372965375, 39619595719//3372965375, -4137568397//674593075, 1356202582//134918615, -1394443212//134918615, 5733572292//674593075, -19394284213//3372965375, 10380478272//3372965375, -2957052768//3372965375, -414163676//674593075, 4249308623//3372965375, -5007673141//3372965375, 4381449937//3372965375, -3607063338//3372965375, 916894179//3372965375]
3; 9; 6; 5; 4; 1; 1; 4; 1; 1; [-17777438//18266625, 19210909//26385125, 36473184//26385125, 9967552//5277025, 6234809//3166215, 71214031//79155375, -31348574//5277025, -1616133401//237466125, -104165599//79155375, -72573737//47493225, -522166072//47493225, -261502187//47493225, -1076480513//47493225, 1027976204//237466125, -9232478681//237466125, -3865301626//237466125, -1905752603//47493225, -2814205343//47493225, -3010673153//237466125, 8637797282//47493225, 48315415361//237466125, 2618560604//18266625, 2152471246//15831075, 1667099176//15831075, -1191386318//5277025, 11866268162//47493225, -3950746076//18266625, 36178826977//237466125, -7002228331//79155375, 110233637//3653325, 187509967//47493225, -6729874354//237466125, 2034709489//47493225, -5359838257//237466125, 7226274581//237466125, -405127978//47493225, 177687119//15831075, -503848703//47493225, 128913376//15831075, -135685032//26385125, 558952822//237466125, -6052741//18266625, -46585844//47493225, 68605508//47493225, -363765424//237466125, 66188947//47493225, -156137222//237466125, 131776306//237466125]
3; 9; 6; 5; 11; 1; 1; 11; 1; 1; [-66055793553//40735043375, -1700503666646//529555563875, -83239764826//40735043375, -3232003706//105911112775, -920021714498//529555563875, -1761098513001//529555563875, 1168139832486//529555563875, 1489146448537//105911112775, 8820020724083//529555563875, 731222557272//105911112775, 95500990437//8147008675, 605780501266//21182222555, 346637634792//21182222555, 23566100106334//529555563875, 47018503964156//529555563875, 28862411367448//529555563875, -4740903991163//105911112775, -40995645894852//529555563875, -21399880751544//529555563875, -73835470697466//529555563875, -52852406455412//105911112775, -337955787421413//529555563875, -15386692353768//105911112775, 13798139634046//105911112775, -1987933613932//21182222555, 1210726479401//21182222555, -11049620183818//529555563875, 1563805664778//529555563875, 9130857861664//529555563875, -2315372676841//105911112775, 8148599376834//529555563875, -8721737991562//529555563875, 1585288177532//529555563875, -2860084359371//105911112775, -14957963091169//529555563875, -40491370579//8147008675, 344781468234//105911112775, -6695652918//4236444511, 1491150408//4236444511, 265755905812//529555563875, -403895426512//529555563875, 497074691534//529555563875, -83311178918//105911112775, 239590003474//529555563875, -168273171442//529555563875, -14670770963//529555563875, -41154917606//105911112775, -344806145799//529555563875]
3; 9; 6; 5; 3; 1; 1; 5; 1; 1; [9202997//190125, 8105951//190125, 1002871//190125, -225169//38025, 13035644//190125, 9700474//190125, -6849988//38025, -55070458//190125, -992063//12675, 529537//38025, -1694169//4225, -21893551//38025, 11935307//38025, -262259782//190125, -291233626//190125, -2093414//21125, 84255643//38025, 32047672//63375, -62861983//63375, 185392897//38025, 2125099598//190125, 80053901//12675, -207160003//38025, -117694376//38025, 7214216//975, -107510726//12675, 156157546//21125, -1037967458//190125, 198437684//63375, -42293269//38025, -22574167//190125, 54198061//63375, -11958109//12675, 303512179//190125, -6934228//12675, 10428208//38025, -4782763//12675, 1530959//4225, -10773097//38025, 34383574//190125, -16867813//190125, 2902582//190125, 1193618//38025, -9380257//190125, 9685388//190125, -293981//7605, 567253//14625, -388682//38025]
3; 9; 6; 5; 6; 1; 1; 9; 1; 1; [154363//21125, 30439//21125, 332467//63375, 46597//63375, 52196//12675, 325198//12675, -60859//63375, -482069//63375, 4588//4875, -309818//12675, 39622//4225, -4267//65, -22921//4225, -8005144//63375, -1306717//63375, -4781849//21125, 4705041//21125, 336//25, -7248632//12675, 17438819//63375, 31358404//63375, 80710901//63375, 8833672//12675, -20096254//12675, 1510863//845, -19767928//12675, 70586383//63375, -13643012//21125, 14750059//63375, 3044419//63375, -2896//15, 2791577//12675, -13688518//63375, 12411887//63375, -1053119//21125, 1011253//12675, -74212//975, 149624//2535, -158939//4225, 86171//4875, -177721//63375, -140722//21125, 227423//21125, -45962//4225, 7141//845, -368993//63375, 229412//63375, 3736//21125]
3; 9; 6; 5; 10; 1; 1; 9; 1; 1; [2243694861//3372965375, 6994329523//3372965375, 4712934653//3372965375, -1882073201//3372965375, -2023546192//674593075, -716224072//134918615, -1057170784//134918615, -17107367924//3372965375, -9877252772//3372965375, -236391312//26983723, -15016884183//674593075, -11930723409//674593075, -7674723502//674593075, -91660729866//3372965375, -172705122463//3372965375, -88383546513//3372965375, 34422783466//3372965375, 58030019862//674593075, 123555780954//674593075, 166851366002//674593075, 245185295039//3372965375, -207004909718//3372965375, -7062584748//134918615, 68236202532//674593075, -5817860703//51891775, 63627440868//674593075, -229110547543//3372965375, 117961138226//3372965375, -47583097109//3372965375, -11139481502//3372965375, 11208735866//674593075, -4805620541//674593075, 16990144462//674593075, -23951362368//3372965375, 11837605886//3372965375, -678061464//134918615, 3136323168//674593075, -2405630286//674593075, 1482176022//674593075, -3431693963//3372965375, 173864716//3372965375, 1426297546//3372965375, -2237309377//3372965375, 503020006//674593075, -259029879//674593075, 384347253//674593075, -404972528//3372965375, -26499724//3372965375]
3; 9; 6; 5; 4; 1; 1; 3; 1; 1; [-266837648//778376625, -357701917//259458875, -1248308297//778376625, -5002952588//778376625, -6071615788//778376625, -392314903//51891775, -353014487//259458875, 643433156//155675325, 404363758//59875125, 1771467982//155675325, 183735029//51891775, 254819209//31135065, 7619777524//155675325, 870639362//19958375, 65308882391//778376625, 10071645339//259458875, 50717770346//259458875, 47592775661//259458875, 12429700658//155675325, -15725315693//259458875, -12942322504//31135065, -160257283783//259458875, -81566984948//155675325, -455672926//51891775, 253316977//798335, -22391894922//51891775, 325824650504//778376625, -250096158152//778376625, 163509419171//778376625, -23567351882//259458875, 19783178399//778376625, 5889718051//155675325, -15579937434//259458875, 2110283806//51891775, -60009686627//778376625, 505093431//51891775, -2839003292//155675325, 610875728//31135065, -857697838//51891775, 9026044204//778376625, -1638094834//259458875, 129560882//59875125, 719395594//778376625, -1657067801//778376625, 435007163//155675325, -648481339//259458875, 17385692//11975025, -1251996682//778376625]
3; 9; 6; 5; 2; 1; 1; 4; 1; 2; [207561602//47493225, 155835266//47493225, 109461889//237466125, -295695178//79155375, -5999518//1405125, -733489676//237466125, -65407984//18266625, -3904193192//237466125, -1326781163//79155375, 308042912//47493225, -23601922//1055405, -456529693//9498645, 2497622639//47493225, -206120776//3166215, -2883162317//47493225, -5837310109//237466125, 53227971229//237466125, 81686060102//237466125, 50412851546//237466125, 10554703829//79155375, 11576014234//18266625, 109199533934//237466125, -33536507203//47493225, -754483247//3166215, 6997164556//9498645, -3225927697//3653325, 4190937844//5277025, -28142226884//47493225, 83777027468//237466125, -3627361087//26385125, 3448473271//237466125, 22990142753//237466125, -2084204363//18266625, 34305390011//237466125, -1272949486//18266625, 1243230458//47493225, -367973716//9498645, 72920641//1899729, -1457350409//47493225, 319609259//15831075, -37421584//3653325, 554918513//237466125, 17317373//6088875, -1127708864//237466125, 1335651593//237466125, -118627186//26385125, 894068596//237466125, -330990688//237466125]
