7; 6; 10; 9; 4; 1; 1; 5; 1; 1; [96827//9949875, -4160272//1989975, -6952121//3316625, -229727//663325, 11803342//9949875, -407794//1989975, -10726133//3316625, 1012078//1989975, 8670692//765375, 22493794//1989975, 427308//663325, 733859//153075, 16027932//663325, 25455608//9949875, 37070386//663325, 574302643//9949875, 3172309//132665, -15197838//255125, -8986600//79599, -505716541//9949875, -45047607//663325, -917591732//3316625, -719078786//1989975, -12552406//1989975, 145348569//663325, -593775739//1989975, 2862981469//9949875, -147183786//663325, 1456585909//9949875, -134739883//1989975, 6950423//765375, 36855893//1989975, -416576848//9949875, 75619028//1989975, -462163318//9949875, 13389346//1989975, -1927918//153075, 26954768//1989975, -7574152//663325, 6108203//765375, -578271//132665, 5038088//3316625, 1082599//1989975, -5404252//3316625, 3553441//1989975, -5747816//3316625, 2366554//1989975, -9777298//9949875]
7; 6; 10; 9; 7; 1; 1; 7; 1; 1; [-41166//663325, 2822992//3316625, 2370731//3316625, 6477399//3316625, -4727432//3316625, -1841948//663325, -27274567//3316625, -29336336//3316625, -6792181//663325, 1693374//663325, -256917//663325, 4786446//663325, -3260988//663325, 734068//663325, 63827288//3316625, 137491779//3316625, 251103571//3316625, 609851637//3316625, 29065768//132665, 1201306597//3316625, 1241310211//3316625, 58036081//132665, 65431524//663325, 154648898//663325, -251919974//663325, 259222352//663325, -42549771//132665, 723203794//3316625, -373528713//3316625, 118993103//3316625, 99086861//3316625, -25710809//663325, 236549916//3316625, -102201262//3316625, 35883847//663325, -10122869//663325, 11920672//663325, -10625786//663325, 7795998//663325, -4627059//663325, 9454824//3316625, 534962//3316625, -5823057//3316625, 8639061//3316625, -1423283//663325, 7027316//3316625, -2756632//3316625, 608409//663325]
7; 6; 10; 9; 2; 1; 1; 6; 1; 1; [8676//21125, -1948//1625, 36344//63375, -46658//63375, -81142//63375, 74479//63375, -7164//1625, 6678//4225, 20123//63375, -87076//12675, 4377//845, -20092//4225, -58696//12675, -81476//4875, 449194//21125, -2159524//63375, 632016//21125, -1453948//63375, -4492784//63375, 5920786//63375, -1932454//12675, 523087//63375, 317504//12675, -757906//2535, 5062774//12675, -4815521//12675, 18570641//63375, -11749514//63375, 139662//1625, -734446//63375, -2149379//63375, 3158438//63375, -3177542//63375, 476468//12675, -626883//21125, 214421//12675, -45482//2535, 190406//12675, -43908//4225, 357871//63375, -671//375, -51542//63375, 136964//63375, -159814//63375, 45726//21125, -32714//21125, 10558//12675, -8053//21125]
7; 6; 10; 9; 6; 1; 1; 6; 1; 1; [5218//4875, 4156//1625, 38561//4875, 75401//4875, 41824//1625, 174748//4875, 213209//4875, 202051//4875, 11599//325, 826//39, -1486//325, -54161//975, -6993//65, -1118033//4875, -1679408//4875, -2856481//4875, -4173496//4875, -5934127//4875, -7481983//4875, -2662393//1625, -2195552//1625, -58817//65, -73399//195, 17197//975, 14393//75, -55474//195, 428897//1625, -378853//1625, 14428//125, -531728//4875, -196231//4875, -240644//4875, -540367//4875, -108538//4875, -23963//325, 1093//195, -11312//975, 12451//975, -722//65, 12377//1625, -22994//4875, 5302//4875, -136//375, -12056//4875, 172//375, -14722//4875, 292//4875, -1478//975]
7; 6; 10; 9; 4; 1; 1; 2; 1; 1; [-803439344//12944787375, -1283714678//4314929125, -9263089547//12944787375, -18962822161//12944787375, -33669533206//12944787375, -48026233246//12944787375, -23074643042//4314929125, -18940082932//2588957475, -2833944054//331917625, -7245103258//862985825, -1445553599//862985825, -229621646//66383525, -1963434599//862985825, 72559731889//12944787375, 100549913808//4314929125, 204873975814//4314929125, 958913643631//12944787375, 105139510082//995752875, 557401385397//4314929125, 2090881309696//12944787375, 187380002811//862985825, 2425602438926//12944787375, 121288729287//862985825, -94109840417//2588957475, -82210560964//2588957475, 167559648733//2588957475, -921288348403//12944787375, 806810543887//12944787375, -177892100368//4314929125, 120170488511//4314929125, -3930359534//995752875, 48195893188//12944787375, 198602771053//12944787375, -78437653//2588957475, 226641178568//12944787375, -970665376//2588957475, 491766494//199150575, -8313326221//2588957475, 2594292924//862985825, -2288406221//995752875, 18930727552//12944787375, -8023860434//12944787375, 1815296698//12944787375, 4753100393//12944787375, -4113737422//12944787375, 2460805456//4314929125, -28349498//172597165, 5098652633//12944787375]
7; 6; 10; 9; 10; 1; 1; 6; 1; 1; [2609//21125, 97191//21125, 158//65, -5373//4225, 1124//325, 4971//4225, -109843//21125, 28672//21125, -85708//21125, -84878//4225, -32067//4225, 11871//4225, -156157//4225, 64887//1625, -2867131//21125, -533831//4225, 329841//4225, 71676//4225, 14137//845, 6572413//21125, 6794363//21125, 114701//1625, 2245387//4225, 1083723//4225, -2808399//4225, 3252828//4225, -14378982//21125, 10371157//21125, -96797//325, 504537//4225, 41867//4225, -334622//4225, 2524739//21125, -1795641//21125, 1687219//21125, -102537//4225, 143972//4225, -139911//4225, 110022//4225, -355782//21125, 171432//21125, -7214//4225, -10554//4225, 18991//4225, -1528//325, 88614//21125, -51296//21125, 2473//1625]
7; 6; 10; 9; 4; 1; 1; 10; 1; 1; [-47763806//33018375, -13276384//6603675, -176120//264147, 36726146//11006125, 41549036//6603675, 65270926//11006125, 73989836//33018375, -30261617//11006125, -3688258//2539875, 16964032//2201225, 28516093//2201225, 2708549//507975, -158045201//6603675, 160972841//33018375, 150779176//6603675, 58269617//2201225, -2462993933//33018375, -497584//2605, -7212085783//33018375, -2989650046//33018375, 6500931506//33018375, 12723669109//33018375, 592674637//2201225, 5358389//6603675, -1031583473//6603675, 1422814424//6603675, -2298210664//11006125, 1088144789//6603675, -229321363//2201225, 1567454651//33018375, -9088289//507975, -879649054//33018375, 807162677//33018375, -689917412//33018375, 464050829//11006125, -31207706//6603675, 4616812//507975, -64839577//6603675, 18297452//2201225, -379776//65125, 1436286//440245, -7129826//6603675, -4626483//11006125, 2136487//2201225, -17059078//11006125, 38041267//33018375, -8176464//11006125, 28950797//33018375]
7; 6; 10; 9; 12; 1; 1; 11; 1; 1; [-160318//440245, -8718777//11006125, -230392//88049, -72776608//11006125, -110853012//11006125, -33631266//2201225, -39033701//2201225, -198152717//11006125, -192312777//11006125, -30074926//2201225, -23474796//2201225, -186471//33865, 48845387//2201225, 106964673//2201225, 853501397//11006125, 360278036//2201225, 3170770218//11006125, 4590060767//11006125, 253326921//440245, 1168000337//2201225, 3986985332//11006125, 100341224//846625, -323930701//2201225, -24347301//2201225, 8760199//88049, -288323388//2201225, 279710643//2201225, -1021070339//11006125, 150229571//2201225, -168182826//11006125, 251065551//11006125, 81684927//2201225, 14301169//2201225, 377802476//11006125, -101369824//11006125, 6987231//2201225, -950428//169325, 2600097//440245, -10813722//2201225, 7569567//2201225, -1502688//846625, 1577864//2201225, 5682269//11006125, -3881824//11006125, 2899029//2201225, -610503//2201225, 9279456//11006125, -2333784//11006125]
7; 6; 10; 9; 2; 1; 1; 4; 1; 1; [62067680217//110474518375, 83721282382//110474518375, 44384081249//331423555125, -926899244//110474518375, 69498861212//331423555125, -123366602873//66284711025, -200237272843//110474518375, -450415324348//331423555125, -84985791154//331423555125, -46888932788//66284711025, -207791891948//22094903675, -536555549977//66284711025, 233274983147//22094903675, -4530142345091//331423555125, -8636177030386//331423555125, -4197100582799//331423555125, 4018678733947//331423555125, 9833689640063//331423555125, 3640462682713//66284711025, 2684956064753//110474518375, 30057338552093//331423555125, 4416981761324//331423555125, -10107758865953//66284711025, 23444997037//5098823925, 1794216278211//22094903675, -7649654834984//66284711025, 157320025796//1398411625, -30008145265783//331423555125, 112753799332//1961086125, -3090857399143//110474518375, 2362883487529//331423555125, 731880806029//66284711025, -4673425660363//331423555125, 2231334841643//110474518375, -4258513004948//331423555125, 157987240208//66284711025, -106742069412//22094903675, 116836960789//22094903675, -1885602594//416884975, 352416916284//110474518375, -604685240558//331423555125, 207427603238//331423555125, 58054382801//331423555125, -189789434506//331423555125, 51659998049//66284711025, -214180627328//331423555125, 63630095768//110474518375, -32216085931//110474518375]
7; 6; 10; 9; 9; 1; 1; 11; 1; 1; [-5037394//11006125, -8973942//11006125, -34841687//11006125, -4342791//846625, -68788632//11006125, -123035703//11006125, -129907001//11006125, -34322549//2201225, -11633234//846625, -4634062//440245, -18504639//2201225, 1659234//2201225, 8990992//2201225, 317000839//11006125, 748958602//11006125, 1346910507//11006125, 2382798503//11006125, 2519279137//11006125, 3721595153//11006125, 2826484821//11006125, 46555411//169325, 2866224847//11006125, 1815925//88049, -85339//4225, 33513094//2201225, -20570528//2201225, 62532747//11006125, 28111221//11006125, 41110716//11006125, 138936259//11006125, 82843061//11006125, 194067999//11006125, 111170903//11006125, 29201106//2201225, 9822557//846625, 339433//440245, -1191256//2201225, 632201//2201225, -183387//2201225, -237573//11006125, 1898311//11006125, -296714//11006125, 3310734//11006125, 1229136//11006125, 3721639//11006125, 2207043//11006125, 39516//169325, 2604841//11006125]
7; 6; 10; 9; 4; 1; 1; 8; 1; 1; [33287//21125, -14447//63375, 1153//63375, -173827//63375, -40954//63375, -340846//63375, -36128//21125, -50824//21125, 34133//4875, 9716//2535, -16511//4225, -152//195, 12199//845, -2368771//63375, -39323//63375, 142509//21125, 2296549//21125, 208718//4875, 2659667//21125, -1037006//63375, 5530622//63375, -23268974//63375, -739987//2535, -1262623//12675, 778958//2535, -930857//2535, 20868502//63375, -15513169//63375, 9320356//63375, -3561239//63375, 2208//1625, 887316//21125, -1070331//21125, 1098967//21125, -1145184//21125, 5527//507, -15694//975, 40453//2535, -10768//845, 40784//4875, -89223//21125, 20652//21125, 76006//63375, -130553//63375, 150118//63375, -122168//63375, 89486//63375, -66832//63375]
7; 6; 10; 9; 5; 1; 1; 6; 1; 1; [-7052//4875, 8812//4875, 4824//1625, 14126//4875, 2884//4875, 1304//325, 1256//125, 851//1625, -24933//1625, -10768//975, -342//325, -674//75, -15461//325, 53134//1625, -213032//4875, -429317//4875, -641111//4875, 366851//4875, 36962//325, -458654//4875, 133589//1625, 2344129//4875, 720362//975, 34678//325, -563122//975, 238924//325, -85556//125, 844678//1625, -1600396//4875, 683257//4875, -51812//4875, -19586//325, 460508//4875, -463279//4875, 493447//4875, -6234//325, 2372//75, -31858//975, 8721//325, -29608//1625, 46939//4875, -13966//4875, -3026//1625, 20023//4875, -1458//325, 19103//4875, -13684//4875, 3369//1625]
7; 6; 10; 9; 6; 1; 1; 4; 1; 1; [3448393249//5098823925, -1404492164//25494119625, -59006340784//25494119625, -37260714107//5098823925, -321660628906//25494119625, -372483186557//25494119625, -100168993239//8498039875, -207251918204//25494119625, -37116335996//5098823925, -3457801466//392217225, -2041430241//339921595, 66684337373//5098823925, 273560117653//5098823925, 11184720311//203952957, 758557699498//8498039875, 1166260192468//8498039875, 479754927384//1699607975, 11790706825496//25494119625, 14014368314107//25494119625, 3700642375759//8498039875, 1345543473983//8498039875, -748744446559//5098823925, -1209089408333//5098823925, -7616648683//1019764785, 754746423173//5098823925, -1007365005557//5098823925, 988383732697//5098823925, -3692428640083//25494119625, 2581806928817//25494119625, -2090869406//64542075, 722479115188//25494119625, 1043439949856//25494119625, -171707706379//25494119625, 880419743377//25494119625, -3811517933//130739075, 23276574248//5098823925, -2867796714//339921595, 15351672529//1699607975, -12834824116//1699607975, 27175479839//5098823925, -72103849873//25494119625, 9108253174//8498039875, 1029770632//1699607975, -16928029987//25494119625, 14660005772//8498039875, -19147097114//25494119625, 8176187194//8498039875, -80748023//130739075]
7; 6; 10; 9; 12; 1; 1; 5; 1; 1; [16293//51025, -598538//663325, -4989108//3316625, -5177747//3316625, -8065362//3316625, -2988939//663325, -64456//21125, 11724996//3316625, 23577649//3316625, 2298394//663325, 2917443//663325, 11178288//663325, 21406917//663325, 1392412//51025, 46579512//663325, 159885808//3316625, 16294272//3316625, 12976957//3316625, 1940946//51025, -197432268//3316625, -1096761496//3316625, -1654072104//3316625, -195975356//663325, 35968988//663325, 64736718//663325, -108793693//663325, 115530338//663325, -93011992//663325, 25603828//255125, -13384298//255125, 4116682//255125, 6782846//663325, -78688874//3316625, 30564632//3316625, -145549922//3316625, 1363186//663325, -4354798//663325, 5253412//663325, -362589//51025, 3523528//663325, -414137//132665, 4564854//3316625, 9261//3316625, -2553289//3316625, 732578//663325, -3601569//3316625, 1754002//3316625, -3145557//3316625]
7; 6; 10; 9; 2; 1; 1; 3; 1; 1; [865686395672//9211568439125, -6305839597729//27634705317375, -5553485385419//27634705317375, -7190941950406//27634705317375, 2420103987208//9211568439125, -16569113547997//27634705317375, -12566671275998//27634705317375, 797127334984//1842313687825, 7770157156784//2125746562875, 14110615186352//5526941063475, -3315906976584//1842313687825, -1438586450488//368462737565, 30434346646357//5526941063475, 158707477400599//27634705317375, 14151077523013//2125746562875, -284335507247801//27634705317375, -54252157476658//9211568439125, -9551147715359//27634705317375, 130367747381719//9211568439125, -485930238821752//27634705317375, -333838930230379//5526941063475, -849513194761834//9211568439125, -396453440470813//5526941063475, 130215124287493//5526941063475, 9730724573912//1105388212695, -11017538112086//425149312575, 864410813962987//27634705317375, -758951011306753//27634705317375, 551950549440032//27634705317375, -344016461028382//27634705317375, 137795230313798//27634705317375, 21780130583911//27634705317375, -35957029982097//9211568439125, 210169358563//141716437525, -227112104585446//27634705317375, -603323035732//5526941063475, -1727516444376//1842313687825, 1500860497777//1105388212695, -2462516178814//1842313687825, 29628005255627//27634705317375, -6387098076071//9211568439125, 3128469553914//9211568439125, -751380949489//9211568439125, -889911053384//9211568439125, 5248475459651//27634705317375, -5674201709051//27634705317375, 601075865036//5526941063475, -1753761951337//9211568439125]
7; 6; 10; 9; 7; 1; 1; 6; 1; 1; [-10936//21125, -5627//1625, -205837//21125, -467127//21125, -726494//21125, -861863//21125, -880089//21125, -126441//4225, -394387//21125, -22172//4225, 109452//4225, 26602//325, 740576//4225, 5736416//21125, 8711101//21125, 972324//1625, 20237947//21125, 2128868//1625, 32062568//21125, 2253053//1625, 647012//845, 5085192//21125, -874532//4225, -180478//4225, 779696//4225, -916909//4225, 4622793//21125, -2888092//21125, 2585121//21125, 36161//21125, 100409//1625, 1893534//21125, 687512//21125, 272707//4225, -270574//21125, 26077//4225, -3154//325, 42054//4225, -33336//4225, 118863//21125, -51762//21125, 26606//21125, 29781//21125, -2818//21125, 56814//21125, -318//21125, 6374//4225, -5899//21125]
7; 6; 10; 9; 9; 1; 1; 5; 1; 1; [-12224382//3316625, -1270187//132665, -863754//132665, -2418891//663325, -13280092//3316625, -27993182//3316625, 20454424//3316625, 134173774//3316625, 137496536//3316625, 1495344//51025, 25521843//663325, 56151742//663325, 7577429//132665, 287388347//3316625, 187526811//663325, 28144158//132665, -15765141//663325, -1016468633//3316625, -535301683//3316625, -1185517734//3316625, -4459858139//3316625, -5783072161//3316625, -564227673//663325, 248840693//663325, -12319978//663325, -24307004//132665, 909597021//3316625, -12943053//51025, 29408507//132665, -92871229//663325, 14133222//255125, -74790684//3316625, -117068327//3316625, -85003157//3316625, -387445163//3316625, -4442042//663325, -3462708//663325, 7462713//663325, -1642578//132665, 35810001//3316625, -377097//51025, 600196//132665, -42518//26533, -1963254//3316625, 4109556//3316625, -6698927//3316625, 1410928//3316625, -8874193//3316625]
7; 6; 10; 9; 10; 1; 1; 4; 1; 1; [-171409707526//110474518375, -143694981283//110474518375, -20294692328//110474518375, 252520841724//110474518375, 367296395572//110474518375, 352748173123//110474518375, 20178267266//8498039875, 82119066314//110474518375, -112089969937//110474518375, 10457793042//22094903675, 153506528337//22094903675, 39918625181//22094903675, -115027129341//4418980735, 2901722532656//110474518375, 1332833590603//110474518375, -521356342277//110474518375, -7437085824209//110474518375, -10970065705727//110474518375, -1198188312446//8498039875, -15544726076468//110474518375, 205289888577//8498039875, 34680881591107//110474518375, 8749014022482//22094903675, 249302608532//22094903675, -5413949830349//22094903675, 1466686194976//4418980735, -2700314147074//8498039875, 27489669565734//110474518375, -17548611219306//110474518375, 8005171334423//110474518375, -1873563758356//110474518375, -3643988126684//110474518375, 4164051877326//110474518375, -4915042253822//110474518375, 5717630267541//110474518375, -167601411857//22094903675, 310237605188//22094903675, -332095043026//22094903675, 55878704007//4418980735, -74709693134//8498039875, 536977958134//110474518375, -2241622714//1398411625, -72881731302//110474518375, 185324357419//110474518375, -244322798674//110474518375, 3652454527//2084424875, -150055423372//110474518375, 120448560611//110474518375]
7; 6; 10; 9; 6; 1; 1; 3; 1; 1; [1596062160872//2125746562875, 251594548129//425149312575, 103573697644//2125746562875, -1583571861264//708582187625, -7985347149526//2125746562875, -10629454585754//2125746562875, -2006352637824//708582187625, -1124002358829//708582187625, -151418619789//141716437525, -127856503114//28343287505, -957598690994//141716437525, -75133158796//425149312575, 6856418393819//425149312575, -82226614439//708582187625, 1139642882633//425149312575, 3273000559107//708582187625, 139719092788217//2125746562875, 94158886084057//708582187625, 140775312530213//708582187625, 86927447421094//708582187625, -345383598836//708582187625, -77919455732734//425149312575, -4280526911571//28343287505, -3446250846029//141716437525, 51367950495734//425149312575, -21635012301237//141716437525, 302412886248229//2125746562875, -9168599195633//85029862515, 142618823297363//2125746562875, -4408512402253//163518966375, 18379484992403//2125746562875, 3720723278059//163518966375, -10635204547463//708582187625, 43531880740276//2125746562875, -2103870326444//85029862515, 114419438968//28343287505, -2805169684898//425149312575, 2883756822241//425149312575, -786800720918//141716437525, 8011597944959//2125746562875, -844056015584//425149312575, 1207226629088//2125746562875, 912652303421//2125746562875, -1553216295782//2125746562875, 795248364689//708582187625, -513028952858//708582187625, 1263547220626//2125746562875, -70684614996//141716437525]
7; 6; 10; 9; 3; 1; 1; 7; 1; 1; [6791576//9949875, -8898112//3316625, -4339523//9949875, -53066591//9949875, -85622764//9949875, -40467718//9949875, -176407138//9949875, -6496782//663325, -1282748//255125, -29130278//1989975, 16381903//663325, 488798//30615, 21756636//663325, 681171644//9949875, 1679235236//9949875, 379287751//3316625, 3674701066//9949875, 85035216//255125, 3339745948//9949875, 6641417438//9949875, 384090844//1989975, 1661738344//3316625, 590630182//1989975, -1195811536//1989975, 263368102//397995, -1123035802//1989975, 4008436862//9949875, -721049704//3316625, 842829139//9949875, 370909478//9949875, -15188552//255125, 1061028824//9949875, -527684296//9949875, 141273746//1989975, -50214588//3316625, 59126623//1989975, -4252628//153075, 563980//26533, -8785976//663325, 4672834//765375, -5196157//9949875, -8261202//3316625, 42657133//9949875, -36937528//9949875, 34984304//9949875, -15726806//9949875, 33668//26533, 1477276//9949875]
7; 6; 10; 9; 10; 1; 1; 3; 1; 1; [-7687038827894//9211568439125, -25671655362421//9211568439125, -18487881735818//9211568439125, 2777160520144//9211568439125, 12876054168606//9211568439125, 5993493682464//9211568439125, 6990095920116//9211568439125, 12278238984807//9211568439125, 102018410089852//9211568439125, 29798652013622//1842313687825, 14203187425182//1842313687825, 6463031766912//1842313687825, 960704221946//141716437525, 238544127440544//9211568439125, 708496994381271//9211568439125, 431511420679403//9211568439125, -469530098317329//9211568439125, -693642360236756//9211568439125, -708205893073534//9211568439125, -1635371362922686//9211568439125, -1758873567054117//9211568439125, -1765471677140822//9211568439125, -216072121162318//1842313687825, -13833518094438//1842313687825, 146596784686582//1842313687825, -193641980709807//1842313687825, 930785679756577//9211568439125, -678071605703632//9211568439125, 468867160768854//9211568439125, -17776423829499//708582187625, -1743815087748//9211568439125, 48661093235368//9211568439125, -203113491228998//9211568439125, 52172695268259//9211568439125, -187705639248436//9211568439125, 4681577807748//1842313687825, -8225972894902//1842313687825, 670037233026//141716437525, -7260884446578//1842313687825, 25280351922947//9211568439125, -1000739761054//708582187625, 4663099367724//9211568439125, 1558826526388//9211568439125, -5800103115578//9211568439125, 5468875034438//9211568439125, -6783777858188//9211568439125, 2432027930994//9211568439125, -3830750319406//9211568439125]
7; 6; 10; 9; 5; 1; 1; 4; 1; 1; [-325932701//1961086125, -7018732683//8498039875, 11723318687//8498039875, 10202467933//5098823925, -5931331544//8498039875, -6212029024//8498039875, -7442483981//1961086125, 10078534144//5098823925, 40084609426//25494119625, -12792852082//1699607975, 14204036797//1699607975, 50189129218//5098823925, -13334526718//1699607975, -8853174674//1961086125, 9707190833//481021125, -880832331091//25494119625, -155093006017//5098823925, -135449329598//25494119625, 1724163629252//25494119625, 5099981753443//25494119625, -702439668854//5098823925, -1209047964377//8498039875, 227335178508//1699607975, -911903780474//5098823925, 870781177678//5098823925, -673947365144//5098823925, 2127206160104//25494119625, -326102939236//8498039875, 108933334457//25494119625, 287180591//21514025, -612547935574//25494119625, 17946412029//653695375, -277919650436//25494119625, 36937282958//5098823925, -344852269913//25494119625, 41011081661//5098823925, -34337881816//5098823925, 23813401522//5098823925, -333150564//130739075, 20615710744//25494119625, 9378577837//25494119625, -8386998846//8498039875, 1117883389//1019764785, -8521392468//8498039875, 1546379437//1961086125, -512696452//1961086125, 289226048//5098823925, -2855017058//25494119625]
7; 6; 10; 9; 12; 1; 1; 2; 1; 1; [1188779658//862985825, 7140220266//4314929125, 26114936677//4314929125, 44389784173//4314929125, 59495205204//4314929125, 92034989379//4314929125, 124474146938//4314929125, 9968737046//331917625, 117357793028//4314929125, 357106556//13276705, 8624251932//862985825, -3352189534//172597165, -22950455137//862985825, -18165874096//172597165, -627949455846//4314929125, -1427834794612//4314929125, -1880418508928//4314929125, -2296204076399//4314929125, -3246746927614//4314929125, -3637087503838//4314929125, -3007530433848//4314929125, -2819642323253//4314929125, -98430320692//172597165, 26798753372//862985825, 9962746410//34519433, -362354771152//862985825, 351190196174//862985825, -110742187216//331917625, 858048248849//4314929125, -41816495428//331917625, -5033245052//4314929125, -18069286792//4314929125, -401089501204//4314929125, 115871207966//4314929125, -339934158699//4314929125, 1428597752//172597165, -14957241372//862985825, 3314702496//172597165, -14301877773//862985825, 10069230658//862985825, -2256070231//331917625, 9193544584//4314929125, 691111081//4314929125, -11192087557//4314929125, 8672133258//4314929125, -13603464494//4314929125, 5312750676//4314929125, -7238075314//4314929125]
7; 6; 10; 9; 9; 1; 1; 2; 1; 1; [2313950922//862985825, 13084900581//4314929125, 2302083518//331917625, 62698501544//4314929125, 64091451548//4314929125, 111255461754//4314929125, 138130092483//4314929125, 1895465671//66383525, 132329026556//4314929125, 14461844568//862985825, 1208032569//66383525, -15654919044//862985825, -34709206563//862985825, -103166345169//862985825, -853019580321//4314929125, -1347507438984//4314929125, -2351456661804//4314929125, -2141245376463//4314929125, -3063423311789//4314929125, -3968533088413//4314929125, -72215565323//172597165, -2094927228451//4314929125, -143706255807//862985825, 82488773547//862985825, -30126944424//862985825, -8315768808//862985825, 21748729762//862985825, -15539506251//331917625, 88478803453//4314929125, -218775842712//4314929125, -28458741124//4314929125, -168667260592//4314929125, -178413163169//4314929125, -13322534976//862985825, -117046900193//4314929125, -13022082//5106425, 285964468//862985825, 894412299//862985825, -1444941432//862985825, 1344763826//862985825, -6541233963//4314929125, 2737906408//4314929125, -4020898087//4314929125, -1303738034//4314929125, -167770784//331917625, -4306263374//4314929125, -107211872//862985825, -204763991//331917625]
7; 6; 10; 9; 7; 1; 1; 4; 1; 1; [-3255408822//22094903675, 40876012843//110474518375, 116015515143//110474518375, 7972044149//1699607975, 209149206056//22094903675, 1341842470164//110474518375, 1647102555893//110474518375, 1441647469009//110474518375, 1495920284357//110474518375, 22189058964//1699607975, 7245874641//4418980735, -317389166839//22094903675, -773748651173//22094903675, -1164793524914//22094903675, -7385757338263//110474518375, -12308566618978//110474518375, -446791576849//1699607975, -56742356127//130739075, -57296146920914//110474518375, -54762923336863//110474518375, -31700474858654//110474518375, -1654237304684//8498039875, -1445036541168//22094903675, 374528641468//4418980735, -1758738617989//22094903675, 1294266801062//22094903675, -176151689179//4418980735, 1539354113386//110474518375, -9474378351//1398411625, -427877413361//22094903675, -36834261694//4418980735, -3851255790387//110474518375, -1470551954614//110474518375, -39790984089//2084424875, -632651221116//110474518375, -82767023942//22094903675, 2737918112//883796147, -46814944066//22094903675, 24069929043//22094903675, -8215586203//22094903675, -28110943464//110474518375, 40650961976//110474518375, -16601051401//22094903675, 1982025819//22094903675, -85637288257//110474518375, -25573719464//110474518375, -2710522944//8498039875, -19505944681//110474518375]
7; 6; 10; 9; 12; 1; 1; 10; 1; 1; [2433341//2201225, 11810649//11006125, -1668468//2201225, -29390248//11006125, -37050986//11006125, -14956706//2201225, -82685102//11006125, -3075923//440245, -115957193//11006125, -18497996//2201225, -26790156//2201225, -7485186//440245, 1588069//169325, -50908889//2201225, -16516543//846625, 50443529//2201225, 727064358//11006125, 1207963586//11006125, 400234369//2201225, 1276684502//11006125, 226829399//2201225, 970341898//11006125, -452877671//2201225, -132975871//2201225, 88654432//440245, -538776853//2201225, 486742629//2201225, -1829082777//11006125, 44442883//440245, -433436756//11006125, 62092538//11006125, 70273466//2201225, -307334059//11006125, 81182144//2201225, -234710776//11006125, 15565951//2201225, -23538534//2201225, 72265//6773, -18896832//2201225, 2498799//440245, -32081152//11006125, 1597548//2201225, 8380939//11006125, -14226157//11006125, 733488//440245, -13071199//11006125, 2186486//2201225, -4737246//11006125]
7; 6; 10; 9; 5; 1; 1; 3; 1; 1; [817116572326//2125746562875, 1170797465818//2125746562875, 298150047749//425149312575, 627610666873//708582187625, -602065378822//2125746562875, 281649141193//163518966375, -283824511614//708582187625, -1876137889667//425149312575, -670460434589//708582187625, -1231207747374//141716437525, 25848786259//10901264425, -4751673535448//425149312575, -1148626194709//425149312575, -13099831041482//708582187625, -3437884517096//708582187625, -6106248303663//141716437525, 1116392214707//163518966375, 16255309825164//708582187625, 9056200888742//708582187625, 3101224580548//54506322125, 68863278981992//425149312575, 115370894257477//2125746562875, 48300419343146//141716437525, -44722051975178//141716437525, 33804259097854//141716437525, -20952926351553//141716437525, 3539645117398//54506322125, -11755564731314//2125746562875, -13943186615147//425149312575, 7539208222841//163518966375, -94542045466579//2125746562875, 78681874759663//2125746562875, -15202148589578//708582187625, 8274219129061//425149312575, -794278209479//2125746562875, 134387858258//10901264425, -3542597882786//425149312575, 1857895513418//425149312575, -173971182707//141716437525, -610848813956//708582187625, 307307081047//163518966375, -915696019892//425149312575, 3919586873543//2125746562875, -2756196116234//2125746562875, 542942587691//708582187625, -165278129678//708582187625, 38309284046//425149312575, 196257292937//708582187625]
7; 6; 10; 9; 9; 1; 1; 10; 1; 1; [-35708689//11006125, -35096827//11006125, -21799108//11006125, -20629379//11006125, -62915352//11006125, -47762811//11006125, 57291848//11006125, 138314226//11006125, 47119127//11006125, -12485006//2201225, 33655623//2201225, 43840189//2201225, -3207272//169325, 870429524//11006125, 1052937807//11006125, 387796133//11006125, -1063956961//11006125, -435948018//11006125, -435941594//11006125, -2420016158//11006125, -7043036596//11006125, -389396689//846625, 534317554//2201225, 297719648//2201225, -718804881//2201225, 824321924//2201225, -3588802578//11006125, 2673528946//11006125, -1511953286//11006125, 545291667//11006125, 46681321//11006125, -456167142//11006125, 456296706//11006125, -849415578//11006125, 176488129//11006125, -26590559//2201225, 36668712//2201225, -2713038//169325, 27583896//2201225, -87992178//11006125, 43596871//11006125, -7269846//11006125, -15173833//11006125, 23801746//11006125, -25560352//11006125, 1444697//846625, -20263768//11006125, 3298679//11006125]
7; 6; 10; 9; 12; 1; 1; 8; 1; 1; [-4209//21125, 316//1625, -35986//21125, 106991//21125, -5352//1625, 212421//21125, -271699//21125, 26153//1625, -346817//21125, 5028//845, -5334//4225, -1951//845, 46243//4225, -522196//21125, 797932//21125, -551069//21125, -487741//21125, -807959//21125, -5702896//21125, 9490639//21125, -11381334//21125, 1257364//1625, -90078//169, 3577586//4225, -729389//845, 228806//325, -10018083//21125, 5247026//21125, -1437742//21125, -1091553//21125, 2264848//21125, -2824618//21125, 2647482//21125, -2096507//21125, 1642076//21125, -33622//845, 148864//4225, -21708//845, 63897//4225, -127503//21125, -8769//21125, 6646//1625, -115233//21125, 107873//21125, -88548//21125, 60947//21125, -34312//21125, 17331//21125]
7; 6; 10; 9; 7; 1; 1; 3; 1; 1; [-479926962126//9211568439125, -180822925197//9211568439125, 7867125963523//9211568439125, 16775496233313//9211568439125, 388412685582//141716437525, 29147041640147//9211568439125, 8791244864967//9211568439125, 30632799893524//9211568439125, -13670452701536//9211568439125, 12091471465022//1842313687825, -10012741092219//1842313687825, 3824866893973//1842313687825, -30404161093152//1842313687825, -124351120529744//9211568439125, -91944305906353//9211568439125, -366563812113923//9211568439125, -379965813028573//9211568439125, -195835006760966//1842313687825, -45370899977254//708582187625, -42915110799869//708582187625, 242954916980751//9211568439125, 85901572089487//708582187625, -56708638695238//1842313687825, 378224288438626//1842313687825, -491002865265067//1842313687825, 458949273739213//1842313687825, -1767003959146487//9211568439125, 1098589763977376//9211568439125, -520977094472209//9211568439125, 40903293298261//9211568439125, 33602025263512//1842313687825, -354621110082631//9211568439125, 23497627148218//708582187625, -256679007557642//9211568439125, 229180500685583//9211568439125, -20965305583912//1842313687825, 21855687243274//1842313687825, -18095735264708//1842313687825, 949438282164//141716437525, -33201857108917//9211568439125, 9843142362361//9211568439125, 5164780586676//9211568439125, -13672839281859//9211568439125, 2893462619312//1842313687825, -13948089854081//9211568439125, 9253942944159//9211568439125, -5462959249662//9211568439125, 3154511806048//9211568439125]
7; 6; 10; 9; 9; 1; 1; 8; 1; 1; [-36459//21125, -161994//21125, -89081//21125, -76392//21125, 90752//21125, -75172//4225, 335362//21125, 62841//4225, 1004154//21125, 2086//325, 175128//4225, 268288//4225, 165016//4225, 1773529//21125, 3307294//21125, 4968601//21125, -571808//21125, -8022322//21125, 634359//4225, -10493122//21125, -2180644//4225, -42907564//21125, 1166953//4225, -3993827//4225, 4877168//4225, -4406264//4225, 16517292//21125, -9798123//21125, 4457318//21125, -110064//21125, -208022//1625, 686973//4225, -3673581//21125, 404764//4225, -3574192//21125, 211847//4225, -212008//4225, 171037//4225, -113211//4225, 22344//1625, -68228//21125, -65142//21125, 136871//21125, -156781//21125, 26119//4225, -98996//21125, 1644//845, -54217//21125]
7; 6; 10; 9; 2; 1; 1; 11; 1; 1; [28029784//33018375, 8786//21125, -3358477//11006125, -10693793//33018375, -39545722//33018375, -5093287//2201225, -132013178//33018375, -7319254//6603675, 2193523//1320735, 2859902//1320735, -13671712//2201225, -40866274//6603675, 100898426//6603675, -223220674//33018375, 188835232//33018375, 491472346//33018375, 860846803//33018375, 53091673//846625, 39134372//440245, 1402257416//11006125, 21392555//264147, -575487943//6603675, -64371098//264147, -308805226//6603675, 1358090816//6603675, -1700549239//6603675, 7848280238//33018375, -5923675694//33018375, 3674355463//33018375, -1573926571//33018375, 68925742//11006125, 14048744//507975, -955380506//33018375, 251043908//6603675, -207089183//6603675, 9216812//1320735, -73586054//6603675, 75070514//6603675, -1569634//169325, 206221948//33018375, -107709184//33018375, 9981546//11006125, 1729723//2539875, -45498289//33018375, 851348//507975, -42117806//33018375, 6983066//6603675, -1406869//2201225]
7; 6; 10; 9; 3; 1; 1; 6; 1; 1; [-399766//63375, -1060558//63375, -677722//21125, -1083959//21125, -1036972//12675, -2294674//21125, -1591451//12675, -8717446//63375, -566861//4875, -135938//2535, 70709//4225, 24032//195, 1146758//4225, 42623156//63375, 77061058//63375, 41787532//21125, 166902272//63375, 3450178//975, 269946292//63375, 18333831//4225, 87511797//21125, 67027641//21125, 615176//507, -2831638//12675, -65908//169, 8749154//12675, -43015307//63375, 13594938//21125, -19868692//63375, 7095612//21125, 92146//975, 3346757//21125, 143372//507, 5612288//63375, 14651149//63375, -21223//2535, 26236//975, -27298//845, 124632//4225, -103039//4875, 894229//63375, -241172//63375, 143881//63375, 78424//12675, -47659//63375, 33612//4225, 4476//21125, 102643//21125]
7; 6; 10; 9; 6; 1; 1; 11; 1; 1; [-855838//507975, -6582337//2539875, -6642176//2539875, -2467718//2539875, -2887658//2539875, -3111337//2539875, -4456293//846625, -5634451//507975, -25443991//2539875, 3966//169325, 1637409//169325, 1333218//169325, -5348806//507975, 24947929//507975, 173940287//2539875, 270002536//2539875, 195539668//2539875, 39919946//846625, -53017603//2539875, 49642963//846625, 156903668//507975, 985639556//2539875, 45488041//169325, 22455917//507975, -109851376//507975, 139229309//507975, -25625248//101595, 497959271//2539875, -7465813//65125, 11111738//195375, -6173056//2539875, -65072369//2539875, 100293067//2539875, -2303096//101595, 119334118//2539875, -3685538//507975, 2000286//169325, -6161039//507975, 1683427//169325, -3399382//507975, 9158506//2539875, -2314822//2539875, -1539491//2539875, 1314633//846625, -112161//65125, 3892217//2539875, -405754//507975, 2394968//2539875]
7; 6; 10; 9; 2; 1; 1; 5; 1; 1; [-2786906//3316625, -4327922//9949875, 3179689//9949875, -6332753//9949875, -17275844//9949875, -19183//6123, 21329996//9949875, 15472337//1989975, 25028501//9949875, 4755904//1989975, 3626804//663325, 3014606//397995, 8943014//1989975, 296181323//9949875, 253928762//9949875, 5545142//3316625, -307798922//9949875, -207996166//9949875, 169963693//1989975, -172447602//3316625, -487163503//1989975, -648361557//3316625, -1979843//12675, 188148107//1989975, -1047638//26533, 1193774//1989975, 238067174//9949875, -301901909//9949875, 23409556//765375, -252353926//9949875, 144509342//9949875, -2411244//663325, -9387953//9949875, -17300542//1989975, -129368053//9949875, -5429114//1989975, 1316188//1989975, 90537//132665, -871393//663325, 14501854//9949875, -3967868//3316625, 2841776//3316625, -5011436//9949875, 1457357//9949875, 81414//663325, -692071//3316625, -856//79599, -3448468//9949875]
7; 6; 10; 9; 10; 1; 1; 11; 1; 1; [11607754//11006125, 23871617//11006125, 24227483//11006125, 2696847//11006125, -30739082//11006125, -30837207//11006125, -8837684//11006125, -16435262//11006125, -71569421//11006125, -26364428//2201225, -28883694//2201225, -16844612//2201225, 395951//440245, -291978874//11006125, -564187687//11006125, -524874583//11006125, 23955446//846625, 1427622502//11006125, 137756964//846625, 1413102584//11006125, 1034668912//11006125, 535307186//11006125, -53460638//2201225, -44443744//2201225, 89321298//2201225, -19923629//440245, 415638973//11006125, -330012406//11006125, 148761661//11006125, -48097356//11006125, 50614901//11006125, 136737781//11006125, -4832878//11006125, 109910246//11006125, -23002692//11006125, 3398563//2201225, -4496686//2201225, 4192152//2201225, -3819//2605, 9894143//11006125, -5155751//11006125, 132396//11006125, 2174119//11006125, -1760654//11006125, 4549591//11006125, -1244233//11006125, 2524706//11006125, -389367//11006125]
7; 6; 10; 9; 6; 1; 1; 5; 1; 1; [-2749//765375, -111362//765375, -1000382//765375, -113627//153075, 1089482//765375, 103928//765375, -1376992//153075, -15307333//765375, -14955644//765375, -614082//51025, -764558//51025, -238986//10205, -1519868//51025, -21125866//765375, -9367116//255125, 18749207//765375, 3555646//51025, 8311013//765375, -58943678//765375, 15450088//153075, 134210451//255125, 524223359//765375, 14601438//51025, -10650934//153075, -736072//10205, 1614167//11775, -8930996//58875, 32221762//255125, -67916494//765375, 8155652//153075, -4273462//255125, -6672424//765375, 3342472//153075, 2286959//765375, 12732189//255125, -159644//153075, 271538//51025, -208426//30615, 320308//51025, -3681898//765375, 749572//255125, -1003784//765375, 5527//30615, 470989//765375, -746614//765375, 30443//30615, -71222//255125, 272444//255125]
7; 6; 10; 9; 10; 1; 1; 5; 1; 1; [-2033639//663325, 1875181//3316625, 14183342//3316625, -3231107//3316625, -18987022//3316625, -7165604//3316625, 43977524//3316625, 4119508//255125, -48845923//3316625, -7001484//663325, 682425//26533, 192726//132665, -4209693//132665, 11887919//132665, 19622949//3316625, -314085087//3316625, -413468433//3316625, 194462497//3316625, 902711009//3316625, -837437334//3316625, -1973180204//3316625, 825231673//3316625, 253435191//663325, -1494413//132665, -27177044//132665, 38416297//132665, -185704772//663325, 744954957//3316625, -497686581//3316625, 218718541//3316625, -39259749//3316625, -30389913//3316625, 88663873//3316625, -223405457//3316625, 149446809//3316625, -3980771//663325, 1609886//132665, -1763641//132665, 1505928//132665, -31246//3925, 15019092//3316625, -428152//255125, -1728744//3316625, 5148186//3316625, -5328753//3316625, 4838148//3316625, -5837102//3316625, 3228824//3316625]
7; 6; 10; 9; 3; 1; 1; 4; 1; 1; [2473571294//25494119625, -2126298711//1699607975, -76748789746//25494119625, -100978151587//25494119625, -25178143624//5098823925, -34907069377//5098823925, -9986959709//1019764785, -100838765863//8498039875, -77259136459//8498039875, -1913206432//392217225, -1689547013//1699607975, 13778399578//1699607975, 41261050683//1699607975, 214520815257//8498039875, 1500608729//21514025, 92800747594//653695375, 1566319032684//8498039875, 38160963656//203952957, 78678982979//339921595, 1670210169911//5098823925, 3144802849873//8498039875, 1766672115204//8498039875, -115663196551//5098823925, -67185381723//1699607975, 347188587394//5098823925, -118571365902//1699607975, 509488501396//8498039875, -63115844457//1699607975, 55080126601//1961086125, 1152058724//653695375, 25641330203//5098823925, 97353877004//5098823925, 1934928967//392217225, 650162086592//25494119625, 26259694192//8498039875, 4558376872//1699607975, -16515201856//5098823925, 4982474017//1699607975, -3652796428//1699607975, 11288177896//8498039875, -832944537//1699607975, 3153921928//25494119625, 12068409266//25494119625, -474072563//1699607975, 1057468806//1699607975, -269140876//5098823925, 13533721052//25494119625, 629224972//8498039875]
7; 6; 10; 9; 5; 1; 1; 11; 1; 1; [-1003021//2539875, -799537//846625, -43433//65125, 2620589//2539875, 1318732//2539875, 8667398//2539875, 1374502//507975, 1357948//2539875, 908002//2539875, -4675778//507975, 28664//13025, 4098481//507975, 571723//169325, 51321641//2539875, 83278231//2539875, -23668163//2539875, -131528029//2539875, -150154697//2539875, -74751361//846625, 3800468//169325, 232924147//2539875, 70170901//846625, 189765487//507975, -72779509//507975, -3090403//169325, 55465664//507975, -353746687//2539875, 336074233//2539875, -254498954//2539875, 50681841//846625, -78454021//2539875, -895373//846625, 1352947//101595, -950651//65125, 57334789//2539875, 68401//39075, 1828084//507975, -1015177//169325, 1054332//169325, -12995147//2539875, 8949248//2539875, -1581198//846625, 424536//846625, 695224//2539875, -2136989//2539875, 150941//169325, -580048//846625, 526073//846625]
7; 6; 10; 9; 2; 1; 1; 2; 1; 1; [2413800466//4314929125, 7815768097//4314929125, 5192714038//12944787375, 4084368079//2588957475, 38893185638//12944787375, -8965128683//12944787375, -564239671//172597165, -24347819477//12944787375, -78406761211//12944787375, -41365204558//2588957475, -6945436846//862985825, 3859711357//2588957475, -44597173151//2588957475, -114514936886//4314929125, -627923241961//12944787375, 86300944447//12944787375, -37060146964//862985825, -137624706896//4314929125, 2053433572478//12944787375, 132721540427//862985825, 1502255852027//12944787375, 4450047455701//12944787375, 890000723522//2588957475, -44534402246//862985825, -334012026923//2588957475, 13790310221//66383525, -2783345906894//12944787375, 2237175591652//12944787375, -1526511949694//12944787375, 10381436006//172597165, -243218382904//12944787375, -62893787341//12944787375, 29096419112//862985825, -24686508593//995752875, 179746582151//4314929125, -2662708254//862985825, 7236078326//862985825, -25466537632//2588957475, 7539490847//862985825, -83225806264//12944787375, 16177338279//4314929125, -19723085204//12944787375, -310666019//2588957475, 971892862//995752875, -15608304391//12944787375, 1213509408//862985825, -11487446374//12944787375, 11905747603//12944787375]
7; 6; 10; 9; 4; 1; 1; 7; 1; 1; [3751903//9949875, -811492//9949875, -2660114//3316625, -25647602//9949875, -2798604//663325, -57208468//9949875, -21578321//9949875, 2417884//9949875, -3169682//765375, -581468//132665, -145179//663325, 1357813//153075, 41010608//1989975, 232132027//9949875, 104767924//3316625, 582850132//9949875, 1040220802//9949875, 24181361//153075, 2142673123//9949875, 487519177//3316625, -285673788//3316625, -566303434//9949875, -36121//132665, 81879463//1989975, -37512467//663325, 111255958//1989975, -417932644//9949875, 96648697//3316625, -35544233//3316625, 23756522//3316625, 1770079//153075, 7462008//3316625, 144271703//9949875, -34490659//3316625, 6215526//3316625, -951728//397995, 395444//153075, -4345799//1989975, 1029609//663325, -637388//765375, 1050472//3316625, 1431856//9949875, -692883//3316625, 65478//132665, -461932//3316625, 1211096//3316625, -2164912//9949875, 118633//9949875]
7; 6; 10; 9; 7; 1; 1; 11; 1; 1; [11028//21125, 2926//4225, 5084//4225, 36973//21125, 6566//4225, 62293//21125, 109472//21125, 275332//21125, 64268//4225, 12538//845, 5214//845, -4812//4225, 28324//4225, -575343//21125, -143588//4225, -277471//4225, -11952//125, -337451//4225, -2812573//21125, -5289662//21125, -9400942//21125, -2182387//4225, -236501//845, -14211//845, 60626//325, -1048551//4225, 4954436//21125, -155271//845, 475151//4225, -1233474//21125, 17792//4225, 306626//21125, -936841//21125, 287409//21125, -215543//4225, 1002//169, -8894//845, 47097//4225, -39369//4225, 135526//21125, -14921//4225, 892//845, 8716//21125, -5908//4225, 2342//1625, -2592//1625, 13294//21125, -877//845]
7; 6; 10; 9; 6; 1; 1; 2; 1; 1; [74548324//331917625, 539050037//199150575, 1068220202//199150575, 7329197281//995752875, 11109952468//995752875, 5510222473//331917625, 5874766679//331917625, 18333441736//995752875, 24932459119//995752875, 1201792716//66383525, -242563//66383525, -1516619503//199150575, -5131258429//199150575, -68616311177//995752875, -35184866929//199150575, -48808080056//199150575, -298569384031//995752875, -439586706308//995752875, -530241641429//995752875, -504323150777//995752875, -173173983152//331917625, -579415832594//995752875, -948922413//5106425, 29267089411//199150575, -19015016393//199150575, 9011089156//199150575, -310359204//25532125, -4469632723//199150575, 43321309//3063855, -39991449623//995752875, 710473022//331917625, -39202289237//995752875, -14653110011//995752875, -2007808141//76596375, -27496192702//995752875, -1043371828//199150575, 586093684//199150575, -68434809//66383525, -20726582//66383525, 311314948//331917625, -271400534//199150575, 177256888//199150575, -1070646128//995752875, 9069287//76596375, -221105679//331917625, -142329847//331917625, -328097648//995752875, -658855172//995752875]
7; 6; 10; 9; 3; 1; 1; 3; 1; 1; [23804537794//163518966375, -696299874058//708582187625, -362886870321//708582187625, -344991458807//2125746562875, 717860269614//708582187625, 4573827094747//2125746562875, 1649706211798//708582187625, 4257588424703//708582187625, 17051755558736//2125746562875, 4226344549238//425149312575, 580384557997//141716437525, 432309168937//425149312575, 1072646219342//141716437525, -89835980039//163518966375, 63900386801044//2125746562875, -6379934931362//2125746562875, -27054195423051//708582187625, -137511549267532//2125746562875, -187743494347297//2125746562875, -255380506751444//2125746562875, -449425143125624//2125746562875, -474865658254136//2125746562875, -62631880201717//425149312575, 19778706570061//425149312575, 9218650416397//425149312575, -24033318022589//425149312575, 140663484729464//2125746562875, -40592057747921//708582187625, 30218614921618//708582187625, -57224680137379//2125746562875, 15120358416149//2125746562875, -536803888952//163518966375, -26085277828877//2125746562875, -1153318987012//2125746562875, -13234664561046//708582187625, -37283217718//425149312575, -292737069662//141716437525, 1242390269983//425149312575, -30935076909//10901264425, 4765920193774//2125746562875, -3036093603383//2125746562875, 1506756951694//2125746562875, -368690858674//2125746562875, -580920164531//2125746562875, 50402693728//163518966375, -359570716374//708582187625, 111293489966//708582187625, -300250607981//708582187625]
7; 6; 10; 9; 5; 1; 1; 5; 1; 1; [2884277//765375, 484724//58875, 4450403//765375, 636254//765375, 1019184//255125, 348973//30615, -2102974//765375, -5488876//153075, -31174427//765375, -3597992//153075, -149713//3925, -882483//10205, -2307697//51025, -61698227//765375, -61089104//255125, -156695678//765375, 67821716//765375, 189188093//765375, 886817//30615, 55089058//255125, 65144429//51025, 456279789//255125, 120210403//153075, -63842147//153075, 1169919//10205, 11473654//153075, -137103566//765375, 47823443//255125, -139304024//765375, 98018188//765375, -46160371//765375, 13319//471, 10666667//765375, 5577529//153075, 82882081//765375, 121124//11775, 57472//153075, -202793//30615, 448802//51025, -6505426//765375, 1617723//255125, -3324964//765375, 1567853//765375, -76796//765375, -21137//30615, 1037012//765375, -17548//153075, 1927786//765375]
7; 6; 10; 9; 2; 1; 1; 10; 1; 1; [13528298//11006125, -21150451//33018375, -12016466//6603675, -13591427//33018375, 73740298//33018375, -7825726//11006125, -173762438//33018375, -60413642//33018375, 261107303//33018375, 3364032//440245, -12026732//2201225, -5188513//6603675, 204115597//6603675, -1382925139//33018375, 238666501//33018375, 351384068//6603675, 2172129857//33018375, -586672016//11006125, -2177406877//33018375, 871954216//11006125, 4466797717//33018375, -7839227993//33018375, -230756547//440245, -326006761//6603675, 2460258127//6603675, -3209899063//6603675, 5028010401//11006125, -3872950689//11006125, 295593557//1320735, -1090700243//11006125, 342942416//33018375, 1273187594//33018375, -2026552811//33018375, 2376637661//33018375, -706908863//11006125, 15932063//1320735, -137157994//6603675, 143666573//6603675, -39721654//2201225, 136008791//11006125, -220003637//33018375, 13768286//6603675, 36472196//33018375, -2270491//846625, 32861748//11006125, -86316716//33018375, 68128946//33018375, -44344774//33018375]
7; 6; 10; 9; 10; 1; 1; 2; 1; 1; [1291285668//4314929125, -2530960231//4314929125, -625455767//862985825, -6111379334//4314929125, -736827932//331917625, -134111397//331917625, 5529467896//4314929125, 1228125942//862985825, 18504234657//4314929125, 1476137058//172597165, 132643098//862985825, -395477638//862985825, 11834355704//862985825, -13139443053//4314929125, 116965167131//4314929125, 21229659252//862985825, 169868887594//4314929125, 135629601416//4314929125, -161293202749//4314929125, -455199168176//4314929125, -73287845352//862985825, -424134471252//4314929125, -39632327841//172597165, 10973532123//862985825, 100057299442//862985825, -144425336466//862985825, 712610346146//4314929125, -561516554127//4314929125, 5778935252//66383525, -176696809418//4314929125, 46188193303//4314929125, 44332370203//4314929125, -115374571423//4314929125, 1302151233//66383525, -104411367876//4314929125, 114136371//34519433, -6001260588//862985825, 6657524143//862985825, -5725313409//862985825, 20372199826//4314929125, -11476173172//4314929125, 857156876//862985825, 1057768007//4314929125, -3583600217//4314929125, 4456205003//4314929125, -4602294368//4314929125, 43915728//66383525, -2302768746//4314929125]
7; 6; 10; 9; 2; 1; 1; 8; 1; 1; [-3002//21125, -26684//21125, 661//845, -50606//63375, -7534//4875, -8423//63375, -28499//63375, 359273//63375, 263261//63375, -19336//4225, 57367//4225, 979//975, 41893//12675, 335071//63375, 2900162//63375, -93901//4225, 1161941//63375, -2463793//63375, 1466573//63375, 624193//21125, -15649798//63375, -2933787//21125, 139569//4225, -3125729//12675, 4095487//12675, -3849467//12675, 14794088//63375, -9153349//63375, 842492//12675, -477917//63375, -1859849//63375, 215068//4875, -2679853//63375, 1534666//63375, -1900813//63375, 174443//12675, -14042//975, 151693//12675, -34646//4225, 21526//4875, -6368//4875, -9092//12675, 111793//63375, -9988//4875, 113824//63375, -26706//21125, 34426//63375, -8756//21125]
7; 6; 10; 9; 6; 1; 1; 10; 1; 1; [-3496342//2539875, -1104388//846625, -1953608//846625, -33097//6773, -8384684//846625, -34528747//2539875, -42252944//2539875, -10932874//507975, -4474513//169325, -760662//33865, -2165024//169325, -829547//33865, -28150231//507975, -2145231//846625, 41637764//2539875, 188575969//2539875, 67504118//507975, 593998192//2539875, 636725957//2539875, 353915504//2539875, 854687//7815, 131727964//507975, 2527943//6773, -1329249//169325, -4233755//20319, 48890708//169325, -719056799//2539875, 567735937//2539875, -357699313//2539875, 38784698//507975, -2589798//846625, -8932613//846625, 113325487//2539875, -460023//13025, 23035132//507975, -208797//33865, 6170332//507975, -450027//33865, 1907842//169325, -20235019//2539875, 3787794//846625, -3779158//2539875, -166468//507975, 4348561//2539875, -4122799//2539875, 1512604//846625, -582784//507975, 164864//169325]
7; 6; 10; 9; 7; 1; 1; 5; 1; 1; [209728//255125, 1955812//663325, 10239393//3316625, 11062511//3316625, 1022994//255125, 21595228//3316625, 23439556//3316625, 20754271//3316625, 1533691//255125, 6787544//663325, 5718993//663325, -7117371//663325, -2577988//663325, -156836924//3316625, -57721522//663325, -22021906//255125, -147111851//3316625, 113996603//3316625, 131708182//3316625, 210411264//3316625, 299528589//3316625, 318818557//3316625, -84648166//663325, -42059792//663325, 107618409//663325, -9617441//51025, 544420328//3316625, -82841576//663325, 222268121//3316625, -99530253//3316625, -2865751//3316625, 70953911//3316625, -75885178//3316625, 94033617//3316625, -47479999//3316625, 3953231//663325, -5517738//663325, 5349866//663325, -4212582//663325, 13469578//3316625, -1372281//663325, 1016226//3316625, 1968697//3316625, -3536411//3316625, 3926751//3316625, -2995023//3316625, 2434742//3316625, -904469//3316625]
7; 6; 10; 9; 6; 1; 1; 8; 1; 1; [1333//975, 8812//4875, -9676//4875, -19337//4875, -36802//4875, -68//15, -55838//4875, -21024//1625, -4978//325, -14396//975, -7591//325, -11494//325, 17438//975, -10048//325, -58674//1625, 9172//375, 561607//4875, 1295932//4875, 92608//975, 1360498//4875, 286369//1625, 298394//975, -296846//975, -20816//325, 255488//975, -8193//25, 58594//195, -1116056//4875, 228456//1625, -272759//4875, 76871//4875, 33808//975, -153886//4875, 251536//4875, -20308//975, 2917//325, -13862//975, 4684//325, -3816//325, 7672//975, -20171//4875, 1826//1625, 4661//4875, -7804//4875, 2062//975, -7391//4875, 6826//4875, -146//325]
7; 6; 10; 9; 10; 1; 1; 10; 1; 1; [58686//169325, 13573297//11006125, 7443796//11006125, -15747033//11006125, -559866//169325, -2505482//2201225, 33022818//11006125, 30118118//11006125, -2456262//2201225, -7580454//2201225, -4067133//2201225, -11254599//2201225, 7537869//2201225, 27449616//2201225, -162376527//11006125, -355682486//11006125, -23608417//11006125, 163407947//2201225, 80309626//2201225, -60632126//846625, -838404173//11006125, 31229606//440245, 235455696//2201225, -116995368//2201225, 24334321//2201225, 33768159//2201225, -11894858//440245, 316005994//11006125, -287672108//11006125, 1107881//65125, -13203417//2201225, 2063703//440245, -22131214//11006125, -76229774//11006125, 16082344//2201225, 2635374//2201225, 604618//2201225, -2385846//2201225, 2944131//2201225, -2665028//2201225, 9947494//11006125, -6466958//11006125, 2658029//11006125, 22777//440245, -15881//169325, 1306061//11006125, -2660454//11006125, 441738//2201225]
7; 6; 10; 9; 10; 1; 1; 8; 1; 1; [-143571//21125, -55977//21125, -11099//21125, -17118//21125, -85518//21125, 189966//21125, 160879//21125, 500013//21125, 320443//21125, 18612//4225, 132411//4225, 47337//845, -43213//845, 3776166//21125, 2765807//21125, -1455646//21125, -3248112//21125, -352452//21125, -7871376//21125, -7667249//21125, -16733988//21125, -7563033//21125, 829752//4225, 3694446//4225, -1115731//845, 1117797//845, -22368562//21125, 15084196//21125, -7693653//21125, 1729914//21125, 139548//1625, -3980913//21125, 3609098//21125, -4133079//21125, 2033191//21125, -228627//4225, 259814//4225, -45336//845, 2511//65, -469472//21125, 182571//21125, 23682//21125, -141936//21125, 177954//21125, -172773//21125, 119893//21125, -92994//21125, 2237//1625]
7; 6; 10; 9; 5; 1; 1; 2; 1; 1; [-53446371//66383525, -3150238036//995752875, -2404248219//331917625, -10895980103//995752875, -2932437224//331917625, -106946323//199150575, 11280331922//995752875, 27551766119//995752875, 12599740046//331917625, 315246524//13276705, 991403869//66383525, 4715090603//199150575, 7557141694//199150575, 5072704554//66383525, 53260008052//331917625, 86346202624//331917625, 215941197203//995752875, -15035256791//331917625, -25803945354//66383525, -241723431574//331917625, -996276256019//995752875, -908630500268//995752875, -2000580006//13276705, 10187368194//66383525, -24374586127//199150575, 5574928828//66383525, -7720339552//199150575, 17904828158//995752875, 7128549607//331917625, -9761314801//995752875, 6481613552//331917625, -7183094431//199150575, -6619018442//331917625, -52466158577//995752875, -38602460684//995752875, -82112874//13276705, 895731808//199150575, -515358308//199150575, 69021852//66383525, 7354712//39830115, -610596277//995752875, 395685292//331917625, -239562337//331917625, 217423977//331917625, -3907429//5106425, -422788586//995752875, -291130824//331917625, -287046388//331917625]
7; 6; 10; 9; 7; 1; 1; 2; 1; 1; [-9837531//4314929125, 2659610836//4314929125, 2762248017//4314929125, -118790671//172597165, -30584879532//4314929125, -71891625697//4314929125, -133921054199//4314929125, -182065517458//4314929125, -183163055519//4314929125, -30919331468//862985825, -10844457309//862985825, -443191296//66383525, 4954050624//862985825, 7229820487//331917625, 97904874604//4314929125, 434440267298//4314929125, 198699536931//862985825, 2356471417392//4314929125, 3802481018447//4314929125, 5130329663039//4314929125, 5405865886073//4314929125, 3617931441104//4314929125, 372003416647//862985825, -128468219999//862985825, -39860366588//862985825, 129380455294//862985825, -775090997377//4314929125, 708732761677//4314929125, -503144634046//4314929125, 72009709411//862985825, -25976119759//4314929125, 173131200626//4314929125, 308367401907//4314929125, 139423223079//4314929125, 266217472512//4314929125, 848614028//862985825, 348872468//66383525, -6806733607//862985825, 6784895541//862985825, -27122907197//4314929125, 1389939734//331917625, -8740754736//4314929125, 604504494//862985825, 4292682581//4314929125, -1171020464//4314929125, 9182000497//4314929125, 544981464//4314929125, 5956004212//4314929125]
7; 6; 10; 9; 5; 1; 1; 10; 1; 1; [514433//195375, -352189//2539875, -1786592//507975, -1038026//195375, -3438//846625, 3559501//507975, -419379//846625, -4286406//846625, 1635671//195375, 464702//101595, -542469//33865, -12229562//507975, 5772347//169325, -30521808//846625, 43090319//2539875, 12327522//169325, 520231328//2539875, -48682501//2539875, -12971976//33865, -98387671//846625, 227854236//846625, 142638959//846625, -3925130//20319, -9435534//33865, 251983688//507975, -88992363//169325, 28633557//65125, -257622636//846625, 17221798//101595, -111138106//2539875, -20264026//846625, 23056588//507975, -66680018//846625, 65651128//846625, -102113659//2539875, 661324//33865, -2437598//101595, 11099522//507975, -2765937//169325, 8408031//846625, -10868698//2539875, 113642//507975, 2069868//846625, -8263453//2539875, 480492//169325, -2203373//846625, 1573798//846625, -1673099//2539875]
7; 6; 10; 9; 4; 1; 1; 6; 1; 1; [-42134//12675, -129867//21125, -121478//12675, -744488//63375, -1104328//63375, -1588157//63375, -2237329//63375, -876766//21125, -11119//325, -133498//12675, 3641//169, 13744//325, 660319//12675, 507314//2535, 7160327//21125, 6627407//12675, 37435903//63375, 3273871//4875, 46774862//63375, 53879089//63375, 63003518//63375, 11740721//12675, 7361102//12675, -38560//507, -2901584//12675, 4648814//12675, -1527569//4225, 20090438//63375, -2266892//12675, 8371019//63375, 3546//1625, 241112//21125, 1805464//21125, -451246//63375, 1102883//12675, -72737//12675, 192//13, -216296//12675, 64057//4225, -3521//325, 427883//63375, -5354//2535, 18754//63375, 49623//21125, -36038//21125, 185867//63375, -53696//63375, 23603//12675]
7; 6; 10; 9; 5; 1; 1; 8; 1; 1; [15022//4875, 8648//975, 30941//4875, 1322//375, 9614//1625, 9103//1625, 2068//4875, -34642//975, -213992//4875, -21232//975, -16747//325, -4649//75, -71717//975, -442217//4875, -87342//325, -324237//1625, -44821//4875, 393411//1625, 1281511//4875, 24868//125, 453631//325, 7670222//4875, 964013//975, -34691//975, -518197//975, 729433//975, -3596771//4875, 553333//975, -1880848//4875, 900577//4875, -130036//4875, -212102//4875, 524501//4875, -40073//975, 257672//1625, -15073//975, 2342//75, -33533//975, 9534//325, -101641//4875, 11179//975, -6996//1625, -5233//4875, 19904//4875, -7354//1625, 7307//1625, -398//195, 16141//4875]
7; 6; 10; 9; 7; 1; 1; 10; 1; 1; [10772//4225, 100982//21125, 153669//21125, 134076//21125, 6744//1625, 81213//21125, 275039//21125, 488721//21125, 20792//845, 16306//845, 49032//4225, 104641//4225, 193062//4225, -197256//4225, -175534//1625, -3809244//21125, -2338796//21125, 1905128//21125, 5811992//21125, 1862061//21125, -7707951//21125, -3200531//4225, -497654//845, 352992//4225, 966011//4225, -1526208//4225, 311716//845, -6500916//21125, 4135773//21125, -2357828//21125, 702699//21125, 716851//21125, -902412//21125, 752927//21125, -25837//325, 4689//845, -61912//4225, 72314//4225, -378//25, 46588//4225, -139756//21125, 51828//21125, 1732//21125, -35536//21125, 54251//21125, -45107//21125, 2264//1625, -7294//4225]
7; 6; 10; 9; 12; 1; 1; 7; 1; 1; [1982339//3316625, 1707379//3316625, 10256221//3316625, 13397901//3316625, 5386532//663325, 1367114//255125, 36523189//3316625, 8942912//3316625, 200542//132665, -1326746//663325, -10848564//663325, -16750397//663325, -40212903//663325, -285087394//3316625, -398044059//3316625, -589021216//3316625, -821540376//3316625, -227399343//663325, -853814532//3316625, -1514764439//3316625, -136999587//3316625, -6311362//51025, 70247344//663325, -58530814//663325, 38791813//663325, -22890268//663325, 18141758//3316625, 141888//3316625, -69875713//3316625, 12044692//3316625, -18932522//663325, -7544181//3316625, -86711712//3316625, 733754//3316625, -3541946//663325, 2133721//663325, -1286316//663325, 514512//663325, -1929//51025, -1842902//3316625, 1848303//3316625, -2604728//3316625, 937787//3316625, -80883//132665, -226991//3316625, -1380582//3316625, -289956//3316625, -12264//663325]
7; 6; 10; 9; 9; 1; 1; 7; 1; 1; [-538988//3316625, -4856801//3316625, -10664362//3316625, 9530854//3316625, 10410606//3316625, 18585537//3316625, 7751221//3316625, 70350627//3316625, 551007//26533, 1073094//51025, 6567//26533, 4261002//663325, 19364727//663325, -163706112//3316625, -24909429//3316625, 5470849//255125, -582336099//3316625, -954362896//3316625, -1600353802//3316625, -773412111//3316625, -2396611947//3316625, -455125843//663325, -692638308//663325, 9724320//26533, 66101252//663325, -231565293//663325, 1410744554//3316625, -1290214322//3316625, 74227992//255125, -609694377//3316625, 206123862//3316625, -79091786//3316625, -170692308//3316625, 83092189//3316625, -4459111//51025, -1931472//663325, -323686//26533, 12338988//663325, -12367347//663325, 49795744//3316625, -33219857//3316625, 17040456//3316625, -4733432//3316625, -4808488//3316625, 6623234//3316625, -9407083//3316625, 5424394//3316625, -111009//51025]
7; 6; 10; 9; 7; 1; 1; 8; 1; 1; [19272//21125, 24602//21125, 6426//1625, 78764//21125, 122788//21125, 244196//21125, 2599//1625, 13272//845, -128758//21125, 69944//4225, 501//325, 21597//4225, -50008//4225, -39729//1625, -452002//21125, -2631353//21125, -372544//21125, -3529033//21125, -2487291//21125, 576183//21125, -666099//4225, 936896//1625, -676111//4225, 1809843//4225, -2110573//4225, 1871202//4225, -6865206//21125, 4015059//21125, -1735069//21125, -122692//21125, 924751//21125, -1553713//21125, 1391499//21125, -241109//4225, 1218904//21125, -7158//325, 90812//4225, -71667//4225, 46503//4225, -114606//21125, 22574//21125, 32246//21125, -61427//21125, 61576//21125, -56103//21125, 37724//21125, -4616//4225, 16789//21125]
7; 6; 10; 9; 3; 1; 1; 11; 1; 1; [22045747//33018375, 15017319//11006125, 7143553//2201225, 178557082//33018375, 116824388//11006125, 509463181//33018375, 726923777//33018375, 905754373//33018375, 73329673//2539875, 11001234//440245, 19880309//2201225, -55048//39075, -12631282//1320735, -611864959//11006125, -967048299//11006125, -1098104966//6603675, -8078725082//33018375, -81253976//195375, -5962238677//11006125, -21075271817//33018375, -21898970863//33018375, -5804436133//11006125, -164549413//440245, 182812439//2201225, 227142636//2201225, -84269598//440245, 2223347123//11006125, -1940660207//11006125, 742090676//6603675, -2544636806//33018375, 2455422//846625, -539866673//33018375, -1747094281//33018375, -53317724//33018375, -1630855517//33018375, 158851//88049, -3777284//507975, 61230157//6603675, -3754463//440245, 5390171//846625, -44139067//11006125, 2091088//1320735, -10344091//33018375, -40052327//33018375, 8641049//11006125, -19550337//11006125, 13608416//33018375, -36092362//33018375]
7; 6; 10; 9; 4; 1; 1; 4; 1; 1; [9557215141//25494119625, -15349414981//25494119625, -13492354487//8498039875, -31248623626//8498039875, -34400679142//5098823925, -174538374022//25494119625, -5497656293//1961086125, -15600607913//25494119625, -25835365196//25494119625, -345402376//203952957, -63903438//26147815, 34961234848//5098823925, 165406598294//5098823925, 191423538768//8498039875, 367260967977//8498039875, 454701750582//8498039875, 3030839513668//25494119625, 365617518039//1699607975, 5372837750992//25494119625, 1564999983649//25494119625, -2456229488782//25494119625, -138239674371//653695375, -214379554838//1019764785, -18867768//339921595, 623396812898//5098823925, -284605616767//1699607975, 4184646685142//25494119625, -3208533306202//25494119625, 719828788841//8498039875, -875514725786//25494119625, 86631886721//5098823925, 576027042946//25494119625, -496733752438//25494119625, 481882312409//25494119625, -735819351797//25494119625, 96318569//26147815, -7221846794//1019764785, 39111015512//5098823925, -11006572708//1699607975, 116638880872//25494119625, -63629318347//25494119625, 7714015886//8498039875, 9652360174//25494119625, -3570451349//5098823925, 31709115316//25494119625, -23123802998//25494119625, 5345252538//8498039875, -15506944462//25494119625]
7; 6; 10; 9; 3; 1; 1; 5; 1; 1; [15067692//3316625, 3616187//1989975, -14222284//9949875, 32122417//9949875, 21707948//9949875, 14192704//9949875, -129755891//9949875, -80869311//3316625, 2096628//255125, -318238//26533, -25323746//663325, -17611//3925, 28993921//1989975, -1259550031//9949875, -86517751//1989975, 309909524//9949875, 358977186//3316625, 23812278//255125, -547840493//3316625, 4776039461//9949875, 8308132583//9949875, -2198985977//9949875, -1107251//132665, -283071673//1989975, 131950331//663325, -385081444//1989975, 1467983287//9949875, -8077859//79599, 499669687//9949875, -48836486//9949875, -2688496//255125, 185614343//9949875, -58435777//9949875, 202051688//3316625, -258086171//9949875, 3296561//397995, -1396804//153075, 15465997//1989975, -3632632//663325, 2279159//765375, -745339//663325, -864816//3316625, 3718718//3316625, -11725639//9949875, 9986473//9949875, -4423162//9949875, 12266504//9949875, -4093811//9949875]
7; 6; 10; 9; 4; 1; 1; 3; 1; 1; [456911810753//2125746562875, -263879914586//2125746562875, -31618318771//54506322125, -605958095619//708582187625, -3374317898422//2125746562875, -2263637552519//2125746562875, 3915380663036//2125746562875, 6482902795072//2125746562875, 9731507151419//2125746562875, 690430526414//425149312575, 135433348956//141716437525, 1332884137412//425149312575, 6407268914512//425149312575, 13002511251052//2125746562875, 8959758238852//708582187625, 6581708383594//2125746562875, 9065988808982//2125746562875, 1762805318213//54506322125, 90389180757184//2125746562875, -63163308108682//708582187625, -96470131900144//708582187625, -175245446379908//708582187625, -4134874543312//32703793275, -16880703079592//425149312575, 54695443725542//425149312575, -65560114724693//425149312575, 22917810906812//163518966375, -219373162128292//2125746562875, 44375457001209//708582187625, -55441946047544//2125746562875, 3337780103836//2125746562875, 2786552200859//163518966375, -53208332159848//2125746562875, 30026991000064//2125746562875, -57651034111282//2125746562875, 1925462586806//425149312575, -2874372694538//425149312575, 954837897456//141716437525, -763551316054//141716437525, 7596655785406//2125746562875, -3815431822702//2125746562875, 916510671922//2125746562875, 325104235797//708582187625, -603327896633//708582187625, 701167927819//708582187625, -1882822175158//2125746562875, 24597861866//54506322125, -373637045089//708582187625]
7; 6; 10; 9; 12; 1; 1; 6; 1; 1; [126003//21125, 270597//21125, 579272//21125, 909169//21125, 1346496//21125, 1815321//21125, 2166847//21125, 453946//4225, 368716//4225, 141374//4225, -204948//4225, -47753//325, -1081148//4225, -13642648//21125, -1688629//1625, -36112707//21125, -48554254//21125, -62257576//21125, -72603176//21125, -76580187//21125, -14351154//4225, -10937206//4225, -5250796//4225, 301082//4225, 2594881//4225, -3861688//4225, 18167031//21125, -15939156//21125, 8152464//21125, -7077462//21125, -1749923//21125, -1940598//21125, -5960966//21125, -117296//4225, -944778//4225, 74371//4225, -12144//325, 174744//4225, -152082//4225, 526131//21125, -324631//21125, 80474//21125, -18037//21125, -150318//21125, 58832//21125, -176471//21125, 888//845, -19598//4225]
7; 6; 10; 9; 9; 1; 1; 6; 1; 1; [120837//21125, 180256//21125, 362014//21125, 740327//21125, 88396//1625, 1464963//21125, 131273//1625, 146743//1625, 1980111//21125, 245848//4225, -246//25, -391074//4225, -427433//4225, -10589627//21125, -14238616//21125, -22324439//21125, -33444807//21125, -274247//125, -54436233//21125, -53898969//21125, -51332184//21125, -44839701//21125, -7038407//4225, -799349//4225, 5180286//4225, -6754868//4225, 183831//125, -24777633//21125, 14090363//21125, -8415871//21125, -1313229//21125, 450401//21125, -6939787//21125, 2207028//21125, -5700303//21125, 13094//325, -287756//4225, 299399//4225, -248382//4225, 838059//21125, -465193//21125, 116418//21125, 46854//21125, -222754//21125, 163301//21125, -230317//21125, 89408//21125, -115978//21125]
7; 6; 10; 9; 3; 1; 1; 2; 1; 1; [-19601560777//12944787375, -14702556868//4314929125, -40503098466//4314929125, -13915839683//862985825, -373947137054//12944787375, -513729971941//12944787375, -661630844603//12944787375, -730156107038//12944787375, -3092710542//66383525, -22917563104//517791495, -14022839931//862985825, 2938279996//199150575, 14876125633//517791495, 2050130452027//12944787375, 1064957280718//4314929125, 2318913426116//4314929125, 1917750472871//2588957475, 357804311416//331917625, 5852771232307//4314929125, 17435334245053//12944787375, 5530920513721//4314929125, 2009585069459//2588957475, 281952597047//517791495, 297392831767//2588957475, -411471906694//862985825, 308296615673//517791495, -6968526146134//12944787375, 5458043222707//12944787375, -2942635847591//12944787375, 124050642663//862985825, 14073824493//331917625, 83088970108//12944787375, 1825713170149//12944787375, -267816699671//12944787375, 50686734931//517791495, -8460739613//517791495, 5112531926//199150575, -67551522953//2588957475, 3669605514//172597165, -14055977048//995752875, 98576244802//12944787375, -19668215026//12944787375, -479762914//517791495, 54757199707//12944787375, -32582725372//12944787375, 55947718439//12944787375, -5001188002//4314929125, 5040905383//2588957475]
7; 6; 10; 9; 3; 1; 1; 10; 1; 1; [22792732//33018375, 18956788//33018375, 15673478//11006125, 68896561//33018375, 62597008//33018375, 1475449//6603675, 55119374//33018375, 329211739//33018375, 18376977//846625, 144389318//6603675, 28019493//2201225, 4736671//507975, 77025791//6603675, -624757117//33018375, 358188152//33018375, 801063256//33018375, 331353218//11006125, -18050667//846625, -42838227//2201225, -531719584//33018375, -4765021634//33018375, -13444175698//33018375, -2225609437//6603675, 286551899//6603675, 907409713//6603675, -1413498094//6603675, 7156919834//33018375, -5820339089//33018375, 3946716193//33018375, -1981390298//33018375, 38729387//2539875, 27069407//2201225, -937700677//33018375, 265433956//11006125, -1481321194//33018375, 22887127//6603675, -1471776//169325, 22141419//2201225, -19492742//2201225, 16318438//2539875, -41414328//11006125, 16555956//11006125, 1776914//11006125, -11753108//11006125, 1793653//1320735, -43191677//33018375, 9581796//11006125, -32148644//33018375]
7; 6; 10; 9; 3; 1; 1; 8; 1; 1; [20287//21125, 3526//21125, -160073//63375, -83509//21125, 29994//21125, 27763//12675, -232662//21125, -185556//21125, 67324//4875, 131312//12675, -75024//4225, 5063//975, 402191//12675, -1036141//63375, 25264//21125, 2843993//63375, 9721177//63375, 189676//4875, -600461//2535, 3911626//63375, 25613048//63375, -26423632//63375, -10003453//12675, 3176123//12675, 467533//4225, -3770389//12675, 22123132//63375, -19699429//63375, 14541104//63375, -8077309//63375, 272203//4875, -95981//12675, -696399//21125, 4184099//63375, -1356122//21125, -9167//12675, -3522//325, 195401//12675, -63512//4225, 57974//4875, -490684//63375, 243904//63375, -13708//21125, -69661//63375, 23053//12675, -132347//63375, 135454//63375, -33687//21125]
7; 6; 10; 9; 2; 1; 1; 7; 1; 1; [-1887616//3316625, -5856068//9949875, -16766189//9949875, 355969//1989975, -12745756//9949875, -1421989//663325, 12861631//9949875, 14319854//3316625, 52676407//9949875, 13272326//1989975, -784899//663325, 125652//10205, 16864607//1989975, 161716093//9949875, 216590948//9949875, 531386294//9949875, -80796941//1989975, 13361467//3316625, -1449319//663325, -830432051//9949875, -901444337//9949875, -3253306922//9949875, -363494329//1989975, 414202603//1989975, -72246976//397995, 261980392//1989975, -749389921//9949875, 99782133//3316625, 62538142//9949875, -47934949//1989975, 286087993//9949875, -53213513//1989975, 164457157//9949875, -166779571//9949875, -90363646//9949875, -17647171//1989975, 352788//51025, -351277//79599, 1404846//663325, -3386621//9949875, -7128421//9949875, 971504//765375, -518368//397995, 3477986//3316625, -21829//30615, 3052217//9949875, -623752//3316625, -3440276//9949875]
7; 6; 10; 9; 12; 1; 1; 4; 1; 1; [-41830534298//110474518375, 85464920813//110474518375, 176044608111//110474518375, 400748103127//110474518375, 742145650458//110474518375, 754742492826//110474518375, 152798329976//22094903675, 375226141861//110474518375, 59601293403//110474518375, 12020858128//1699607975, 32927934216//22094903675, -243815240221//22094903675, -554810709902//22094903675, -3519899613147//110474518375, -6566518116923//110474518375, -6844108677811//110474518375, -15949632084432//110474518375, -26804664562928//110474518375, -29467605532721//110474518375, -5420923722914//22094903675, -475834957606//110474518375, 12623953704907//110474518375, -1129550644841//22094903675, 1419334753011//22094903675, -1314519605461//22094903675, 956742172443//22094903675, -3173698093311//110474518375, 1026149635561//110474518375, -392764217888//110474518375, -1376867204046//110474518375, -260789640834//110474518375, -2276537058778//110474518375, -95753833231//22094903675, -513440958358//110474518375, 816936659311//110474518375, -62217385749//22094903675, 50806498214//22094903675, -34323024719//22094903675, 17286185547//22094903675, -26929769781//110474518375, -24041885809//110474518375, 33571396132//110474518375, -4424628092//8498039875, 14979214591//110474518375, -984394456//2084424875, -23989776//339921595, -113902566//2084424875, 9626248026//110474518375]
7; 6; 10; 9; 9; 1; 1; 4; 1; 1; [926483344//883796147, 253402625408//110474518375, 282000892422//110474518375, 1562698643//416884975, 144760313008//22094903675, 1154132500687//110474518375, 935818320909//110474518375, 43772630376//8498039875, 54706668083//8498039875, 47850178488//22094903675, -17439502542//4418980735, -390125489028//22094903675, -355530729948//22094903675, -1228934248367//22094903675, -11450892140508//110474518375, -15301038925812//110474518375, -3197617646564//22094903675, -3872237094957//22094903675, -33855949627627//110474518375, -27734406038449//110474518375, -8900309795788//110474518375, 4044846712996//110474518375, 891614461863//22094903675, -490421644883//4418980735, 2856259792972//22094903675, -2574495539188//22094903675, 1818536910288//22094903675, -6068387485139//110474518375, 29255014903//2084424875, -121859397132//22094903675, -468018426543//22094903675, 423928627389//110474518375, -3119991354637//110474518375, 1039029874821//110474518375, -4342628928//653695375, 126532396972//22094903675, -24784656496//4418980735, 97729345993//22094903675, -64189909107//22094903675, 30481102692//22094903675, -42625427954//110474518375, -59140608596//110474518375, 13840541238//22094903675, -836537738//883796147, 44816447109//110474518375, -74759569827//110474518375, 20240633156//110474518375, -5515125202//110474518375]
7; 6; 10; 9; 6; 1; 1; 7; 1; 1; [858761//765375, 353152//255125, 1261219//765375, -51536//765375, -248684//765375, -5981//30615, 855801//255125, 3739601//765375, 813532//255125, -803378//153075, -692091//51025, -670083//51025, -175636//153075, -33891491//765375, -48553096//765375, -88540849//765375, -17481858//255125, -43498336//765375, -897209//51025, -81925693//765375, -199144636//765375, -268320746//765375, -40040093//153075, 151087//153075, 22798921//153075, -31850186//153075, 152493157//765375, -123058213//765375, 73919968//765375, -40119322//765375, 1682684//255125, 772696//51025, -8227663//255125, 12934282//765375, -30383918//765375, 687173//153075, -1334732//153075, 1444829//153075, -409803//51025, 4282937//765375, -2443838//765375, 747458//765375, 16181//58875, -22267//19625, 198322//153075, -976474//765375, 502672//765375, -634573//765375]
7; 6; 10; 9; 10; 1; 1; 7; 1; 1; [-19659//21125, 15583//21125, -4467//4225, 34821//21125, 51108//21125, 6797//1625, 1362//21125, -105709//21125, -72753//21125, 38404//4225, 1584//4225, -32662//4225, 606//325, -50391//21125, -501923//21125, 130971//4225, -5824//125, -293063//21125, -3586031//21125, -1496832//21125, 4358674//21125, 7517423//21125, -664061//4225, 721269//4225, -613622//4225, 429318//4225, -1195228//21125, 383871//21125, 6372//845, -460228//21125, 486981//21125, -614033//21125, 267009//21125, -3938//21125, 425069//21125, -30144//4225, 22876//4225, -1091//325, 6327//4225, -2708//21125, -15089//21125, 4482//4225, -22588//21125, 17176//21125, -1121//1625, 4539//21125, 2352//21125, 4944//21125]
7; 6; 10; 9; 12; 1; 1; 3; 1; 1; [-3168748579721//9211568439125, -7787833846698//9211568439125, -11190794775819//9211568439125, -287591280959//708582187625, -286718995122//9211568439125, -4582880362026//9211568439125, -6942842588138//1842313687825, 5365738630851//9211568439125, -26293246997699//9211568439125, 3127835196918//368462737565, 2360828022726//1842313687825, -835954462719//368462737565, 33478616914//73692547513, 56824035645426//9211568439125, 292089823153568//9211568439125, 324647535932519//9211568439125, 179491831931007//9211568439125, -219372768639318//9211568439125, 330330909861226//9211568439125, 20698670592144//368462737565, -292630046156766//9211568439125, 1065131584412639//9211568439125, -76894776773394//368462737565, 361802291558046//1842313687825, -55484212428127//368462737565, 535200244029//5668657501, -396657338008652//9211568439125, 61206683946154//9211568439125, 180112779768577//9211568439125, -248778509979999//9211568439125, 249813095927661//9211568439125, -195566994383092//9211568439125, 32840517349446//1842313687825, -85896408105973//9211568439125, 67140199356507//9211568439125, -2844212862864//368462737565, 9746017826154//1842313687825, -209278988064//73692547513, 63330495282//73692547513, 4270956902618//9211568439125, -10192808881371//9211568439125, 12287191693072//9211568439125, -10414591560419//9211568439125, 7474298108676//9211568439125, -4191391457762//9211568439125, 437889525482//1842313687825, -70785808798//9211568439125, -352026500353//9211568439125]
7; 6; 10; 9; 9; 1; 1; 3; 1; 1; [104991543808//1842313687825, -6720041588409//9211568439125, -1367550442653//1842313687825, -80580916982//9211568439125, -20196508108428//9211568439125, 305926680498//708582187625, -49433772768912//9211568439125, 6700604175862//1842313687825, -51261731975879//9211568439125, 7132991744966//1842313687825, -2277655160748//368462737565, 10437798753869//1842313687825, 8604044177944//1842313687825, -682873627502//73692547513, 327699629187049//9211568439125, 25748176726507//1842313687825, 221013263080742//9211568439125, 321070237908988//9211568439125, -40418725742284//9211568439125, 1214480084688582//9211568439125, -200749951065537//1842313687825, 1084160056790619//9211568439125, -365894520739984//1842313687825, 21574231556474//73692547513, -534527734778581//1842313687825, 427803539220014//1842313687825, -282018513615376//1842313687825, 721324902033712//9211568439125, -31193597287617//1842313687825, -176156421815934//9211568439125, 28180068515968//708582187625, -380897653897477//9211568439125, 375737683945816//9211568439125, -53896816576796//1842313687825, 173136647256397//9211568439125, -24903461598971//1842313687825, 4313835310492//368462737565, -15410498900164//1842313687825, 8830753979646//1842313687825, -3280011917012//1842313687825, -2727453678598//9211568439125, 550239988286//368462737565, -16962757677244//9211568439125, 16103639672054//9211568439125, -11995852836327//9211568439125, 8411851105961//9211568439125, -824687508156//1842313687825, 1167925405887//9211568439125]
7; 6; 10; 9; 4; 1; 1; 11; 1; 1; [-9643664//33018375, -2358769//6603675, 14319866//33018375, 47200207//33018375, 26002642//6603675, 182799727//33018375, 230939353//33018375, 205191419//33018375, 2927579//507975, 40273864//6603675, 5442327//2201225, 625081//507975, -16649452//1320735, -37547202//11006125, -62293577//6603675, -854162411//33018375, -2282791562//33018375, -68807842//507975, -6693903452//33018375, -5710580293//33018375, -2619590444//33018375, 97115327//2201225, 80609824//6603675, 219804342//2201225, -957560287//6603675, 62690969//440245, -1253787486//11006125, 489328096//6603675, -421757766//11006125, 166312864//33018375, 418511//101595, -309684122//11006125, 410973436//33018375, -227727259//11006125, 91653977//6603675, -13193743//2201225, 1129666//169325, -37982788//6603675, 1797668//440245, -1974432//846625, 5548643//6603675, 1713604//11006125, -26345011//33018375, 5310268//6603675, -33621026//33018375, 5371742//11006125, -15124522//33018375, 1375981//6603675]
7; 6; 10; 9; 5; 1; 1; 7; 1; 1; [-463361//765375, 372097//255125, 22157//10205, -495848//765375, 30682//765375, 5715937//765375, 5894813//765375, 7038//51025, -8707682//765375, -1647748//153075, 82033//10205, -57811//2355, -903966//51025, 23779426//765375, -5497447//255125, -15740422//153075, -8364262//765375, -2817524//255125, -45680702//765375, -146066243//765375, 2634343//30615, 404569547//765375, 119019092//153075, -13087366//30615, 4274677//30615, 8073427//153075, -118227022//765375, 140675872//765375, -8676249//51025, 92791924//765375, -18636682//255125, 20720339//765375, -5946134//765375, -2238008//153075, 12521857//255125, 1709933//153075, -1538//2355, -171412//30615, 412946//51025, -6094772//765375, 4850917//765375, -650758//153075, 1580734//765375, -355826//765375, -12269//19625, 685861//765375, -54102//51025, 1076626//765375]
