8; 4; 11; 7; 2; 1; 1; 7; 1; 1; [1264678//3358875, 632276//3358875, 575392//3358875, 1012292//3358875, -4787698//3358875, 57269//258375, 891976//3358875, -11618468//3358875, -1352483//3358875, -4662//4225, 12751//17225, -1353516//223925, 600092//134355, -12646986//1119625, 29215834//3358875, 3064786//1119625, -8940844//1119625, 215918458//3358875, 8132668//3358875, 9647298//1119625, 139794293//3358875, 156124843//3358875, -9202426//223925, -28771722//223925, 135395242//671775, -9165973//44785, 185868682//1119625, -373687598//3358875, 194963114//3358875, -17625242//1119625, -31645531//3358875, 87740164//3358875, -31877946//1119625, 29954298//1119625, -52297201//3358875, 140892//17225, -6353974//671775, 1868486//223925, -54336//8957, 3972772//1119625, -4685848//3358875, -408046//3358875, 3288494//3358875, -4159936//3358875, 4100524//3358875, -3121708//3358875, 2100034//3358875, -781981//3358875]
8; 4; 11; 7; 12; 1; 1; 4; 1; 1; [-1700119//1119625, -1225972//1119625, -1475184//1119625, -2792861//1119625, -1420584//1119625, 7540802//1119625, 1085476//223925, -2060416//1119625, 633708//86125, 1838178//223925, 1510122//223925, 4056588//223925, 495952//223925, 49422564//1119625, 5764012//1119625, 10057674//1119625, 82974201//1119625, -945312//86125, -292737152//1119625, -8481342//44785, -12908273//86125, -243469584//1119625, 67694838//223925, 26819892//223925, -76125092//223925, 90166692//223925, -400396128//1119625, 296135116//1119625, -175483488//1119625, 5815881//86125, 2114232//1119625, -58681916//1119625, 10347738//223925, -66181212//1119625, 34474488//1119625, -2737863//223925, 3961128//223925, -3889668//223925, 3092508//223925, -10065048//1119625, 5024621//1119625, -82596//86125, -1344947//1119625, 2578932//1119625, -3013976//1119625, 428531//223925, -1756552//1119625, 52056//86125]
8; 4; 11; 7; 11; 1; 1; 10; 1; 1; [75468122//11006125, 38313076//11006125, 73454672//11006125, -3860172//11006125, 34146332//11006125, 32876994//2201225, -280826028//11006125, -347022528//11006125, -201347498//11006125, -87196914//2201225, -34600806//2201225, -182401164//2201225, -39763536//2201225, -11030328//65125, -1559498296//11006125, -2385860967//11006125, 3553802352//11006125, 1577095288//11006125, -59232804//440245, 9970262028//11006125, 9759780933//11006125, 14418756598//11006125, 1205683506//2201225, -3158658216//2201225, 3661511976//2201225, -3250700406//2201225, 11757193164//11006125, -7036889728//11006125, 2662915054//11006125, 368577756//11006125, -1825334011//11006125, 487775472//2201225, -1917467676//11006125, 2268270504//11006125, -499639666//11006125, 161949069//2201225, -157632044//2201225, 124018704//2201225, -80482644//2201225, 14994648//846625, -39914468//11006125, -62727866//11006125, 109483956//11006125, -110834536//11006125, 18453984//2201225, -55878786//11006125, 43214484//11006125, 1424174//11006125]
8; 4; 11; 7; 8; 1; 1; 2; 1; 1; [567735474373//2236832180375, -556627252556//2236832180375, -90913384752//2236832180375, -135268003997//447366436075, 148516528802//172064013875, 33821818237//89473287215, -1787197011472//2236832180375, 1389678601348//2236832180375, 479947819131//2236832180375, 392449750974//447366436075, 645839038257//447366436075, -321056274948//89473287215, 3425881293244//447366436075, -15648176391018//2236832180375, 9874638189926//2236832180375, 5711794581327//2236832180375, 5896738281789//447366436075, -83719160624486//2236832180375, -6870117670976//447366436075, 23512819853742//2236832180375, -32214833532238//2236832180375, -38366393988411//2236832180375, -71193667845246//447366436075, -28736662425738//447366436075, 1247943658582//6882560555, -95577997840761//447366436075, 426456188738946//2236832180375, -313167676269082//2236832180375, 186528065142516//2236832180375, -14902130540757//447366436075, -6920126726818//2236832180375, 9363385045504//447366436075, -64109016072054//2236832180375, 60710248008426//2236832180375, -49989915585303//2236832180375, 2919876694746//447366436075, -4207205238802//447366436075, 165220461462//17894657443, -3275840006904//447366436075, 10693330547196//2236832180375, -5299297692842//2236832180375, 1138197433176//2236832180375, 307571615959//447366436075, -2824506415828//2236832180375, 580955884516//447366436075, -188051286218//172064013875, 1682077916566//2236832180375, -969116911923//2236832180375]
8; 4; 11; 7; 6; 1; 1; 7; 1; 1; [170632//258375, 171348//86125, 5968//1625, 108261//17225, 851878//86125, 47746//4875, 1342522//86125, 4504514//258375, 627209//51675, 276608//17225, -971//1325, 74549//17225, -349958//17225, -13514287//258375, -21842614//258375, -40907017//258375, -4404624//17225, -81095054//258375, -22932531//86125, -113634136//258375, -20974933//86125, -9523346//51675, -3496177//17225, 12530861//51675, -3744531//17225, 155587//975, -8465062//86125, 3083851//86125, -548467//86125, -1845838//51675, 372241//19875, -71001//1625, 1220627//258375, -6933497//258375, -14088//17225, -41693//3975, 144218//17225, -283877//51675, 47083//17225, -57012//86125, -210502//258375, 323324//258375, -3530//2067, 255503//258375, -285239//258375, 9254//86125, -95422//258375, -744//3445]
8; 4; 11; 7; 11; 1; 1; 8; 1; 1; [20541034//6803875, 402306932//88450375, 94962152//17690075, 479226317//88450375, -69059092//88450375, 131106757//17690075, -88295148//17690075, -2012236976//88450375, -398931519//17690075, -629149338//17690075, -424504284//17690075, -659656812//17690075, -232463448//3538015, -7358682912//88450375, -10717801832//88450375, -3182195163//17690075, -4694991297//88450375, 22670134972//88450375, 14050246//333775, 7892164278//17690075, 65471352866//88450375, 16227824343//17690075, 22009208082//17690075, -8937073104//17690075, -476780552//17690075, 1148967258//3538015, -39179721756//88450375, 36478939144//88450375, -5871060362//17690075, 17976533559//88450375, -7536288334//88450375, 292778714//17690075, 992998974//17690075, -2185927152//88450375, 1793593761//17690075, 130319313//17690075, 182094244//17690075, -329232648//17690075, 69645036//3538015, -1470125376//88450375, 1004137334//88450375, -427826//66755, 173765159//88450375, 94412516//88450375, -40807036//17690075, 55409799//17690075, -160721852//88450375, 45625533//17690075]
8; 4; 11; 7; 2; 1; 1; 12; 1; 1; [-374150206//265351125, -20421484//10614045, -123596308//53070225, -241341101//88450375, -1372807792//265351125, 21999137//88450375, 3116193172//265351125, 63325852//10614045, 1893390608//265351125, 58974726//3538015, 196913477//17690075, 85965628//3538015, 1145050732//53070225, 4862082232//88450375, 2883925244//53070225, 110931122//3538015, 2694385041//88450375, 24537852532//265351125, -11625636202//88450375, -35172382584//88450375, -17521773521//53070225, -148610795548//265351125, -935090458//3538015, 97074344//333775, -2622338804//10614045, 3114496064//17690075, -8479811004//88450375, 1964309144//53070225, 7182784//671775, -2787776827//88450375, 905753552//20411625, -3758467686//88450375, 10356812//1119625, -557359012//17690075, -4852729604//265351125, -43115273//3538015, 164846128//17690075, -259144//44785, 46966196//17690075, -20534204//88450375, -58270604//53070225, 94140172//53070225, -152907327//88450375, 396675356//265351125, -93214416//88450375, 37687994//265351125, -21371824//53070225, -156873464//265351125]
8; 4; 11; 7; 12; 1; 1; 3; 1; 1; [406422//223925, 15151996//1119625, 14189268//1119625, 25414351//1119625, 7185392//223925, 302879//1119625, -8311668//223925, -40147004//1119625, -2019737//44785, -23142258//223925, -3719559//44785, -3796068//44785, -9937484//44785, -47401512//223925, -424995676//1119625, -104886438//1119625, -47424087//86125, -26907892//44785, 828416026//1119625, 387501888//223925, 2222737319//1119625, 145512769//44785, 749520942//223925, -26792664//44785, -3882316//3445, 84667776//44785, -445497516//223925, 1814989352//1119625, -7442256//6625, 642139737//1119625, -46180564//223925, -74074802//1119625, 71738364//223925, -209671428//1119625, 17492483//44785, -5465877//223925, 3383664//44785, -4061112//44785, 3644484//44785, -13553196//223925, 3090214//86125, -16994364//1119625, -655883//1119625, 1883732//223925, -13059032//1119625, 2983314//223925, -8471888//1119625, 390779//44785]
8; 4; 11; 7; 8; 1; 1; 10; 1; 1; [50306//21125, 18792//21125, 35948//21125, -57//169, 7764//21125, 162432//21125, -34808//21125, -81644//21125, -6264//21125, -37584//4225, -3477//4225, -101256//4225, 2532//845, -960816//21125, -323172//21125, -1601508//21125, 367473//4225, 950136//21125, -252984//1625, 204396//1625, 3760124//21125, 8403264//21125, 634476//4225, -2124912//4225, 2568524//4225, -93162//169, 8616792//21125, -5244216//21125, 2140756//21125, 10953//4225, -1202862//21125, 1592784//21125, -1568496//21125, 1497732//21125, -476988//21125, 112134//4225, -112068//4225, 89976//4225, -11928//845, 150732//21125, -36966//21125, -38564//21125, 14877//4225, -78432//21125, 64644//21125, -3472//1625, 2284//1625, -1968//21125]
8; 4; 11; 7; 8; 1; 1; 8; 1; 1; [65425456//88450375, -31703404//88450375, -85303144//88450375, -14832756//17690075, -172605288//88450375, -42339824//88450375, 1245756//272155, 670688464//88450375, 118106082//17690075, 111355902//17690075, 114862164//17690075, 7906644//3538015, 307328408//17690075, 772667604//88450375, 4886824804//88450375, 3187300794//88450375, 1436784//707603, 3226515468//88450375, -53894972//1668875, -2642189136//17690075, -13619425024//88450375, -318360222//3538015, -3428336238//17690075, -1060242876//17690075, 694206772//3538015, -4171886652//17690075, 18946350312//88450375, -13815405668//88450375, 8601890152//88450375, -710669208//17690075, 167505159//88450375, 1909535552//88450375, -686912736//17690075, 2125824228//88450375, -502721274//17690075, 122197743//17690075, -182574904//17690075, 7284396//707603, -862812//104675, 483507312//88450375, -18491146//6803875, 1151324//1668875, 12287064//17690075, -115955136//88450375, 126386552//88450375, -1857858//1360775, 65139928//88450375, -9919818//17690075]
8; 4; 11; 7; 6; 1; 1; 12; 1; 1; [-38764//6803875, -14170864//6803875, -2814347//6803875, -9240146//20411625, -59044//86125, -25006828//20411625, 86141699//20411625, 101104//15405, 19574926//6803875, 71192332//4082325, 19415287//1360775, -34821298//4082325, 1382099//77025, 100136167//20411625, 1149579872//20411625, -611254289//20411625, -275241019//20411625, -19865178//523375, -1988100767//20411625, -4847478469//20411625, -890673383//4082325, -4941926473//20411625, -220026551//314025, -285129869//4082325, 686599154//1360775, -2684337128//4082325, 12629794036//20411625, -9628879009//20411625, 2015988016//6803875, -2804814347//20411625, 303950954//20411625, 354001143//6803875, -670622179//6803875, 322254547//4082325, -1694038219//20411625, 67022348//4082325, -114551956//4082325, 39931981//1360775, -33111194//1360775, 340434596//20411625, -181767359//20411625, 54928138//20411625, 29095813//20411625, -73479091//20411625, 27372153//6803875, -25975714//6803875, 9941608//4082325, -2729713//1570125]
8; 4; 11; 7; 5; 1; 1; 7; 1; 1; [-14316//6625, -560056//258375, -795592//258375, 82983//86125, 1448594//258375, 2092027//258375, 2606966//258375, 2544838//258375, -359973//86125, -255302//17225, -10431//3445, 236999//17225, 2266//10335, 22251439//258375, 13916726//258375, 3864937//258375, -15200148//86125, -2037226//6625, -22393139//86125, -360622//4875, 4319609//86125, 80166824//258375, 645411//1325, 1404743//10335, -24341303//51675, 5934443//10335, -44561006//86125, 101011543//258375, -60625319//258375, 23847038//258375, -4178147//258375, -5763477//86125, 1476619//19875, -18931039//258375, 19005782//258375, -851134//51675, 86082//3445, -1293907//51675, 13905//689, -1147876//86125, 593111//86125, -433624//258375, -460142//258375, 256391//86125, -972061//258375, 764167//258375, -538934//258375, 376742//258375]
8; 4; 11; 7; 4; 1; 1; 5; 1; 1; [-7517128871//4142464625, -41604099146//12427393875, -75370600993//12427393875, -9269904194//2485478775, -5211024082//4142464625, -35262050522//12427393875, 95709998063//12427393875, 15100341257//828492925, 17450012429//955953375, 12181273106//497095755, 2821279276//828492925, 2024049614//63730225, 19788527453//497095755, 716999731663//12427393875, 1332274164136//12427393875, 2190426938168//12427393875, -34754578088//2485478775, -152040173198//955953375, -962199940191//4142464625, -5503130621093//12427393875, -1334339208331//2485478775, -8973225584872//12427393875, -62701443335//99419151, 1033280851843//2485478775, -515017868824//2485478775, 24573767333//497095755, 718423218554//12427393875, -1233295509317//12427393875, 497520480398//4142464625, -47443991174//497095755, 56403240896//955953375, -195277974148//4142464625, -96728193359//12427393875, -49880105048//2485478775, -568604493986//12427393875, -6468575564//497095755, 921573854//191190675, 2297256839//2485478775, -663765166//165698585, 4897341088//955953375, -57028394992//12427393875, 45813693634//12427393875, -5444355881//2485478775, 3431115031//4142464625, -3331411894//12427393875, -10455476039//12427393875, 184566334//828492925, -5353872302//4142464625]
8; 4; 11; 7; 7; 1; 1; 7; 1; 1; [1319412//1119625, 997804//1119625, -510056//1119625, -4668528//1119625, -17298738//1119625, -20989798//1119625, -24174016//1119625, -1476668//86125, -7329672//1119625, -2646//4225, 50679//223925, -238908//17225, 3733124//223925, -35366622//1119625, 79874786//1119625, 139306806//1119625, 284822088//1119625, 53301546//86125, 617113258//1119625, 486840456//1119625, 148642799//1119625, -99388188//1119625, -123303618//223925, -30468606//223925, 113655186//223925, -139730571//223925, 636716694//1119625, -36476134//86125, 297344498//1119625, -112688466//1119625, 2794353//86125, 94076194//1119625, -72335532//1119625, 99113862//1119625, -77575734//1119625, 3932538//223925, -466958//17225, 6120594//223925, -4951704//223925, 16500804//1119625, -8439092//1119625, 2300978//1119625, 2161554//1119625, -3331416//1119625, 4847464//1119625, -3287507//1119625, 2748802//1119625, -1563654//1119625]
8; 4; 11; 7; 2; 1; 1; 6; 1; 1; [-3205834559//4142464625, -16998223031//12427393875, -4519567908//4142464625, -1741639443//828492925, -28858225222//12427393875, 45997919//73534875, 36575622362//12427393875, 11581052539//4142464625, 103380489851//12427393875, 25342561936//2485478775, 149479362//63730225, 6203843569//828492925, 19558168218//828492925, 15351515538//318651125, 33165940777//955953375, 36479859634//12427393875, 483193898//14706975, 212717598997//12427393875, -294264746062//4142464625, -535289582694//4142464625, -797318489254//4142464625, -348102854702//955953375, -580160608484//2485478775, 106882772346//828492925, -35097501071//828492925, -12134247747//828492925, 605752277246//12427393875, -222791472544//4142464625, 618350683202//12427393875, -1341680492//38238135, 281082872051//12427393875, -151899529963//12427393875, -25127749572//4142464625, -39741440131//12427393875, -99517211736//4142464625, -214685659//63730225, 542564102//2485478775, 1381975316//828492925, -1993904178//828492925, 30286692496//12427393875, -23353110017//12427393875, 15593483102//12427393875, -1485339631//2485478775, 1915217561//12427393875, 454119269//4142464625, -5309142011//12427393875, 2179869374//12427393875, -7429673513//12427393875]
8; 4; 11; 7; 5; 1; 1; 12; 1; 1; [2776409//6803875, -2287888//4082325, -1572869//1360775, -36336701//20411625, -24224048//20411625, -43653358//20411625, 1145453//20411625, 56796932//20411625, 48704249//20411625, -9584//77025, 2000524//1360775, 34844866//4082325, 52123039//1360775, 8057633//20411625, 20558868//1360775, 472673//77025, 480620866//20411625, 178118738//20411625, 1548726403//20411625, -18122033//20411625, -799460964//6803875, -2101519658//6803875, -1452103357//4082325, -106367563//4082325, 992461286//4082325, -1303256758//4082325, 6196677044//20411625, -63502077//272155, 201508276//1360775, -1382524102//20411625, 201019499//20411625, 618492959//20411625, -290730243//6803875, 779667709//20411625, -1009807342//20411625, 31674772//4082325, -18546504//1360775, 19565763//1360775, -16267334//1360775, 168516064//20411625, -6067959//1360775, 5734474//4082325, 13860598//20411625, -35059441//20411625, 42279209//20411625, -2791243//1570125, 460348//385125, -20949412//20411625]
8; 4; 11; 7; 6; 1; 1; 6; 1; 1; [-60771179//955953375, -1292770//7647627, 3058680361//955953375, 1109884982//318651125, 275906222//73534875, 194058793//24511625, 15574376497//955953375, 5258327214//318651125, 4548341258//318651125, 5861638702//191190675, 1034409244//63730225, -1764072883//191190675, 567665746//38238135, -2650674716//955953375, -58882448//2941395, -141107062846//955953375, -135699190141//955953375, -56976632412//318651125, -322663491422//955953375, -10897984063//24511625, -264647899862//955953375, -134120453268//318651125, -149716670888//191190675, 20415789412//191190675, 19644948679//63730225, -1436511691//2941395, 475976553862//955953375, -3109796920//7647627, 254278295677//955953375, -141922619363//955953375, 28915991437//955953375, 13451657464//955953375, -79430216686//955953375, 55017180994//955953375, -25371527074//318651125, 1460427068//191190675, -3778682302//191190675, 1463346786//63730225, -258903416//12746045, 1088853044//73534875, -333591724//38238135, 3185368142//955953375, 3564948//24511625, -806314256//318651125, 907950948//318651125, -1065890842//318651125, 1956711074//955953375, -1721734282//955953375]
8; 4; 11; 7; 7; 1; 1; 12; 1; 1; [-3506513//17690075, -45528876//88450375, -8410632//6803875, -167650473//88450375, -286064884//88450375, -237743763//88450375, 61408228//88450375, 212720128//88450375, 78902623//17690075, 115436934//17690075, 91692642//17690075, 138711492//17690075, 188354416//17690075, 338953896//17690075, 3365809656//88450375, 5418737616//88450375, 5262129573//88450375, 7396921084//88450375, 2493033558//88450375, -7158568428//88450375, -11516815903//88450375, -3070608383//17690075, -1715285766//17690075, 19521144//333775, -421705688//17690075, 2851266//17690075, 271745772//17690075, -1606425312//88450375, 24518232//1119625, -1082550891//88450375, 1182593972//88450375, -293100126//88450375, -3210156//1119625, -383678424//88450375, -185596609//17690075, -29518479//17690075, 6835268//17690075, 100752//223925, -14621796//17690075, 16208376//17690075, -64433367//88450375, 51624108//88450375, -21496851//88450375, 15037292//88450375, 397548//6803875, -15369214//88450375, 1218436//88450375, -354793//1360775]
8; 4; 11; 7; 4; 1; 1; 2; 1; 1; [-128774778062//516192041625, 54288297936//172064013875, 34952873776//516192041625, 10779019387//516192041625, -346438231652//516192041625, -88023711184//516192041625, -199679591864//516192041625, 80419565144//516192041625, -187752013304//172064013875, -876724488//1376512111, -95016278628//34412802775, 181047529648//34412802775, -932172713984//103238408325, 1384601250524//172064013875, -103340001436//172064013875, -1121455538667//172064013875, 472166655511//172064013875, 15241340746472//516192041625, 4843699307884//516192041625, 1996719439458//172064013875, 4829353266241//516192041625, -1462147464296//172064013875, 431470598592//6882560555, 5362155631292//34412802775, -8677036175532//34412802775, 8897697115662//34412802775, -36428658324148//172064013875, 24656501854812//172064013875, -39040534885858//516192041625, 3652556942583//172064013875, 8186347778311//516192041625, -16487049016028//516192041625, 6351761195674//172064013875, -5364465752764//172064013875, 3828197526332//172064013875, -69879232174//6882560555, 1229603746484//103238408325, -364694549028//34412802775, 20534949976//2647138675, -789825195968//172064013875, 319500505007//172064013875, 47331743762//516192041625, -48082581527//39707080125, 65476648612//39707080125, -792953190008//516192041625, 622278349997//516192041625, -387704997532//516192041625, 4628946804//13235693375]
8; 4; 11; 7; 4; 1; 1; 10; 1; 1; [-1966127//846625, -3975412//2539875, -5850376//2539875, -38209//2539875, -527972//2539875, -18077714//2539875, 2151308//507975, 6923392//846625, 2436977//507975, 2314518//169325, 340282//169325, 15508//521, 2485712//507975, 46200032//846625, 68090992//2539875, 78375292//846625, -83403897//846625, -200898328//2539875, 275040044//2539875, -2842498//13025, -235205447//846625, -234634369//507975, -83718502//169325, 115787312//169325, -66856048//101595, 87438574//169325, -278921004//846625, 409307176//2539875, -62359592//2539875, -48699801//846625, 219942901//2539875, -226456408//2539875, 11518614//169325, -55762816//846625, 3866857//507975, -5246843//169325, 1026788//39075, -621848//33865, 1729036//169325, -2888104//846625, -2833024//2539875, 9305188//2539875, -11142883//2539875, 9677536//2539875, -542896//195375, 156293//101595, -811716//846625, -201779//507975]
8; 4; 11; 7; 2; 1; 1; 4; 1; 1; [-3587//258375, -4694132//3358875, -449992//258375, -2461463//1119625, -25655354//3358875, -23789306//3358875, 1352912//134355, 25259044//3358875, -1020362//3358875, 3216534//223925, 2002699//223925, 2717452//223925, 4104364//134355, 28206422//1119625, 269454362//3358875, 2207209//86125, 28788423//1119625, 711441674//3358875, 349118786//3358875, -14701578//44785, -943571524//3358875, -2032955378//3358875, -162104686//223925, 49941494//223925, 75908026//671775, -12701833//44785, 370077186//1119625, -964137214//3358875, 713546848//3358875, -137298611//1119625, 196019827//3358875, 30494378//3358875, -2204918//44785, 2783162//86125, -234583744//3358875, -43214//223925, -7004302//671775, 3264758//223925, -631096//44785, 12441956//1119625, -23825339//3358875, 11754868//3358875, -711391//1119625, -3116768//3358875, 6740048//3358875, -307982//134355, 370066//258375, -5591104//3358875]
8; 4; 11; 7; 4; 1; 1; 8; 1; 1; [-1056662//1570125, -5556088//4082325, -6555612//6803875, -18224552//20411625, 2031478//1360775, -18380691//6803875, -65928268//20411625, 90621472//20411625, 18214032//6803875, 10357584//1360775, 1488488//272155, 3197568//1360775, 88403944//4082325, 34561242//6803875, 63793642//4082325, 207056527//6803875, -250996//6803875, -140552034//1360775, 262524//9875, -45189544//6803875, -231723799//1570125, -1556122872//6803875, -686119636//1360775, 13856706//272155, 910069954//4082325, -458615507//1360775, 177390562//523375, -1110718922//4082325, 1241553436//6803875, -628628958//6803875, 4928991//272155, 158509448//6803875, -300205952//6803875, 280167978//6803875, -348356746//6803875, 8057061//1360775, -3760734//272155, 21378842//1360775, -18655428//1360775, 67316536//6803875, -4662599//816465, 283772//128375, 6097366//20411625, -2409148//1360775, 14825488//6803875, -41124491//20411625, 28663654//20411625, -7811526//6803875]
8; 4; 11; 7; 5; 1; 1; 6; 1; 1; [-243164//153075, -2095489//765375, -1895513//765375, -995374//765375, -110472//51025, 82117//153075, 5506708//765375, 10202992//765375, 7369579//765375, 538664//153075, 700888//51025, 3413881//153075, 635158//153075, 8818573//153075, 69790889//765375, 16562241//255125, -27091111//765375, -13985663//153075, -7435437//51025, -189411958//765375, -338987432//765375, -252492674//765375, 15655889//153075, 9507119//153075, -21956629//153075, 1937276//11775, -553811//3925, 6342149//58875, -43677236//765375, 5447119//255125, -12637//11775, -246624//10205, 8676311//765375, -31458301//765375, 63446//58875, -820184//153075, 373352//51025, -356397//51025, 278639//51025, -175599//51025, 1334107//765375, -57022//255125, -155801//255125, 45314//51025, -172222//153075, 469421//765375, -719356//765375, 4156//255125]
8; 4; 11; 7; 6; 1; 1; 4; 1; 1; [200692//86125, -1077//3445, 689054//258375, 3327//1625, -41108//258375, -177047//19875, -167597//19875, 115621//19875, -654889//51675, -293654//51675, 39341//3445, -2479684//51675, 271723//51675, -12366251//258375, 2597239//51675, -20620924//258375, -3908936//86125, 14025023//258375, 29053067//86125, 20678477//86125, 9511939//86125, 8579721//17225, -38229719//51675, -5714671//10335, 20562472//17225, -5305004//3975, 99211114//86125, -42420401//51675, 40152341//86125, -45137284//258375, -2694157//86125, 13974901//86125, -3439759//19875, 45060056//258375, -5436919//51675, 2330579//51675, -123388//2067, 972343//17225, -750296//17225, 2367154//86125, -50803//3975, 440968//258375, 1278856//258375, -679762//86125, 2166803//258375, -551134//86125, 1172536//258375, -97852//51675]
8; 4; 11; 7; 12; 1; 1; 5; 1; 1; [19131602989//4142464625, 26279727547//4142464625, 23881821094//4142464625, 267642117//318651125, 5926269422//828492925, 7748097472//828492925, -68962351971//4142464625, -143292188679//4142464625, -141141356029//4142464625, -15871485588//828492925, -4219834572//165698585, -75946647172//828492925, -519101508//33139717, -527766240224//4142464625, -901275186697//4142464625, -704036320349//4142464625, 704388449424//4142464625, 125087497988//828492925, 41402174126//828492925, 2237330774821//4142464625, 5283730110784//4142464625, 6950793862994//4142464625, 215411110002//828492925, -132004242856//165698585, 783784453778//828492925, -141616033987//165698585, 2589390527378//4142464625, -1605779792826//4142464625, 617815189868//4142464625, 40840956302//4142464625, -72280884051//828492925, 108760360767//828492925, -412496634032//4142464625, 49288932499//318651125, 57564771772//4142464625, 34448554223//828492925, -1365806750//33139717, 27185188032//828492925, -3586356066//165698585, 44519945728//4142464625, -11017592686//4142464625, -12524893092//4142464625, 23063514157//4142464625, -4730294276//828492925, 317287047//63730225, -12362555577//4142464625, 12411286322//4142464625, 3294902337//4142464625]
8; 4; 11; 7; 7; 1; 1; 6; 1; 1; [-273304862//4142464625, -2017470109//4142464625, -2441232349//4142464625, -12141036763//4142464625, -1637829254//318651125, -7742435273//828492925, -53792545329//4142464625, -61697306799//4142464625, -65138602623//4142464625, -8414902222//828492925, -4627176378//828492925, -5399274917//828492925, 451205348//165698585, 39304291802//4142464625, 161291405539//4142464625, 261488042799//4142464625, 650605745888//4142464625, 976191491437//4142464625, 261459027776//828492925, 1588846388319//4142464625, 1291375769639//4142464625, 1074386614968//4142464625, 69484488308//828492925, -36952909408//828492925, 10070177603//828492925, 1430909323//165698585, -76999088989//4142464625, 95928408702//4142464625, -65140726383//4142464625, 84628832754//4142464625, 12554254751//4142464625, 14217416557//828492925, 5692915144//318651125, 48912630807//4142464625, 60921242754//4142464625, 899404372//828492925, 42201278//828492925, -594972738//828492925, 158540682//165698585, -3727950959//4142464625, 3050985937//4142464625, -1626906388//4142464625, 1426541169//4142464625, 702787291//4142464625, 158773591//828492925, 1882943237//4142464625, 566360222//4142464625, 1360811479//4142464625]
8; 4; 11; 7; 2; 1; 1; 3; 1; 1; [38688842//3358875, 15779772//1119625, 17362464//1119625, 75042248//3358875, 19160476//3358875, -21601378//671775, -106511884//3358875, -25493224//1119625, -249317641//3358875, -22522806//223925, -1334462//17225, -32435332//223925, -29522144//223925, -389179064//1119625, -210020712//1119625, -385195649//1119625, -566248076//1119625, 1535460824//3358875, 1135848676//671775, 1875353008//1119625, 2186518454//1119625, 678889517//258375, 131443334//223925, -268266056//223925, 876115624//671775, -252485234//223925, 869235188//1119625, -508543216//1119625, 158604578//1119625, 20265512//1119625, -32927891//258375, 173272072//671775, -99878696//1119625, 237139072//1119625, 148225783//3358875, 77999//1325, -12356964//223925, 9398912//223925, -5912956//223925, 13066968//1119625, -1641896//1119625, -6086022//1119625, 25009856//3358875, -25309688//3358875, 5270176//671775, -9507848//3358875, 4314332//1119625, 5690803//3358875]
8; 4; 11; 7; 6; 1; 1; 3; 1; 1; [-2527352//258375, -1220641//86125, 815749//258375, -636982//258375, -4081498//258375, 1295538//86125, 1949463//86125, -4149224//258375, 2744786//51675, 2569526//17225, 28767//689, -110556//3445, 113196//1325, 97348552//258375, 80447213//258375, -14629843//86125, 3523684//19875, -3123604//19875, -374668894//258375, -52157433//86125, 41883618//86125, -37750426//17225, -49334264//17225, 11889728//10335, 775562//10335, -39738431//51675, 269482766//258375, -247486726//258375, 63959201//86125, -40191578//86125, 55445434//258375, -8358039//86125, -29132872//258375, 3147944//19875, -2465876//10335, -834778//51675, -253846//10335, 34576//795, -790838//17225, 769852//19875, -6776516//258375, 3679168//258375, -1132994//258375, -569476//258375, 1101523//258375, -1791797//258375, 1578082//258375, -311566//51675]
8; 4; 11; 7; 3; 1; 1; 7; 1; 1; [-1075814//258375, 20676//86125, -578276//258375, 6388//3445, -35128//10335, -170549//86125, 1801476//86125, 3398204//258375, 296979//86125, 3618//325, -2827//689, 974612//17225, -2033444//51675, 9479848//86125, 3601604//86125, 3678962//86125, -702288//3445, 2446988//51675, -2994846//86125, -46541726//86125, -76657349//258375, -43033299//86125, 739498//1325, 3746552//3445, -94440964//51675, 32747132//17225, -10385172//6625, 92557672//86125, -147425632//258375, 553544//3445, 5131288//51675, -20220578//86125, 20847142//86125, -21287684//86125, 968971//6625, -1255939//17225, 900568//10335, -1348472//17225, 996428//17225, -2977916//86125, 1243582//86125, 57428//258375, -6060//689, 613492//51675, -982568//86125, 725687//86125, -1538632//258375, 198743//86125]
8; 4; 11; 7; 5; 1; 1; 4; 1; 1; [1072361//258375, 119003//51675, 25766//19875, 455666//258375, -153592//258375, -963491//86125, -244067//19875, 268363//258375, -24189//6625, -633094//51675, -66094//3445, -1198844//51675, 553963//17225, -28439701//258375, -69773//3445, -6395153//258375, -755857//86125, 31175017//258375, 103066463//258375, 33749397//86125, 58274977//258375, 16351681//258375, -2844493//3975, -3091121//10335, 42743756//51675, -50246206//51675, 74298374//86125, -10973277//17225, 97149191//258375, -39601583//258375, -156563//86125, 30212849//258375, -29691587//258375, 35280436//258375, -24557297//258375, 1542469//51675, -29528//689, 722913//17225, -572648//17225, 1860474//86125, -185044//17225, 577066//258375, 800497//258375, -36486//6625, 543203//86125, -1206497//258375, 945316//258375, -475412//258375]
8; 4; 11; 7; 12; 1; 1; 2; 1; 1; [-2030596868442//2236832180375, -460641604568//172064013875, -6303454644024//2236832180375, -8406953869736//2236832180375, 4240777934156//2236832180375, -8593747777396//2236832180375, -5390367945376//2236832180375, 6716282534272//447366436075, 376682011278//34412802775, 8413147480356//447366436075, 6451700866152//447366436075, 1171107624792//89473287215, 19498816769344//447366436075, 70737544625772//2236832180375, 138662840935844//2236832180375, 237443748701604//2236832180375, 183126808625976//2236832180375, -428304485689556//2236832180375, -3915008139908//172064013875, -301769402973384//2236832180375, -181164892120534//447366436075, -221663890462998//447366436075, -356016752401164//447366436075, 57704472781932//447366436075, 25542483562996//89473287215, -208955735247486//447366436075, 1086172467677316//2236832180375, -884235523320868//2236832180375, 615159807810372//2236832180375, -23969076382044//172064013875, 72653949382202//2236832180375, 55984570748668//2236832180375, -147823684328952//2236832180375, 22180094769372//447366436075, -36551264756166//447366436075, 2929771645404//447366436075, -8399810506972//447366436075, 397929972828//17894657443, -8872692433104//447366436075, 32743852620816//2236832180375, -19334192628818//2236832180375, 48306744228//13235693375, 427894260628//2236832180375, -5364236076928//2236832180375, 6721641961048//2236832180375, -6723229291802//2236832180375, 850310322916//447366436075, -830613196038//447366436075]
8; 4; 11; 7; 11; 1; 1; 7; 1; 1; [6323293//1119625, 1401756//1119625, 4560372//1119625, -2273148//1119625, 158866//44785, 10876776//1119625, -22647312//1119625, -21430336//1119625, -29697//3445, -7434//325, -105438//44785, -15157692//223925, 3566728//223925, -147595878//1119625, -95522346//1119625, -140502642//1119625, 331401588//1119625, 4095154//223925, -119481666//1119625, 714005742//1119625, 45120112//86125, 188580921//223925, 14870454//223925, -11852694//8957, 400874758//223925, -383897877//223925, 1486776846//1119625, -957495438//1119625, 446415654//1119625, -58545426//1119625, -32028421//223925, 260343702//1119625, -242167674//1119625, 252446058//1119625, -22132299//223925, 16928946//223925, -3621778//44785, 15232002//223925, -10594008//223925, 28988976//1119625, -9634413//1119625, -3797466//1119625, 10922934//1119625, -2516464//223925, 11168052//1119625, -7681374//1119625, 5439998//1119625, -243771//223925]
8; 4; 11; 7; 7; 1; 1; 4; 1; 1; [41368//21125, -1276//1625, -68//169, -22102//21125, -31206//4225, -183657//21125, 103304//21125, 142808//21125, -56481//21125, 33858//4225, 5736//845, -26532//4225, 146048//4225, -283878//21125, 1504318//21125, -133998//4225, 239862//21125, 209214//845, 4235232//21125, -3301254//21125, -255206//1625, -7521279//21125, -3576462//4225, -52686//845, 2443118//4225, -3224757//4225, 15265446//21125, -11708366//21125, 1481342//4225, -3450024//21125, 10944//325, 1544856//21125, -176814//1625, 2040066//21125, -2126187//21125, 78192//4225, -27442//845, 144642//4225, -120528//4225, 415176//21125, -223711//21125, 13958//4225, 33416//21125, -16476//4225, 104616//21125, -92252//21125, 62366//21125, -44787//21125]
8; 4; 11; 7; 3; 1; 1; 12; 1; 1; [-7213272//6803875, -9991144//6803875, -32428744//20411625, -13385012//20411625, 1154836//523375, 24745917//6803875, 144049264//20411625, 261867992//20411625, 229110281//20411625, 15179076//1360775, 11836386//1360775, 18779464//1360775, 72157768//4082325, 227112332//6803875, 210062604//6803875, 13989741//523375, -321510596//6803875, -1092864568//6803875, -1279520422//6803875, -1705345638//6803875, -5603463812//20411625, -4041487501//20411625, -222734244//1360775, 2858332//25675, -78465876//1360775, 23273526//1360775, 86966036//6803875, -161071988//6803875, 7594258//258375, -181015968//6803875, 69686231//6803875, -126376366//6803875, -50402//6625, -80304652//6803875, -245948843//20411625, -4828016//1360775, 5893892//4082325, 1524//17225, -1258976//1360775, 8750776//6803875, -7955288//6803875, 19358842//20411625, -985688//1570125, 945116//6803875, -1373916//6803875, -498439//1570125, -1387276//20411625, -6953183//20411625]
8; 4; 11; 7; 12; 1; 1; 10; 1; 1; [17701721//11006125, -34244//65125, 3709944//11006125, -32423259//11006125, 18057082//11006125, 15895279//11006125, -93679368//11006125, -28356116//11006125, 8330521//2201225, 1002978//2201225, 9741009//2201225, -7397292//440245, 52658348//2201225, -351673986//11006125, 109577246//11006125, -203128764//11006125, 1905937299//11006125, -669510922//11006125, -434699884//11006125, 1881275928//11006125, 222710981//11006125, 290347111//2201225, -919696962//2201225, -732104706//2201225, 309379526//440245, -1716822537//2201225, 7392322242//11006125, -5262934402//11006125, 2984306778//11006125, -1000284063//11006125, -263802221//11006125, 934606988//11006125, -1100735796//11006125, 1098479418//11006125, -890929//13025, 58663812//2201225, -77021874//2201225, 14516166//440245, -55783968//2201225, 175453692//11006125, -81207917//11006125, 10360698//11006125, 34250877//11006125, -51867776//11006125, 51722828//11006125, -40748301//11006125, 28600918//11006125, -540377//440245]
8; 4; 11; 7; 5; 1; 1; 3; 1; 1; [-67498//51675, -522271//86125, -6229357//258375, -588344//19875, -2024206//258375, 1219831//86125, 339763//10335, 2887096//51675, 10044578//258375, -2198//1325, 1308649//17225, 714348//3445, 1632092//10335, 2724304//51675, 16766443//258375, 45212084//86125, 10872434//19875, 9182292//86125, -127717328//258375, -6833133//3445, -57564392//17225, -169735506//86125, 10923376//17225, 6639512//51675, -1833014//3445, 7073191//10335, -6418934//10335, 9403318//19875, -22847683//86125, 13102132//86125, -311994//86125, -7288043//86125, 12646//10335, -12474688//51675, -4530664//258375, -950318//51675, 1514038//51675, -306232//10335, 16838//689, -842492//51675, 170603//19875, -482554//258375, -329584//258375, 995108//258375, -1192999//258375, 3992//2067, -21626//3975, -53974//258375]
8; 4; 11; 7; 8; 1; 1; 7; 1; 1; [713754//1119625, 1622428//1119625, 2347944//1119625, -497879//1119625, -758902//223925, -9054403//1119625, -871032//44785, -25474204//1119625, -18913059//1119625, -64278//4225, -572757//44785, -4102476//223925, -5535276//223925, -3973818//86125, -83184298//1119625, -24678399//1119625, 159920799//1119625, 52616914//223925, 389150488//1119625, 118955232//223925, 457567699//1119625, 262128339//1119625, 33446406//223925, -4451658//44785, 10947974//223925, -2819541//223925, -16878462//1119625, 23823806//1119625, -30889632//1119625, 32446677//1119625, -1140142//223925, 27396784//1119625, 4733772//223925, 19638402//1119625, 15344427//1119625, 691824//223925, -52066//44785, -49794//223925, 209136//223925, -1390572//1119625, 1172656//1119625, -961692//1119625, 716857//1119625, -6556//223925, 352204//1119625, 126183//223925, 16214//86125, 403887//1119625]
8; 4; 11; 7; 12; 1; 1; 8; 1; 1; [305112772//88450375, 25453832//6803875, 436574548//88450375, 289475428//88450375, 99312386//88450375, 40106207//6803875, -838734412//88450375, -1790577488//88450375, -1525355744//88450375, -557320104//17690075, -349176498//17690075, -765284256//17690075, -786774032//17690075, -8405721522//88450375, -9086551286//88450375, -13873220493//88450375, 4118208792//88450375, 14241664474//88450375, 102365948//1668875, 44383920342//88450375, 59041430888//88450375, 81916980904//88450375, 13563635316//17690075, -10608097698//17690075, 6743468314//17690075, -3271648677//17690075, 2346724974//88450375, 400492054//6803875, -9993372304//88450375, 9892416546//88450375, -7359348853//88450375, 5693478832//88450375, -886610274//88450375, 3524563854//88450375, 4218391562//88450375, 375857559//17690075, -207831162//17690075, 68219646//17690075, 24459732//17690075, -381169536//88450375, 437189837//88450375, -7752968//1668875, 297751066//88450375, -12586156//6803875, 77169832//88450375, 39506476//88450375, 6142894//88450375, 130460462//88450375]
8; 4; 11; 7; 7; 1; 1; 3; 1; 1; [20543//4225, 164156//21125, 172188//21125, 255863//21125, 2162//325, -302787//21125, -420864//21125, -27864//1625, -781074//21125, -47466//845, -7704//169, -58572//845, -75312//845, -723078//4225, -2830586//21125, -3083058//21125, -5633703//21125, 482938//4225, 17658972//21125, 20450034//21125, 23380452//21125, 32827014//21125, 544014//845, -78606//169, 222078//845, -87417//845, -103554//4225, 1581322//21125, -2302074//21125, 1746231//21125, -281449//4225, 1737756//21125, 39114//1625, 1093626//21125, 1682532//21125, 13086//845, -1242//169, 882//845, 2232//845, -19224//4225, 93077//21125, -80874//21125, 48071//21125, -5152//4225, 22896//21125, 22812//21125, 8046//21125, 41472//21125]
8; 4; 11; 7; 11; 1; 1; 12; 1; 1; [178207//1668875, 1924968//1668875, 2169316//1668875, 1945666//1668875, 184846//333775, 1952143//1668875, 3606828//1668875, -10343384//1668875, -1158829//333775, -2619792//333775, -361818//66755, -1866768//333775, -6027488//333775, -20592822//1668875, -39605298//1668875, -110132766//1668875, -19875246//1668875, 8792522//333775, 34917752//1668875, 54891462//1668875, 277637939//1668875, 5930261//25675, 129969828//333775, -5767566//66755, -35802018//333775, 65890017//333775, -355367046//1668875, 22842402//128375, -2694982//21125, 113551992//1668875, -1431304//66755, -12573724//1668875, 42858//1625, -36715998//1668875, 12324001//333775, -616263//333775, 515274//66755, -40698//4225, 2948268//333775, -65904//9875, 6791121//1668875, -3088558//1668875, 166672//1668875, 304384//333775, -2132704//1668875, 2179446//1668875, -1460438//1668875, 288433//333775]
8; 4; 11; 7; 8; 1; 1; 12; 1; 1; [710981//707603, 26370588//6803875, 243925988//88450375, 241820331//88450375, 13622//1360775, -714169562//88450375, -1467283784//88450375, -61685424//3538015, -1286082359//88450375, -34885602//1360775, -76436784//3538015, -69442236//3538015, -40236192//707603, -180943794//3538015, -5957423814//88450375, 3095589942//88450375, 2738494989//88450375, 2890311718//17690075, 36974025422//88450375, 50501818104//88450375, 148344597//272155, 63451507399//88450375, 14007964374//17690075, -5715378//66755, -1217679726//3538015, 369354465//707603, -1873098414//3538015, 37353936678//88450375, -315086306//1119625, 12941663247//88450375, -512233729//17690075, -1314894994//88450375, 105022848//1119625, -175968306//3538015, 8504413787//88450375, -159690744//17690075, 75688154//3538015, -1094526//44785, 15100848//707603, -54779976//3538015, 787529748//88450375, -302053574//88450375, -2768421//6803875, 48466448//17690075, -264673204//88450375, 319903997//88450375, -1359918//707603, 186015827//88450375]
8; 4; 11; 7; 3; 1; 1; 6; 1; 1; [-18179823422//2485478775, 978753394//4142464625, -9752030213//2485478775, -27147680731//12427393875, 9190251494//4142464625, -140363490676//12427393875, 102428511542//4142464625, 324777528461//12427393875, -1602062738//318651125, 38681747106//828492925, 8212342716//828492925, 2439698684//63730225, 33187592223//828492925, 467764482203//2485478775, -57252064744//4142464625, 79310867768//497095755, -959376032858//4142464625, -42018175878//318651125, 949593930277//4142464625, -13146733560166//12427393875, -6358928720986//12427393875, -2961063339878//12427393875, -656660736319//828492925, 3415286669653//2485478775, -3576902317994//2485478775, 2981492063869//2485478775, -2021985573263//2485478775, 5496465620869//12427393875, -106705972508//828492925, -985499870332//12427393875, 160903200218//955953375, -2373848516837//12427393875, 537642100059//4142464625, -631178289996//4142464625, 806450183596//12427393875, -163409908858//2485478775, 11382426854//191190675, -109863706291//2485478775, 22144190812//828492925, -425222429//38238135, 1370796109//12427393875, 16200821642//2485478775, -37723792564//4142464625, 105872894819//12427393875, -81831331117//12427393875, 43175130677//12427393875, -10619360506//4142464625, 2463463451//12427393875]
8; 4; 11; 7; 2; 1; 1; 5; 1; 1; [240711232//4142464625, -5688796299//4142464625, -18668709268//12427393875, -17604916367//12427393875, -20034777764//12427393875, 14182495801//12427393875, 59169186874//12427393875, 16524127137//4142464625, 59774223901//12427393875, 26199330308//2485478775, 2405109157//165698585, 2334401603//165698585, 2814760318//191190675, 22919207368//4142464625, 377783642137//12427393875, 56956568783//12427393875, 172772186102//12427393875, 19452156689//12427393875, -552892937932//4142464625, -950823007838//4142464625, -67575567764//318651125, -193569108562//955953375, -486396177832//2485478775, 2124247976//165698585, 48571475119//497095755, -116677494562//828492925, 1737821172232//12427393875, -104931735418//955953375, 908129346134//12427393875, -444130441054//12427393875, 101002612537//12427393875, 48706246297//12427393875, -119620879844//4142464625, 126688389277//12427393875, -107162984246//4142464625, 2275101144//828492925, -193391340//33139717, 83123254//12746045, -4644844738//828492925, 49787509052//12427393875, -9332075793//4142464625, 10391341994//12427393875, 756867087//4142464625, -8927457593//12427393875, 3246161019//4142464625, -12691565872//12427393875, 5471498092//12427393875, -6891721633//12427393875]
8; 4; 11; 7; 11; 1; 1; 6; 1; 1; [28724363677//4142464625, 13636740779//4142464625, 13588450718//4142464625, 17152176098//4142464625, 9277065022//4142464625, 50584784628//4142464625, -78646626649//4142464625, -150760217893//4142464625, -26667879728//4142464625, -6191094594//165698585, -27028135809//828492925, -7183074174//165698585, -31394006534//828492925, -818068481617//4142464625, -379916518269//4142464625, -576073748868//4142464625, 4008866118//24511625, 808913018838//4142464625, -898423888083//4142464625, 3615550064109//4142464625, 4439912828073//4142464625, 207703311916//318651125, 27968109621//33139717, -791060840209//828492925, 137073031348//165698585, -38013358723//63730225, 1380296950444//4142464625, -549409683047//4142464625, -112137242019//4142464625, 458838581956//4142464625, -506403243241//4142464625, 462633650221//4142464625, -217974504173//4142464625, 437665837624//4142464625, 16583787254//4142464625, 6704678696//165698585, -26037418846//828492925, 660550003//33139717, -7832665341//828492925, 5315786414//4142464625, 1077633601//318651125, -23836163734//4142464625, 24582539911//4142464625, -18997998171//4142464625, 12557362741//4142464625, -3933177648//4142464625, 5783199854//4142464625, 3632266059//4142464625]
8; 4; 11; 7; 6; 1; 1; 5; 1; 1; [-81921//255125, 912661//765375, -187079//765375, 407674//765375, 367724//153075, 149997//255125, 4452976//765375, 50248//19625, 555697//255125, 1929334//153075, -165398//51025, 880571//153075, 1619594//153075, 4473103//765375, -23088761//765375, 4858088//255125, -35343089//765375, -108967//3925, -7399541//765375, -133305116//765375, 43309918//765375, -25118992//255125, -25374671//153075, 40653361//153075, -13835273//51025, 33989194//153075, -38005777//255125, 58661287//765375, -5233886//255125, -349063//19625, 1678178//51025, -29557028//765375, 19248727//765375, -16096811//765375, 2301504//255125, -1912519//153075, 1697204//153075, -412907//51025, 244037//51025, -485757//255125, -117943//765375, 76684//58875, -445499//255125, 243842//153075, -320486//255125, 490202//765375, -245176//765375, -24598//765375]
8; 4; 11; 7; 8; 1; 1; 6; 1; 1; [783338482//318651125, 10803685598//4142464625, -2943108917//4142464625, -5546065669//4142464625, -715170964//828492925, -3986516531//828492925, -53830701874//4142464625, -55803550158//4142464625, -5958243427//318651125, -27634478556//828492925, -798875916//33139717, -17446167889//828492925, -21808008477//828492925, -26559686187//318651125, -215112052998//4142464625, 177082037057//4142464625, 297855298889//4142464625, 23582138737//165698585, 203822875597//828492925, 1446896856344//4142464625, 1607299676703//4142464625, 2552530557091//4142464625, 420462941079//828492925, -47689290171//165698585, 83289870161//828492925, 20510171748//828492925, -408621278818//4142464625, 472054570241//4142464625, -431027522274//4142464625, 341743020497//4142464625, -34586554837//828492925, 26406074889//828492925, 62608648537//4142464625, 27116485059//4142464625, 180746399073//4142464625, 6363100116//828492925, -145700588//165698585, -2738388641//828492925, 320476524//63730225, -21364733018//4142464625, 1295727902//318651125, -11196186594//4142464625, 6081102052//4142464625, -195281604//828492925, -92668943//828492925, 3944160917//4142464625, -1599769416//4142464625, 4728864898//4142464625]
8; 4; 11; 7; 3; 1; 1; 4; 1; 1; [-4427//1625, -21052//4875, -4144//975, -26387//4875, 8438//4875, 15764//4875, 7032//1625, 14068//975, 33624//1625, 378//13, 7317//325, 1956//65, 17564//325, 118182//1625, 316882//4875, 35517//325, 154809//1625, -1250018//4875, -1492874//4875, -611382//1625, -576799//975, -1167084//1625, -47394//65, 83622//325, 918//13, -6057//25, 490746//1625, -1309454//4875, 15568//75, -192713//1625, 199616//4875, -74522//4875, -74106//1625, 882//65, -116802//1625, -132//65, -2762//325, 846//65, -4224//325, 17196//1625, -33829//4875, 716//195, -3959//4875, -5164//4875, 6928//4875, -3516//1625, 1042//975, -2802//1625]
8; 4; 11; 7; 4; 1; 1; 7; 1; 1; [-5266//1625, -15428//4875, -1832//375, -12481//4875, -346//1625, 13607//4875, 32088//1625, 9124//325, 127499//4875, 10182//325, 7483//325, 13932//325, 43084//975, 163746//1625, 648278//4875, 213022//1625, -11521//125, -325794//1625, -1538372//4875, -1144808//1625, -235579//325, -3463219//4875, -133078//325, 135138//325, -325514//975, 73513//325, -180242//1625, 174374//4875, 155078//4875, -93059//1625, 80328//1625, -314396//4875, 452//125, -17202//325, -122087//4875, -5472//325, 11926//975, -2302//325, 912//325, 628//1625, -9311//4875, 13358//4875, -12397//4875, 2788//1625, -7076//4875, -99//1625, -222//325, -4067//4875]
8; 4; 11; 7; 2; 1; 1; 2; 1; 1; [2089121//9507875, 20337848//123602375, 18719804//123602375, -19801351//370807125, -126705242//370807125, 39410494//370807125, 106137452//370807125, -177790408//370807125, -197031233//123602375, -22292304//24720475, -1933986//1901575, -10401104//4944095, -5164528//74161425, -699330818//123602375, 280042202//123602375, 30824706//123602375, 1397302337//123602375, 7629310022//370807125, 1868523146//370807125, 742666656//123602375, 8105708383//370807125, 738421093//123602375, -1681929924//24720475, 15789262//24720475, 38011642//988819, -1329209781//24720475, 6405787246//123602375, -5043415634//123602375, 3265223978//123602375, -1520748369//123602375, 1240838491//370807125, 1604316638//370807125, -64711264//9507875, 1039797238//123602375, -728772751//123602375, 2192303//1901575, -55615002//24720475, 12077046//4944095, -51406684//24720475, 179897696//123602375, -100473699//123602375, 34687038//123602375, 35020853//370807125, -97407884//370807125, 127260188//370807125, -111786521//370807125, 91392554//370807125, -1257587//9507875]
8; 4; 11; 7; 11; 1; 1; 4; 1; 1; [-2466993//1119625, 1355864//1119625, 341148//1119625, 1705388//1119625, 690346//1119625, 2171876//223925, 10802436//1119625, -14854248//1119625, -391062//223925, -1292328//223925, -1401948//223925, 4552464//223925, -795464//17225, 49883118//1119625, -52991774//1119625, -34518843//1119625, -70435968//1119625, -3590206//1119625, -56496398//223925, -175609896//1119625, 158647848//1119625, 1466862//17225, 275736492//223925, 51173502//223925, -230901966//223925, 289836423//223925, -1336911906//1119625, 1009304878//1119625, -625010604//1119625, 272718066//1119625, -1556531//86125, -5809066//44785, 187078752//1119625, -186013866//1119625, 6345636//44785, -7815597//223925, 12514238//223925, -983898//17225, 10442532//223925, -35178216//1119625, 1414331//86125, -392508//86125, -3737614//1119625, 47548//6625, -1847756//223925, 7641717//1119625, -5430426//1119625, 653112//223925]
8; 4; 11; 7; 3; 1; 1; 3; 1; 1; [-1358//4875, 1172//1625, 4292//4875, 1669//1625, 452//195, 181//325, -13484//4875, 4388//4875, -5541//1625, -1758//325, -451//65, 324//325, -18308//975, -5244//1625, -48312//1625, -66494//1625, -31489//1625, -55192//975, 7778//325, 171528//1625, 432622//4875, 228741//1625, 53282//325, 9348//65, -287528//975, 8098//25, -452792//1625, 24468//125, -551276//4875, 62903//1625, 7018//975, -11514//325, 80724//1625, -60048//1625, 4631//125, -3657//325, 948//65, -4444//325, 3396//325, -10652//1625, 4829//1625, -1856//4875, -2077//1625, 1852//975, -632//325, 8192//4875, -4804//4875, 1083//1625]
8; 4; 11; 7; 6; 1; 1; 2; 1; 1; [8000176774//172064013875, 10421914532//516192041625, -234409224394//516192041625, 8248131757//103238408325, -115400526964//172064013875, -421096907893//516192041625, 24024264082//39707080125, -1198255338362//516192041625, 6060502651//39707080125, 91646903098//103238408325, -62244980339//34412802775, 640408501388//103238408325, 117316229653//34412802775, 485653021201//172064013875, 5730541284748//516192041625, 351546839781//13235693375, 1092090628906//103238408325, 23919538135502//516192041625, 5300083442181//172064013875, 7020378381604//516192041625, 50004373792922//516192041625, -800011260611//172064013875, 5082584892193//103238408325, 1372239208591//34412802775, -8632944143032//103238408325, 3205397843668//34412802775, -41260377493051//516192041625, 29617596814249//516192041625, -16038536759183//516192041625, 1254187140022//103238408325, 61939219414//13235693375, -4622144431456//516192041625, 6942981560117//516192041625, -3807180747269//516192041625, 4454276641501//516192041625, -109500250151//34412802775, 430219378372//103238408325, -404675130563//103238408325, 103855364252//34412802775, -977540020511//516192041625, 456640774004//516192041625, -45536340818//516192041625, -35676226324//103238408325, 307168417211//516192041625, -92405056122//172064013875, 242206859197//516192041625, -115541512504//516192041625, 79966693376//516192041625]
8; 4; 11; 7; 5; 1; 1; 5; 1; 1; [-1020956834//955953375, -3571763038//955953375, -5784779201//955953375, -1304255422//318651125, -22953688//955953375, 5533327136//955953375, 13092600643//955953375, 15763185106//955953375, 83571971//14706975, -576686962//191190675, 389360443//63730225, 6219705091//191190675, 1668616226//38238135, 58450064234//955953375, 99392596838//955953375, 85919355406//955953375, -25047257759//955953375, -137867411242//955953375, -81730688002//318651125, -9871405747//24511625, -377751935411//955953375, -45082420021//191190675, -13005295852//191190675, 9751609754//191190675, -5613437119//191190675, 44757832//2941395, 171911144//73534875, -2271863746//955953375, 4507825071//318651125, -10524877747//955953375, 392823058//318651125, -5310664936//318651125, -15080426084//955953375, -17605020328//955953375, -2184942047//191190675, -335642273//191190675, 57642792//63730225, -12724592//63730225, -2167532//12746045, 450599992//955953375, -27292937//73534875, 449992808//955953375, -95712114//318651125, 31965124//955953375, -262384448//955953375, -342859694//955953375, -273418048//955953375, -16898277//63730225]
8; 4; 11; 7; 2; 1; 1; 10; 1; 1; [6339053//11006125, 3128248//11006125, 4696904//11006125, -2648378//6603675, -75950968//33018375, -18297189//11006125, 3006264//2201225, -8209096//11006125, -5145407//2201225, -3904428//2201225, -3093312//2201225, -7120424//2201225, -9256784//6603675, -86092528//11006125, 128704//846625, -284831289//11006125, 82575494//2201225, 3395098468//33018375, 680572394//11006125, -13719778//2201225, 416228661//11006125, 3751831//169325, -59034948//2201225, -52490512//2201225, 106354656//2201225, -117475308//2201225, 498845576//11006125, -355494784//11006125, 187568058//11006125, -807058//169325, 100235969//33018375, 96905642//11006125, -16848186//2201225, 92832008//11006125, -8853463//2201225, 4068358//2201225, -5275928//2201225, 4932384//2201225, -290744//169325, 11741536//11006125, -5394774//11006125, 368558//11006125, 316634//1320735, -7662316//33018375, 4130652//11006125, -585853//2201225, 2269608//11006125, -30991//440245]
8; 4; 11; 7; 4; 1; 1; 12; 1; 1; [-1097221//4082325, -4849296//6803875, -488996//1360775, 773576//1360775, 25402246//6803875, 99125438//20411625, 37086196//6803875, 145066592//20411625, 6493749//1360775, 5407572//1360775, 4544222//1360775, 4334632//1360775, 11731856//1360775, 2244962//272155, 25806726//6803875, -21749717//1360775, -84471884//1360775, -1170147366//6803875, -3436091138//20411625, -977653836//6803875, -2264374772//20411625, -57944049//1360775, -158944928//1360775, 379354//25675, 195231506//4082325, -100877119//1360775, 103270994//1360775, -415956302//6803875, 138932//3445, -32743926//1360775, -14974538//6803875, -4761158//1570125, -1388852//86125, 38177378//6803875, -15093157//1360775, 1643443//1360775, -12334186//4082325, 60142//17225, -4175036//1360775, 3048528//1360775, -682264//523375, 679556//1360775, -1254//272155, -3482928//6803875, 6805156//20411625, -3891483//6803875, 5098334//20411625, -344557//1360775]
8; 4; 11; 7; 7; 1; 1; 5; 1; 1; [743602922//828492925, 7106322269//4142464625, 4543505117//4142464625, -740874709//828492925, -20270282836//4142464625, -7155957977//828492925, -1531266603//165698585, -27614403317//4142464625, 6040391159//4142464625, 2401952542//828492925, -271929183//828492925, -5248570531//828492925, -1485636488//165698585, -33886786876//828492925, -146448791909//4142464625, 56885185143//4142464625, 101301379736//828492925, 867480565121//4142464625, 214012025654//828492925, 7796533527//63730225, -193570983093//4142464625, -1235751196384//4142464625, -159328995908//828492925, -2653884266//63730225, 140108009739//828492925, -34934357794//165698585, 31680085867//165698585, -607925971192//4142464625, 370912370549//4142464625, -27601400436//828492925, 48307372723//4142464625, 25899205773//828492925, -18880595174//828492925, 632039979//24511625, -147813842972//4142464625, 4802165273//828492925, -7541304452//828492925, 7651599096//828492925, -249202758//33139717, 4144333783//828492925, -10952514507//4142464625, 2925825894//4142464625, 21879477//33139717, -4118113867//4142464625, 1261531929//828492925, -842483911//828492925, 3139154756//4142464625, -2931693417//4142464625]
8; 4; 11; 7; 8; 1; 1; 4; 1; 1; [-4309436//1119625, 45664//17225, 505952//1119625, 4059344//1119625, 2253668//223925, 15656724//1119625, 1154056//1119625, -9355056//1119625, 6104756//1119625, -707472//44785, -54906//3445, 5664144//223925, -19129896//223925, 58427556//1119625, -23299228//223925, 89859498//1119625, -132577464//1119625, -71039432//223925, -346596924//1119625, 104450874//1119625, 300487521//1119625, 745144124//1119625, 90659616//44785, 15620916//44785, -371450956//223925, 468456414//223925, -2167891692//1119625, 327600068//223925, -77789432//86125, 445866828//1119625, -10459273//223925, -227984292//1119625, 319717482//1119625, -299340012//1119625, 284234632//1119625, -192378//3445, 807964//8957, -20713164//223925, 16944456//223925, -57239352//1119625, 1199774//44785, -49304//6625, -5943052//1119625, 38932//3445, -14854512//1119625, 978959//86125, -8790612//1119625, 5827192//1119625]
8; 4; 11; 7; 11; 1; 1; 3; 1; 1; [-5276569//1119625, -2925768//223925, -222308//17225, -24213041//1119625, -25897734//1119625, 1977272//223925, 40316948//1119625, 32380248//1119625, 60088358//1119625, 4376304//44785, 16782642//223925, 23381328//223925, 39685792//223925, 280829814//1119625, 65804874//223925, 6971238//44785, 578547381//1119625, 23501718//86125, -8704382//8957, -1877823408//1119625, -2098450203//1119625, -3202217878//1119625, -105992244//44785, 15942174//17225, 23416098//223925, -149072193//223925, 992486022//1119625, -36155658//44785, 142282658//223925, -2452653//6625, 215697972//1119625, -14573954//223925, -169618944//1119625, 35705886//1119625, -277091384//1119625, -529653//44785, -4907442//223925, 8384742//223925, -8692332//223925, 36376752//1119625, -4885497//223925, 2676806//223925, -3485357//1119625, -1911408//1119625, 67564//17225, -7711439//1119625, 3574806//1119625, -509468//86125]
8; 4; 11; 7; 2; 1; 1; 8; 1; 1; [62564753//265351125, -25196092//265351125, 296012//17690075, -62203226//265351125, -117521626//265351125, -95566151//88450375, -107880688//265351125, 4761664//17690075, 15579183//88450375, 4527414//17690075, 16096056//17690075, -51246348//17690075, 83173104//17690075, -484932126//88450375, 993723442//265351125, 7227858//17690075, 87818814//6803875, 4500468586//265351125, 50336692//1668875, 674795086//88450375, -63158887//17690075, 235949097//88450375, -1492563426//17690075, -78338838//1360775, 2275891862//17690075, -2559486981//17690075, 854793534//6803875, -23887058114//265351125, 916749334//17690075, -1661566424//88450375, -660350632//265351125, 1514796308//88450375, -133265434//6803875, 12943002//707603, -1225953459//88450375, 85358946//17690075, -114338586//17690075, 108755418//17690075, -84199704//17690075, 267215112//88450375, -29002033//20411625, 71918//333775, 11023336//20411625, -223706572//265351125, 80153888//88450375, -189662426//265351125, 659422//1360775, -22486059//88450375]
8; 4; 11; 7; 6; 1; 1; 10; 1; 1; [-1167251//846625, 2484541//2539875, -2258723//2539875, 767948//2539875, 7090708//2539875, -1546156//507975, 5567869//846625, 103819//20319, -1059677//2539875, 3004524//169325, -1462414//169325, 3101476//507975, 6006769//507975, 5624576//195375, -72262141//2539875, 94658333//2539875, -4883557//65125, -188080978//2539875, 1356562//20319, -659035517//2539875, 136729//6773, -313524593//2539875, -70798036//169325, 257103908//507975, -77540448//169325, 173206664//507975, -518338166//2539875, 217041022//2539875, 2095919//2539875, -133522859//2539875, 165716366//2539875, -10739331//169325, 34231078//846625, -3330419//101595, 27328721//2539875, -11192672//507975, 8991052//507975, -1983372//169325, 1008607//169325, -274642//195375, -1267061//846625, 7369114//2539875, -8084474//2539875, 505982//195375, -305797//169325, 2076994//2539875, -34612//101595, -13911//65125]
8; 4; 11; 7; 6; 1; 1; 8; 1; 1; [-239893//314025, 809626//6803875, 1119787//6803875, -8437959//6803875, -23404//77025, 30873//17225, 11886636//6803875, -4282441//6803875, 31812116//20411625, 23606974//4082325, -1664812//1360775, 1767829//1360775, 8987796//1360775, 41156434//1360775, -379673018//20411625, -109448637//6803875, 233934769//6803875, -54672776//4082325, -259513412//4082325, -405151636//6803875, -273615429//6803875, -586291561//20411625, -6348452//314025, 128288738//1360775, -484521823//4082325, 149647106//1360775, -66589204//816465, 1027059386//20411625, -159367321//6803875, 22310657//6803875, 41595373//4082325, -76870834//4082325, 89271362//6803875, -98427517//6803875, 143385577//20411625, -6955173//1360775, 21375116//4082325, -5825084//1360775, 3938554//1360775, -114632//77025, 2745467//6803875, 1936894//6803875, -4268843//6803875, 986418//1360775, -2827592//4082325, 2758982//6803875, -25468//86125, 1477912//20411625]
8; 4; 11; 7; 5; 1; 1; 2; 1; 1; [-40620300126//172064013875, -10941001228//172064013875, -11128016306//39707080125, -494407621576//516192041625, -837492903848//516192041625, -281471222018//516192041625, 80446741818//34412802775, 1735882677518//516192041625, 443347428367//172064013875, 40974106858//20647681665, 149809675734//34412802775, -41923752284//103238408325, -39543909271//20647681665, 2012619801191//172064013875, 1901570423328//172064013875, 3074659101466//172064013875, 8134838624941//516192041625, 3872151274906//172064013875, -2672650672219//172064013875, -10677257625572//103238408325, -82171094490533//516192041625, -34230736630931//516192041625, 1030164041467//20647681665, -397419077431//34412802775, -1308109905964//103238408325, 12842044578//529427735, -13336019089181//516192041625, 3936335599549//172064013875, -7675508890831//516192041625, 4869941300473//516192041625, -1006485006821//516192041625, -852634927706//516192041625, -33999056129//20647681665, -5611454608159//516192041625, 152385770587//516192041625, -1311671357//6882560555, 97489458128//103238408325, -122986330861//103238408325, 1516218628//1376512111, -426443106781//516192041625, 90642233164//172064013875, -111334386856//516192041625, 5660705341//172064013875, 65300604929//516192041625, -29768816022//172064013875, 7290499721//103238408325, -135984863444//516192041625, 4717106164//172064013875]
8; 4; 11; 7; 8; 1; 1; 3; 1; 1; [17483189//1119625, 4960096//223925, 5247108//223925, 40296922//1119625, 21337474//1119625, -42922978//1119625, -56427092//1119625, -2704864//86125, -23288313//223925, -35557164//223925, -27381282//223925, -48017688//223925, -50921152//223925, -576469434//1119625, -74250262//223925, -99098679//223925, -953395542//1119625, 354776306//1119625, 2577333358//1119625, 2946385722//1119625, 3394152802//1119625, 992755221//223925, 362967576//223925, -401437002//223925, 340342642//223925, -244258917//223925, 654781518//1119625, -51462994//223925, -678780//8957, 182804604//1119625, -260752787//1119625, 368837554//1119625, -54872334//1119625, 268222326//1119625, 35150937//223925, 16800429//223925, -12881018//223925, 7991718//223925, -3701508//223925, 1514688//1119625, 1504618//223925, -2489748//223925, 11284084//1119625, -9471692//1119625, 8711284//1119625, -821734//1119625, 287942//86125, 1002321//223925]
8; 4; 11; 7; 7; 1; 1; 2; 1; 1; [-27218070539//172064013875, 616089359984//2236832180375, 1366744532124//2236832180375, 1959596842909//2236832180375, 2477999646826//2236832180375, 3396260885827//2236832180375, -2857058738548//2236832180375, -284407736376//447366436075, -6077118506149//2236832180375, -233766380052//89473287215, -1754145536838//447366436075, -28587003816//89473287215, -3554293398256//447366436075, -10228681992738//2236832180375, -37246150091414//2236832180375, -90529097480664//2236832180375, -66216778077969//2236832180375, -56941272179206//2236832180375, -50625599375092//2236832180375, 117152299950048//2236832180375, 23694463079259//447366436075, 110194664027969//2236832180375, -1803478057296//89473287215, 3232659011334//34412802775, -10622007714142//89473287215, 48931811989239//447366436075, -186216982167114//2236832180375, 113020780612798//2236832180375, -55092990072882//2236832180375, 1006051332093//2236832180375, 21479739945637//2236832180375, -37945269617656//2236832180375, 40705447182384//2236832180375, -4590634754274//447366436075, 23661918093037//2236832180375, -91503867867//17894657443, 2341939705918//447366436075, -383537896602//89473287215, 1291761145596//447366436075, -3406816881264//2236832180375, 914741547188//2236832180375, 585023486178//2236832180375, -1523562927707//2236832180375, 1598228138692//2236832180375, -1472305324936//2236832180375, 1122687820549//2236832180375, -19406547306//89473287215, 312538978117//2236832180375]
8; 4; 11; 7; 5; 1; 1; 10; 1; 1; [-1730883//846625, -7806913//2539875, -2086339//846625, -663973//2539875, -35606//39075, -1369919//507975, 17467169//2539875, 42775657//2539875, 5907809//507975, 100566//33865, 2945656//169325, 17051408//507975, 428189//169325, 132438574//2539875, 239806063//2539875, 168635722//2539875, -70809124//846625, -69327676//507975, -27469594//507975, -540501199//2539875, -433799884//846625, -51055283//101595, 78118//6773, 96492778//507975, -45222154//169325, 133208317//507975, -519844408//2539875, 352504904//2539875, -53375653//846625, 24340214//2539875, 277616//20319, -6381517//169325, 23400406//846625, -138150751//2539875, -637643//507975, -1135592//101595, 6240622//507975, -1773186//169325, 1256241//169325, -10488038//2539875, 1315748//846625, 1117666//2539875, -1234177//846625, 803078//507975, -53903//33865, 823711//846625, -2895146//2539875, -65101//507975]
8; 4; 11; 7; 4; 1; 1; 6; 1; 1; [-5068716412//2485478775, -19831662862//12427393875, -6398298307//12427393875, -2361157732//12427393875, 1169555918//497095755, -176874851//828492925, 83338368641//12427393875, 68851470919//4142464625, 3111609248//318651125, 43062349142//2485478775, 4269451307//165698585, 1236287946//63730225, 22806547017//828492925, 147501934081//2485478775, 531848343272//12427393875, 504599010112//12427393875, -901073424458//12427393875, -9943924382//63730225, 6428148599//497095755, -3196480430041//12427393875, -4950608840167//12427393875, -1515612084599//4142464625, -938907274933//2485478775, 89337759997//497095755, -22018845752//828492925, -160101047269//2485478775, 54463797826//497095755, -1341421632319//12427393875, 1142695710686//12427393875, -798681404284//12427393875, 1597209183//63730225, -21120649874//2485478775, -220382903803//12427393875, -54270752216//12427393875, -132610649567//4142464625, -9209800352//2485478775, -19348282//12746045, 10711667461//2485478775, -4165410122//828492925, 870490324//191190675, -40579673804//12427393875, 24768264886//12427393875, -10644973369//12427393875, -422404877//2485478775, 433541714//828492925, -11283201608//12427393875, 1303880098//4142464625, -10201741661//12427393875]
8; 4; 11; 7; 5; 1; 1; 8; 1; 1; [-807406//4082325, -9216906//6803875, -26055769//20411625, -18829804//20411625, -4262314//20411625, 40561148//20411625, 56009312//20411625, 5432827//4082325, 39961588//6803875, 9902186//4082325, 10884481//1360775, 3249063//272155, 9003328//4082325, 248124//104675, 529877108//20411625, 1681461//128375, 166726038//6803875, -161667582//6803875, -28286032//258375, -793019124//6803875, -475855183//4082325, -1092886173//6803875, 363872036//4082325, -14263164//1360775, -5900831//163293, 77821891//1360775, -235375402//4082325, 980233984//20411625, -627407543//20411625, 117701864//6803875, -108192298//20411625, -57898738//6803875, 14206698//6803875, -18267429//1360775, -1913589//6803875, -1266722//1360775, 3165254//1360775, -723902//272155, 3201714//1360775, -534884//314025, 6931198//6803875, -7726208//20411625, -366208//20411625, 5305342//20411625, -9368644//20411625, 382783//1570125, -296302//816465, 190166//6803875]
8; 4; 11; 7; 7; 1; 1; 10; 1; 1; [13088//2201225, 23888//88049, 1579432//11006125, -3256896//11006125, -12025144//11006125, -18658447//11006125, -23102384//11006125, -43998688//11006125, -16501432//11006125, -124416//88049, -3424608//2201225, -2621568//2201225, -6516064//2201225, -1668552//440245, -9032//88049, 65747673//11006125, 310073136//11006125, 578043844//11006125, 656901862//11006125, 607262394//11006125, 42184096//846625, 275292152//11006125, -33840//88049, 2336664//169325, -41992248//2201225, 39965436//2201225, -31818216//2201225, 4030136//440245, -45348226//11006125, 22428408//11006125, 42641177//11006125, 162982//846625, 56266482//11006125, 1141464//11006125, 28680976//11006125, -70500//88049, 1891768//2201225, -1604232//2201225, 1112784//2201225, -625632//2201225, 41383//440245, 417554//11006125, -837192//11006125, 139244//846625, -621404//11006125, 1393157//11006125, -53416//11006125, 452896//11006125]
8; 4; 11; 7; 12; 1; 1; 7; 1; 1; [458448//223925, -1561212//1119625, 71368//1119625, -2674231//1119625, 2641472//1119625, -336681//223925, -6441028//1119625, -5637264//1119625, 152096//86125, 558//845, 2322474//223925, -37644//1325, 8929152//223925, -10799772//223925, -1217556//86125, 2226039//86125, 155513931//1119625, -101154212//1119625, 9318918//223925, 131440548//1119625, 31018089//1119625, 74500772//1119625, -17130846//44785, -161159196//223925, 272786204//223925, -284126448//223925, 234979512//223925, -805071444//1119625, 431577206//1119625, -121738377//1119625, -76086541//1119625, 7036722//44785, -193219956//1119625, 176323812//1119625, -123199364//1119625, 2172831//44785, -1001408//17225, 11717436//223925, -8666412//223925, 1039176//44785, -10871004//1119625, -51634//1119625, 6543503//1119625, -8920096//1119625, 1710156//223925, -6544556//1119625, 4303632//1119625, -1993844//1119625]
8; 4; 11; 7; 7; 1; 1; 8; 1; 1; [-8699826//88450375, -5019188//88450375, -2213024//88450375, -67774596//88450375, 92281346//88450375, -45285212//88450375, 38235784//88450375, -6889108//6803875, 1305637//1360775, 10851138//17690075, -4298163//17690075, 28308036//17690075, -31076//272155, 214692486//88450375, 133974998//88450375, -555092601//88450375, 3543908436//88450375, -3940908566//88450375, 18042874//1668875, -1232650554//88450375, -294359471//88450375, 36130687//17690075, -790793922//17690075, 887150022//17690075, -768094394//17690075, 110025879//3538015, -1566368982//88450375, 45479678//6803875, 79704692//88450375, -324448242//88450375, 432209012//88450375, -520867294//88450375, 370844658//88450375, -276519918//88450375, 4997323//3538015, -37609008//17690075, 29081158//17690075, -1416162//1360775, 1727664//3538015, -6120372//88450375, -16241366//88450375, 487504//1668875, -23912742//88450375, 18662972//88450375, -14047504//88450375, 6740378//88450375, -2409298//88450375, -276301//17690075]
8; 4; 11; 7; 12; 1; 1; 12; 1; 1; [-15166066//88450375, 40967216//88450375, 6654164//17690075, 79619862//88450375, 1676416//3538015, 272453074//88450375, -248066552//88450375, -26179428//6803875, -27876663//17690075, -15711084//3538015, -3800097//707603, 3313008//1360775, -311788956//17690075, 161461836//88450375, -3113518976//88450375, 165736872//17690075, -1864049022//88450375, 140686888//17690075, -5081498824//88450375, 638664144//6803875, 8496687009//88450375, 2420479611//17690075, 876034944//3538015, 7490988//66755, -5298738096//17690075, 6171476904//17690075, -27433863252//88450375, 19902142612//88450375, -29835464//223925, 4649369994//88450375, 68237903//17690075, -3407819392//88450375, 58188684//1119625, -3614829768//88450375, 727369137//17690075, -38496222//3538015, 4195104//272155, -3366756//223925, 209736216//17690075, -681649812//88450375, 331803452//88450375, -13315088//17690075, -102636546//88450375, 35920052//17690075, -193570012//88450375, 165201356//88450375, -101809488//88450375, 13916961//17690075]
8; 4; 11; 7; 4; 1; 1; 4; 1; 1; [19879//86125, -56216//86125, 10976//51675, -15412//258375, 476662//258375, 33624//17225, -1470076//258375, 382076//258375, 6604//19875, 12036//17225, 2661//1325, -150048//17225, 240388//17225, -1533174//86125, -885334//86125, -299388//17225, 282864//86125, -18668062//258375, -979146//17225, 9526672//86125, -2801036//258375, 3322348//258375, -5508324//17225, -2371302//17225, 6478282//17225, -7592277//17225, 33748698//86125, -24798622//86125, 673018//3975, -5898358//86125, -1808321//258375, 730986//17225, -4750684//86125, 4883694//86125, -11287366//258375, 18033//1325, -1004254//51675, 327378//17225, -258948//17225, 842268//86125, -416567//86125, 782//795, 367826//258375, -674156//258375, 9144//3445, -560477//258375, 402122//258375, -217726//258375]
8; 4; 11; 7; 3; 1; 1; 5; 1; 1; [-15930821234//2485478775, -114662839654//12427393875, -8486684277//828492925, -7111870648//12427393875, -87665136922//12427393875, -156371572276//12427393875, 271550085382//12427393875, 113349946531//2485478775, 52400410106//955953375, 6494014506//165698585, 27564056959//828492925, 7535014516//63730225, 73931982271//2485478775, 352444866193//2485478775, 3539472961264//12427393875, 733127812724//2485478775, -1089784933109//4142464625, -238676638766//955953375, -2253176595619//12427393875, -9084598750982//12427393875, -1183801447716//828492925, -28582876092878//12427393875, -91432695069//165698585, 2717174880647//2485478775, -981833673402//828492925, 2525261765471//2485478775, -1758432885349//2485478775, 1708274097989//4142464625, -311408122804//2485478775, -644385363341//12427393875, 39683543189//318651125, -2151365748887//12427393875, 482129920773//4142464625, -29171911116//165698585, -152899115008//4142464625, -26653900828//497095755, 9553179746//191190675, -94204256009//2485478775, 19598801708//828492925, -2014477979//191190675, 15918844867//12427393875, 829196474//165698585, -92061935201//12427393875, 28897432947//4142464625, -24599958389//4142464625, 13301829703//4142464625, -7891633426//2485478775, -18488110339//12427393875]
8; 4; 11; 7; 4; 1; 1; 3; 1; 1; [-11543//86125, 808//3445, 153464//258375, 296446//258375, -16204//17225, 41426//258375, -1033952//258375, -1009984//258375, -801647//258375, -48468//17225, -15506//3445, -36968//17225, -105048//17225, -839572//86125, -303188//17225, -2189293//86125, -3589642//86125, 199932//3445, 5120824//258375, 9448334//86125, 20795569//258375, 15776827//258375, -2389148//17225, 355516//3445, -3246604//51675, 457382//17225, -100796//86125, -264708//17225, 5025298//258375, -1891166//86125, 317978//17225, -2421608//258375, 861422//86125, 228044//86125, 319181//258375, -61532//17225, 18836//10335, -7892//17225, -7472//17225, 73224//86125, -16452//17225, 201958//258375, -155618//258375, 6336//17225, -24488//258375, 16451//258375, 45332//258375, -20119//258375]
8; 4; 11; 7; 11; 1; 1; 5; 1; 1; [16624389346//4142464625, 23437198633//4142464625, 40733877274//4142464625, 4513634//12746045, 9672877728//4142464625, 62253688024//4142464625, -61314531503//4142464625, -115837304183//4142464625, -152856128246//4142464625, -36555761208//828492925, -8252702886//828492925, -72854109342//828492925, -42682977678//828492925, -322562163341//4142464625, -733930628313//4142464625, -1238154647469//4142464625, 154461216534//828492925, 651082492412//4142464625, 124286261561//4142464625, 193317322971//318651125, 3001101186123//4142464625, 7409769441286//4142464625, 908531700477//828492925, -977669161421//828492925, 821605728198//828492925, -576816343868//828492925, 1571036364962//4142464625, -560054255719//4142464625, -247356336237//4142464625, 121141154254//828492925, -649885740484//4142464625, 614961372793//4142464625, -25813909087//318651125, 404608065854//4142464625, 224787043358//4142464625, 40721505128//828492925, -30736151464//828492925, 18829134647//828492925, -642657279//63730225, 2472287422//4142464625, 19718458376//4142464625, -30830993342//4142464625, 6015110451//828492925, -22894215629//4142464625, 15496795603//4142464625, -5552887581//4142464625, 330175828//318651125, 8413190233//4142464625]
8; 4; 11; 7; 12; 1; 1; 6; 1; 1; [16396959079//4142464625, -4080723171//4142464625, 15076240802//4142464625, 4305206052//4142464625, -9628731214//4142464625, 36876620323//4142464625, -75409598501//4142464625, -32318646361//4142464625, 34306545956//4142464625, -31776706632//828492925, 77011374//63730225, -16917620468//828492925, -17874738836//828492925, -421625268664//4142464625, 51309389481//4142464625, -516444665617//4142464625, 650373108123//4142464625, 167754821684//4142464625, -622684589908//4142464625, 3006658007321//4142464625, -67854177129//4142464625, 898351490939//4142464625, 647545943058//828492925, -955238429488//828492925, 945327647102//828492925, -756315121981//828492925, 2465365908958//4142464625, -1244784155422//4142464625, 260988247744//4142464625, 359780282209//4142464625, -615011381643//4142464625, 642191972631//4142464625, -430678823122//4142464625, 392766689873//4142464625, -13714634081//318651125, 3387099499//63730225, -38149299722//828492925, 27233913768//828492925, -15597666894//828492925, 2186447816//318651125, 5424227663//4142464625, -24607293936//4142464625, 30897507674//4142464625, -27844126988//4142464625, 20607089661//4142464625, -10454718532//4142464625, 5704543158//4142464625, 350134202//4142464625]
8; 4; 11; 7; 3; 1; 1; 2; 1; 1; [314026244633//516192041625, 2195068902184//516192041625, 16724752396//4129536333, 244556701538//39707080125, -630742509694//172064013875, 1100767595243//172064013875, 126914414972//20647681665, -834617184112//39707080125, -8801834509198//516192041625, -942040006344//34412802775, -804858186208//34412802775, -30259230864//2647138675, -7596647317864//103238408325, -5609328379866//172064013875, -44032543544914//516192041625, -5518979336594//34412802775, -27663253180178//172064013875, 53734352094494//172064013875, 1514276092852//172064013875, 4879048346766//34412802775, 300074892306841//516192041625, 348961141600958//516192041625, 43847360125516//34412802775, -261038755338//34412802775, -75579770360386//103238408325, 34880819033627//34412802775, -169480793620618//172064013875, 396255255423698//516192041625, -52095730105762//103238408325, 40170787274736//172064013875, -5241107275148//172064013875, -1027577061448//13235693375, 4830690813006//34412802775, -19591399165914//172064013875, 75889785275344//516192041625, -758076017481//34412802775, 337976485498//7941416025, -1589793619898//34412802775, 1348191867348//34412802775, -364633915576//13235693375, 7874327409163//516192041625, -555691802998//103238408325, -915573783232//516192041625, 959900101872//172064013875, -1101054226704//172064013875, 609953781692//103238408325, -1960319820982//516192041625, 1633634245564//516192041625]
8; 4; 11; 7; 8; 1; 1; 5; 1; 1; [1569335148//828492925, 14905309626//4142464625, 32418966673//4142464625, 31021790352//4142464625, 58473774//24511625, -10575004598//4142464625, -64290688138//4142464625, -14566929618//828492925, -70992805326//4142464625, -13154248572//828492925, -10564345608//828492925, -36723550463//828492925, -37903131051//828492925, -59329324311//828492925, -377097671816//4142464625, -699657412748//4142464625, -207222839552//4142464625, 520682140249//4142464625, 1388292630043//4142464625, 2936072720908//4142464625, 111456635781//165698585, 2658702974566//4142464625, 132935251653//828492925, -261803071083//828492925, 282701218257//828492925, -243776085861//828492925, 167407962128//828492925, -492101300323//4142464625, 132234388966//4142464625, 39350742334//4142464625, -139183153218//4142464625, 259948464579//4142464625, -45377111101//4142464625, 51781115751//828492925, 40392175348//4142464625, 12813769407//828492925, -11928408502//828492925, 9028174463//828492925, -435169848//63730225, 2478291754//828492925, -1502668473//4142464625, -6307110074//4142464625, 8412829099//4142464625, -8138343008//4142464625, 8082607579//4142464625, -2058890826//4142464625, 940468422//828492925, 1710857523//4142464625]
8; 4; 11; 7; 3; 1; 1; 10; 1; 1; [-3503961//846625, -455024//2539875, -1822824//846625, 7777372//2539875, -1624352//846625, -15332167//2539875, 15043072//846625, 8730008//846625, 314196//846625, 1808736//169325, -440164//169325, 1558176//33865, -13538704//507975, 5767152//65125, 85905104//2539875, 4215863//65125, -224511764//846625, -2733768//846625, 226135582//2539875, -395212552//846625, -222034793//846625, -449057316//846625, 46644976//169325, 154873776//169325, -144717056//101595, 244365392//169325, -988777072//846625, 1995722672//2539875, -340853038//846625, 79764668//846625, 74703846//846625, -457286474//2539875, 154466344//846625, -158292024//846625, 84841012//846625, -9806496//169325, 33905312//507975, -398000//6773, 7221888//169325, -21061072//846625, 24901807//2539875, 852542//846625, -18340316//2539875, 7730696//846625, -21618044//2539875, 5240444//846625, -3693344//846625, 1229172//846625]
8; 4; 11; 7; 11; 1; 1; 2; 1; 1; [686074866474//2236832180375, -5086126099412//2236832180375, -3873413954276//2236832180375, -8333398919024//2236832180375, 4412593562478//2236832180375, -3981447328123//2236832180375, -16159328531624//2236832180375, 21194146428864//2236832180375, 21042832850049//2236832180375, 5866144400574//447366436075, 447071266482//34412802775, -52216102188//17894657443, 20790376968152//447366436075, -1868195730834//2236832180375, 99428959142642//2236832180375, 148652649092976//2236832180375, 280349882435424//2236832180375, -345937683454518//2236832180375, -85332992647952//2236832180375, 46104596569974//2236832180375, -599274625463034//2236832180375, -591154858013649//2236832180375, -370420927164186//447366436075, -67043684844594//447366436075, 61681318684042//89473287215, -387162926087763//447366436075, 1791685925695698//2236832180375, -1350033790499674//2236832180375, 842153289893558//2236832180375, -357674433646458//2236832180375, 12140450934636//2236832180375, 172701230023384//2236832180375, -258558464630658//2236832180375, 17792312411286//172064013875, -233368980580917//2236832180375, 801362540952//34412802775, -16718656771126//447366436075, 3422503910526//89473287215, -13971368916432//447366436075, 47175776799648//2236832180375, -24633134416424//2236832180375, 6963398420438//2236832180375, 5125833983662//2236832180375, -11032067761524//2236832180375, 11958835387024//2236832180375, -10387614883588//2236832180375, 6941931323538//2236832180375, -4773638874837//2236832180375]
8; 4; 11; 7; 3; 1; 1; 8; 1; 1; [-77282567//20411625, -28801236//6803875, -8385092//1570125, -61651288//20411625, 5920204//6803875, -178969703//20411625, 9947844//1360775, 13146108//523375, 79705817//4082325, 46984638//1360775, 2146211//104675, 61051964//1360775, 42676148//816465, 50192308//523375, 753249296//6803875, 1216192922//6803875, -541687284//6803875, -1737567504//6803875, 1162906//385125, -659691454//1360775, -5034886229//6803875, -3965618401//4082325, -1474724402//1360775, 951140308//1360775, -1365325168//4082325, 17146594//272155, 787625952//6803875, -1255249052//6803875, 4201754588//20411625, -1139063912//6803875, 683545418//6803875, -1222164586//20411625, -5295682//1360775, -161322032//6803875, -55616851//816465, -2244271//104675, 29789836//4082325, 3298756//1360775, -2037572//272155, 62096092//6803875, -4217159//523375, 2384176//385125, -75432316//20411625, 8843548//6803875, 153224//20411625, -1771547//1360775, 4041748//6803875, -8219447//4082325]
