8; 9; 12; 2; 3; 1; 1; 2; 1; 1; [1862242763//4478209125, -225804244//895641825, -788869448//4478209125, 29546618//895641825, -1933061772//1492736375, -6098097481//4478209125, 821785476//1492736375, 2506125224//895641825, 1933932648//1492736375, 684289614//298547275, 926945036//298547275, -636852348//298547275, 9188435192//895641825, -3545367096//1492736375, 17163560512//895641825, -9421706569//1492736375, -211052410//11941891, 55615238512//1492736375, 7970314042//344477625, -46235056246//1492736375, -48625727153//895641825, -84095680068//1492736375, -40311415526//298547275, -24383311464//298547275, 171671050736//895641825, -64965765346//298547275, 284418049532//1492736375, -24454081744//179128365, 354995318654//4478209125, -9314519102//298547275, -3597994009//1492736375, 109172781238//4478209125, -46769265278//1492736375, 7594345728//298547275, -35544026504//1492736375, 2126396721//298547275, -2893750116//298547275, 2773605568//298547275, -2158422564//298547275, 6906205952//1492736375, -1961738281//895641825, 1624845854//4478209125, 677442518//895641825, -1866447104//1492736375, 6034508188//4478209125, -1672805643//1492736375, 625013252//895641825, -662072904//1492736375]
8; 9; 12; 2; 9; 1; 1; 6; 1; 1; [1053479//3316625, 11023387//3316625, 23216959//3316625, 3700298//663325, 22250496//3316625, -4530924//3316625, -34915711//3316625, -12892902//663325, -29321258//3316625, -10423784//663325, -7093272//663325, -249043//132665, -28154716//663325, -195624769//3316625, -414191787//3316625, -749423794//3316625, -12446274//132665, 320617879//3316625, 891677479//3316625, 1656726561//3316625, 416645251//663325, 291260243//3316625, -3227063//51025, 222709283//663325, -56968017//132665, 263605124//663325, -1016139672//3316625, 607122429//3316625, -315835582//3316625, 2558294//663325, 140910307//3316625, -150315528//3316625, 265748863//3316625, -2356979//132665, 114850149//3316625, -12226676//663325, 12609872//663325, -2075559//132665, 7020591//663325, -18818412//3316625, 386313//255125, 2744668//3316625, -1615317//663325, 9123152//3316625, -6959968//3316625, 6969468//3316625, -285348//663325, 1466919//3316625]
8; 9; 12; 2; 5; 1; 1; 9; 1; 1; [-25142454//990720575, -1837800504//4953602875, -12783249079//14860808625, -2803816276//2972161725, -74482142//198144115, -1617338053//4953602875, -10872523396//14860808625, -8382858839//4953602875, 2424462784//2972161725, 38312954//39628823, 137313552//76209275, 618266228//594432345, 304177175//39628823, 18016438742//2972161725, 191020504262//14860808625, 443591305669//14860808625, 38499987743//990720575, 64348174952//2972161725, -43465320802//4953602875, 103177232906//14860808625, 33504906679//1143139125, -35869958494//990720575, -1586513156//39628823, -93588488072//2972161725, 13283702278//198144115, -44046394129//594432345, 191616833321//2972161725, -670089962704//14860808625, 406107113947//14860808625, -22851463289//2972161725, -3020523998//2972161725, 116744335232//14860808625, -49309302724//4953602875, 159887066021//14860808625, -1038600584//118886469, 23198564//9145113, -3302101706//990720575, 374051632//118886469, -478144579//198144115, 4546248211//2972161725, -10329578669//14860808625, 1755468812//14860808625, 187230614//594432345, -421541824//990720575, 6594779432//14860808625, -1789003204//4953602875, 1344654262//4953602875, -157471948//990720575]
8; 9; 12; 2; 3; 1; 1; 10; 1; 1; [-542611//765375, -825004//765375, -844916//765375, -161008//30615, 1476118//765375, -39846//255125, 88048//153075, 4962784//765375, 3486683//255125, 656694//51025, 608232//51025, 10644//2041, 136368//3925, 4273842//255125, 70746994//765375, -12326103//255125, 10729512//51025, -119495338//765375, -22344654//255125, -6887644//51025, -196398829//765375, -43846483//255125, -25954626//51025, -2367438//51025, 23462//65, -24018621//51025, 8740302//19625, -258148178//765375, 162663128//765375, -4568678//51025, 4162861//765375, 9244218//255125, -3523316//51025, 13314786//255125, -15213239//255125, 595626//51025, -1025802//51025, 16554//785, -892344//51025, 3069576//255125, -376276//58875, 1485308//765375, 14038//11775, -2056064//765375, 732948//255125, -83117//30615, 1277578//765375, -319679//255125]
8; 9; 12; 2; 7; 1; 1; 9; 1; 1; [-4059754827//64396837375, 25735903304//64396837375, 7598285676//12879367475, 38577956007//64396837375, 3734129798//2575873495, 142281454983//64396837375, 122708364556//64396837375, -99009237608//64396837375, -136988492341//64396837375, -41627590416//12879367475, -630718974//198144115, 6062711568//12879367475, -143221290352//12879367475, -22360144758//64396837375, -1260034744034//64396837375, -3023663571//76209275, -794028491067//64396837375, -485471992618//12879367475, -2657336227608//64396837375, -462400535166//64396837375, 3968820704723//64396837375, 4607265833081//64396837375, 2499339317364//12879367475, 88050768306//2575873495, -2064429857682//12879367475, 2596158861993//12879367475, -12027966350694//64396837375, 9042147312538//64396837375, -1146633130416//12879367475, 2459576437959//64396837375, -60826908503//12879367475, -1300860317964//64396837375, 1726280826042//64396837375, -1554626940846//64396837375, 1596149448193//64396837375, -411813831//76209275, 22410296666//2575873495, -114827665158//12879367475, 93820114572//12879367475, -317100346464//64396837375, 165285680753//64396837375, -1937933256//2575873495, -33212472081//64396837375, 1074534316//990720575, -82983687504//64396837375, 69610100132//64396837375, -46695438086//64396837375, 32649553393//64396837375]
8; 9; 12; 2; 12; 1; 1; 4; 1; 1; [2184490696//20261853625, -6295599004//4052370725, -21824223852//20261853625, -39230557956//20261853625, 32724142184//20261853625, 38619172512//20261853625, -103734852748//20261853625, 144551618532//20261853625, 172215322033//20261853625, 40171982706//4052370725, 34888891383//4052370725, -1611666156//4052370725, 26563084636//810474145, 26341546944//20261853625, 32070620324//810474145, 342458911017//20261853625, 905611443576//20261853625, -2457607364924//20261853625, -2456700282672//20261853625, 15093541026//1558604125, -4061876748162//20261853625, -3198458297753//20261853625, -2702195936334//4052370725, -148067755152//4052370725, 1777363394724//4052370725, -473725693836//810474145, 11283444475572//20261853625, -133746882704//311720825, 5553895072506//20261853625, -2559533860032//20261853625, 274093486838//20261853625, 865079429844//20261853625, -1566967169226//20261853625, 1431453246564//20261853625, -1467250993459//20261853625, 56178414969//4052370725, -100515183528//4052370725, 106638952176//4052370725, -17837073492//810474145, 308736120012//20261853625, -33514147219//4052370725, 4157006922//1558604125, 142280532//119892625, -65537453452//20261853625, 5557113108//1558604125, -65944300541//20261853625, 44919822264//20261853625, -31362772459//20261853625]
8; 9; 12; 2; 9; 1; 1; 4; 1; 1; [-1118844906//20261853625, -3655484996//20261853625, -10247929988//20261853625, -31160404859//20261853625, -22549768016//20261853625, -18383844528//20261853625, -30585305604//20261853625, 38805419516//20261853625, 74621944883//20261853625, 13860652302//4052370725, 12346982103//4052370725, 15965432412//4052370725, 23452769148//4052370725, 208342116336//20261853625, 512117562596//20261853625, 194455440228//20261853625, 1258453171119//20261853625, 417788677256//20261853625, -2228732592//20261853625, -11266591662//1558604125, -1483528280801//20261853625, -1149787596523//20261853625, -97526556858//4052370725, 48713222208//4052370725, -8966814908//4052370725, -13482026592//4052370725, 138280002828//20261853625, -8693446864//1558604125, 122623425644//20261853625, -21496161093//20261853625, 61596730543//20261853625, -13550297796//20261853625, -12706896378//20261853625, -50941389588//20261853625, -71159475329//20261853625, -1060568517//4052370725, -272151728//4052370725, 1027881168//4052370725, -1220448108//4052370725, 5822576748//20261853625, -3778296827//20261853625, 209731208//1558604125, -130697//119892625, 390913768//20261853625, 45379668//1558604125, -961901613//20261853625, -450671248//20261853625, -1629642689//20261853625]
8; 9; 12; 2; 12; 1; 1; 3; 1; 1; [-17264160403//19812017875, -3501104132//19812017875, -27596258476//19812017875, -881409846//3962403575, -11737417832//3962403575, -1654547918//19812017875, 162658331372//19812017875, 130366082092//19812017875, 119858447637//19812017875, 27766783134//3962403575, 3787154031//792480715, 63710191452//3962403575, 4479560652//3962403575, 737659052088//19812017875, 919458535052//19812017875, 1016912910381//19812017875, -179879132094//3962403575, 259015797548//3962403575, -1078267125532//19812017875, -4711852924602//19812017875, -3437760070597//19812017875, -280998285849//1524001375, 729410822454//3962403575, 9646449096//60960055, -1287102751348//3962403575, 1423075822332//3962403575, -6073693819116//19812017875, 4367996634776//19812017875, -2399075405462//19812017875, 166649648418//3962403575, 53652638512//3962403575, -846527070256//19812017875, 769477619394//19812017875, -1054005831516//19812017875, 507457769529//19812017875, -49101587169//3962403575, 2556157640//158496143, -59895767112//3962403575, 45928677828//3962403575, -143308791396//19812017875, 5137094167//1524001375, -6945333542//19812017875, -5653927242//3962403575, 1749307748//792480715, -43980622516//19812017875, 2373287713//1524001375, -26241581816//19812017875, 8891760369//19812017875]
8; 9; 12; 2; 9; 1; 1; 3; 1; 1; [-31675162447//19812017875, -31606725596//19812017875, -46600105912//19812017875, -21903675568//19812017875, 23259827588//19812017875, -92840529//792480715, 33773807396//3962403575, 294959893184//19812017875, 203091440868//19812017875, 57419819478//3962403575, 35034780666//3962403575, 79679300964//3962403575, 80000617776//3962403575, 866754847632//19812017875, 1069869079616//19812017875, 1683582721932//19812017875, -875790825612//19812017875, -2777610980288//19812017875, -405666377934//3962403575, -1228419674448//3962403575, -6728834284199//19812017875, -549682793136//1524001375, -1456777268742//3962403575, 88344675552//304800275, -737257184576//3962403575, 363638941446//3962403575, -302560557564//19812017875, -523412956312//19812017875, 1066812184216//19812017875, -1079269443336//19812017875, 738788737721//19812017875, -137100518994//3962403575, 1669586904//792480715, -403599274512//19812017875, -373238546844//19812017875, -40909190403//3962403575, 22904524684//3962403575, -7826293704//3962403575, -2282061396//3962403575, 39936001176//19812017875, -3580179794//1524001375, 44400856636//19812017875, -32685796336//19812017875, 16912207256//19812017875, -1978217916//3962403575, -79197932//304800275, -1158717652//19812017875, -12533727684//19812017875]
8; 9; 12; 2; 4; 1; 1; 11; 1; 1; [578197//255125, 2042772//255125, 2315448//255125, 223298//58875, -1448158//255125, -7864273//765375, -9425632//765375, -8208284//255125, -623262//10205, -3530802//51025, -3094281//51025, -3933444//51025, -6158556//51025, -50989482//255125, -68860722//255125, -10110483//255125, 80075322//255125, 174948898//255125, 627678448//765375, 244681774//255125, 365723099//255125, 76145154//51025, 36730218//51025, -14161866//51025, -2181554//51025, 10638099//51025, -72086286//255125, 61813974//255125, -49868544//255125, 34342316//255125, -5925196//255125, 32459584//765375, 17267282//255125, 7228362//255125, 5321424//51025, 163422//51025, 6874//975, -601866//51025, 613176//51025, -2588076//255125, 1669389//255125, -924564//255125, 999248//765375, 314564//255125, -611276//765375, 1928326//765375, -66098//255125, 119616//51025]
8; 9; 12; 2; 4; 1; 1; 5; 1; 1; [1519841//1989975, 8800268//9949875, 1850006//1989975, -1144946//1989975, -22994854//9949875, -15728932//3316625, -60452579//9949875, 2495539//9949875, 46057564//9949875, 1125626//79599, 1660631//132665, 3921442//663325, 45185729//1989975, -558897//663325, 17349874//765375, 117546382//1989975, 293358011//1989975, 682042563//3316625, 2520334111//9949875, 2039728459//9949875, 334311806//9949875, -294875688//3316625, -24776497//79599, 3349251//132665, 292948876//1989975, -143811217//663325, 430437622//1989975, -1712265839//9949875, 3098753//26533, -101155687//1989975, 225786692//9949875, 262128683//9949875, -189734563//9949875, 24615566//765375, -298463162//9949875, 107560//26533, -3562778//397995, 6679723//663325, -5780888//663325, 12438692//1989975, -35482789//9949875, 919158//663325, 237941//663325, -9175808//9949875, 15935683//9949875, -11000078//9949875, 3310166//3316625, -6714307//9949875]
8; 9; 12; 2; 2; 1; 1; 6; 1; 1; [3244892//765375, 29093926//9949875, -8600528//3316625, -20990101//9949875, 73985032//9949875, 6676829//1989975, -10774182//663325, -139473944//9949875, 23699956//9949875, -16453744//1989975, -21805877//663325, -60581657//1989975, 21771168//663325, -371999422//3316625, -1113939686//9949875, 237299968//3316625, 57949509//255125, -230980474//3316625, -343877734//1989975, 177499706//397995, 550171073//765375, 2328942749//9949875, -613837984//1989975, -163906432//663325, 343376911//663325, -381211492//663325, 4890013787//9949875, -1187829956//3316625, 4000856//19625, -207367539//3316625, -187333496//9949875, 37242116//663325, -9075136//153075, 1049884432//9949875, -146807731//3316625, 13038548//663325, -51431384//1989975, 48374462//1989975, -12391888//663325, 116247847//9949875, -55162178//9949875, 2542024//3316625, 23692013//9949875, -34806826//9949875, 6654758//1989975, -4890766//1989975, 25056392//9949875, -7846258//9949875]
8; 9; 12; 2; 3; 1; 1; 9; 1; 1; [20667082744//14860808625, 10874704936//14860808625, 8299995608//14860808625, -10236399456//4953602875, -14868463236//4953602875, -13939411989//4953602875, -143148545296//14860808625, -14977147048//2972161725, -30466010447//14860808625, -921928068//198144115, -1825594812//990720575, -11256933624//990720575, 81576112//990720575, -117686474148//4953602875, 75574714604//14860808625, 69674479374//4953602875, 772470890976//4953602875, 743486150436//4953602875, 577169196894//4953602875, 1165944715522//4953602875, 341476972321//2972161725, 2457565013707//14860808625, -2849866452//198144115, -178518144612//990720575, 254755081956//990720575, -249891776118//990720575, 983893051716//4953602875, -1929793523548//14860808625, 963398835616//14860808625, -31177258932//4953602875, -59328556212//4953602875, 14876155134//381046375, -124735786054//4953602875, 34926138324//990720575, -197628078139//14860808625, 2119957656//198144115, -11686729228//990720575, 10015431084//990720575, -7097963712//990720575, 19941730176//4953602875, -21378147308//14860808625, -387870968//1143139125, 7220166108//4953602875, -7439529432//4953602875, 7866348852//4953602875, -13574178947//14860808625, 2311486556//2972161725, -2264384599//14860808625]
8; 9; 12; 2; 6; 1; 1; 6; 1; 1; [-3673753//765375, -8020937//765375, -3120046//255125, -41979//3925, -2723238//255125, -770027//255125, 20009597//765375, 14365976//255125, 42356611//765375, 5348938//153075, 97206//2041, 2559781//30615, 312878//6123, 147718798//765375, 291609587//765375, 89338326//255125, 1600766//153075, -6147574//19625, -443686624//765375, -912780107//765375, -1450202768//765375, -1309673041//765375, -60358892//153075, 13324076//30615, -11206739//30615, 8052389//30615, -105272981//765375, 17467382//255125, 22895794//765375, -2484484//51025, 35039162//765375, -1584063//19625, -10268636//765375, -84568564//765375, -17103631//255125, -2779618//153075, 141926//10205, -87462//10205, 3108//785, -183331//765375, -1062394//765375, 2225354//765375, -399137//153075, 1410182//765375, -111659//58875, -231701//765375, -458658//255125, -96101//58875]
8; 9; 12; 2; 4; 1; 1; 2; 1; 1; [-1191437314//4478209125, -1015302112//895641825, -9425663612//4478209125, -10906973917//4478209125, -103710856//68895525, 4664647502//4478209125, 4452675464//895641825, 12091607884//1492736375, 57420955844//4478209125, 3795592692//298547275, 639720319//59709455, 4533550512//298547275, 18650541596//895641825, 57191799348//1492736375, 59764033768//895641825, 105714606779//1492736375, 63368983759//1492736375, -23379105788//895641825, -565836676832//4478209125, -68146397002//298547275, -412597088809//1492736375, -1033886925124//4478209125, -38228116688//298547275, 4823660196//59709455, -32089248664//895641825, 1457755412//298547275, 26098599764//1492736375, -1451933036//68895525, 122865753446//4478209125, -26321312493//1492736375, 10601943548//895641825, -55500409496//4478209125, -2586530558//298547275, -1260500544//114825875, -60856875332//4478209125, -714343842//298547275, 42953752//59709455, 126925228//298547275, -288239352//298547275, 1724189084//1492736375, -165930353//179128365, 3450893906//4478209125, -1683826939//4478209125, 24449536//179128365, -395290196//4478209125, -56319943//179128365, -122967192//1492736375, -1528861592//4478209125]
8; 9; 12; 2; 4; 1; 1; 10; 1; 1; [-163207//765375, -514088//255125, -544352//153075, -4866638//765375, -1317786//255125, -1554613//255125, 5555308//765375, 5930332//765375, 5444334//255125, 1048332//51025, 1179983//51025, 388864//51025, 572716//10205, 8434334//255125, 33450158//255125, 8377666//51025, 53999366//255125, 17531806//255125, 5301828//255125, -88279666//255125, -313670707//765375, -84062814//255125, -20997308//51025, -15076402//51025, 634226//975, -7405211//10205, 161344942//255125, -113519226//255125, 40642322//153075, -1687124//19625, -3673692//255125, 20588344//255125, -29581918//255125, 18876098//255125, -21659252//255125, 1248463//51025, -4977034//153075, 1574806//51025, -242812//10205, 3859332//255125, -1774101//255125, 35446//30615, 2200384//765375, -1087552//255125, 87108//19625, -2991214//765375, 1596334//765375, -397412//255125]
8; 9; 12; 2; 12; 1; 1; 11; 1; 1; [4398217//3316625, -31870568//3316625, -9395284//663325, -32791419//3316625, 10628368//3316625, 19385086//3316625, 1275104//663325, 2474492//132665, 202012183//3316625, 66221568//663325, 4445097//51025, 55262568//663325, 28113132//132665, 734041788//3316625, 1851072968//3316625, 16554036//51025, -580935981//3316625, -2563534648//3316625, -2997960016//3316625, -691538964//663325, -1229383504//663325, -9108167843//3316625, -1613800212//663325, 148604316//663325, 739187528//663325, -219726672//132665, 5545762644//3316625, -4342002556//3316625, 595397896//663325, -1511426673//3316625, 240288001//3316625, 233084432//3316625, -174874632//663325, 100285176//663325, -1075883449//3316625, 1535304//51025, -288368//4225, 51257172//663325, -8896224//132665, 160776324//3316625, -90709091//3316625, 7146808//663325, 4884747//3316625, -2296508//255125, 32630012//3316625, -7124162//663325, 3911584//663325, -23168569//3316625]
8; 9; 12; 2; 2; 1; 1; 4; 1; 1; [-5246186749//60785560875, -14797263016//20261853625, -10101762484//20261853625, -7680427398//20261853625, 2886724188//4052370725, -36193692974//12157112175, -2962074824//2431422435, 87581121196//20261853625, 349953638//486284487, 720669672//162094829, 2332575371//810474145, 4353136232//4052370725, 52986727812//4052370725, 33245580568//20261853625, 273864937156//20261853625, 232489348684//20261853625, -150578632562//20261853625, -216323942804//4052370725, 137372182156//2431422435, -4816807568//311720825, -1918556401641//20261853625, -1843719031798//12157112175, -277665782876//810474145, 35963163128//810474145, 1675698204796//12157112175, -874987680758//4052370725, 4455679556624//20261853625, -277586025264//1558604125, 2438753076972//20261853625, -1266882388926//20261853625, 11440463091//810474145, 191807047748//12157112175, -115902227244//4052370725, 540484024612//20261853625, -407902807358//12157112175, 2797859902//810474145, -1421890524//162094829, 41131702208//4052370725, -36264416632//4052370725, 132037231644//20261853625, -77158515132//20261853625, 2363273284//1558604125, 195507118//1558604125, -4469228548//4052370725, 1342919252//935162475, -16059127718//12157112175, 18729228772//20261853625, -9268117442//12157112175]
8; 9; 12; 2; 9; 1; 1; 11; 1; 1; [8316827//3316625, 21179148//3316625, 26406564//3316625, 978513//132665, 30739694//3316625, 46230331//3316625, 31711512//3316625, -47859288//3316625, -29436996//663325, -36833058//663325, -2473944//51025, -8505708//132665, -62231424//663325, -548526282//3316625, -710308878//3316625, -31825788//255125, 2476563//663325, 30535666//3316625, 75504044//3316625, 1328808168//3316625, 3600580878//3316625, 177127536//132665, 323112462//663325, -164482602//663325, 7049498//132665, 40370781//663325, -431834646//3316625, 406035486//3316625, -389325042//3316625, 51847533//663325, -141752092//3316625, 51307652//3316625, 76835184//3316625, 112137294//3316625, 52317222//663325, 287016//51025, 4306//4225, -639114//132665, 3913584//663325, -18762696//3316625, 13210731//3316625, -8867202//3316625, 755037//663325, -18964//255125, -1748128//3316625, 3798489//3316625, 435954//3316625, 1178754//663325]
8; 9; 12; 2; 5; 1; 1; 6; 1; 1; [-51251//765375, 267217//255125, 1012157//765375, 30292//51025, -1039034//765375, 1247351//765375, 203719//765375, -1996882//255125, -5962534//765375, -434368//51025, -318241//51025, -992234//153075, -9688//471, 331457//58875, -1640617//58875, -37620712//765375, 40732//11775, 29217723//255125, 3267803//58875, 85917881//765375, 13954877//58875, 200717464//765375, 19577437//51025, -2915473//153075, -10068888//51025, 8659177//30615, -71005459//255125, 56061299//255125, -112148636//765375, 3656398//51025, -591211//58875, -1054961//58875, 32314223//765375, -7353709//255125, 11509934//255125, -866231//153075, 1800338//153075, -51099//3925, 114007//10205, -2024209//255125, 3423707//765375, -32574//19625, -11267//30615, 30438//19625, -446401//255125, 1332278//765375, -789682//765375, 748937//765375]
8; 9; 12; 2; 6; 1; 1; 4; 1; 1; [-350262014//1558604125, 3598024516//4675812375, 838037128//311720825, 9894852323//4675812375, -56481872//4675812375, 4538327182//1558604125, 20410789699//4675812375, -8699401787//4675812375, -49426208563//4675812375, -393575866//37406499, 1184711637//311720825, -601061427//62344165, -4291267193//187032495, 15586366192//4675812375, -56641589452//1558604125, -2026014267//23978525, -107255347936//1558604125, 7179627244//1558604125, 43089429508//1558604125, 33276936707//1558604125, 48846849359//1558604125, 1631541841768//4675812375, 83091301126//187032495, -12129739568//71935575, -87985103//3528915, 4896599902//37406499, -262386811188//1558604125, 725153996432//4675812375, -115062696646//935162475, 331797613856//4675812375, -51678973863//1558604125, 20757961352//4675812375, 74429833028//4675812375, -98866838189//4675812375, 59818186128//1558604125, 370905043//187032495, 4103157424//935162475, -1353522338//187032495, 464166129//62344165, -9565781268//1558604125, 19347230807//4675812375, -2132088578//935162475, 900480937//1558604125, 1890560476//4675812375, -4211309668//4675812375, 1660525831//1558604125, -1382412128//1558604125, 1489385513//1558604125]
8; 9; 12; 2; 12; 1; 1; 5; 1; 1; [61271//51025, -619703//255125, 2024119//3316625, -1084121//3316625, 3213192//3316625, 29434577//3316625, 1051751//255125, 4081309//663325, 17497458//3316625, -18183456//663325, -5364147//663325, -8329583//663325, -2898941//132665, -21583203//663325, 61166219//3316625, -28763938//255125, -287650484//3316625, -674008112//3316625, -1001217047//3316625, -46622273//3316625, -86167972//663325, -287276703//3316625, 368771619//663325, -326580987//663325, 236941147//663325, -5592534//26533, 53928456//663325, 2048159//255125, -209375652//3316625, 239631988//3316625, -268676706//3316625, 137723239//3316625, -117402739//3316625, 1351368//132665, -19930809//3316625, 12440136//663325, -8052288//663325, 3905063//663325, -151416//132665, -1258884//663325, 10804102//3316625, -11607372//3316625, 9143678//3316625, -7023551//3316625, 2621719//3316625, -1112034//3316625, -180764//663325, 1117641//3316625]
8; 9; 12; 2; 2; 1; 1; 3; 1; 1; [-4645583323//59436053625, -14139808232//11887210725, -69810770152//59436053625, -78204073559//59436053625, -42304047892//59436053625, -27520772397//19812017875, 4638966848//59436053625, 304009602664//59436053625, 116734760517//19812017875, 35786856348//3962403575, 30876256332//3962403575, 22505683816//3962403575, 51566238608//2377442145, 305844538676//19812017875, 430786248164//11887210725, 420542580084//19812017875, 199937264053//19812017875, -1732017778808//59436053625, -498869294218//19812017875, -1778505496996//19812017875, -10968139090849//59436053625, -345780107469//1524001375, -1266698208612//3962403575, 3629390084//304800275, 674113969836//3962403575, -190970633442//792480715, 4698279835388//19812017875, -2202689827012//11887210725, 7284117603316//59436053625, -1176343918851//19812017875, 650049384011//59436053625, 329548059086//19812017875, -709161812308//19812017875, 500421289676//19812017875, -761132489991//19812017875, 19633137532//3962403575, -119541028636//11887210725, 43856034564//3962403575, -1499254928//158496143, 133026490048//19812017875, -3425147927//914400825, 80665761076//59436053625, 20649406567//59436053625, -75575546404//59436053625, 29883855876//19812017875, -6726781268//4572004125, 52622031028//59436053625, -16416347891//19812017875]
8; 9; 12; 2; 7; 1; 1; 6; 1; 1; [1574372//3316625, 239934//132665, 20724474//3316625, 39229701//3316625, 18570596//3316625, -15466553//3316625, -6603371//663325, -44407086//3316625, -14727918//663325, -1619824//132665, -2355984//663325, -19077414//663325, -18961307//663325, -266714322//3316625, -61374802//663325, -439894509//3316625, -837210901//3316625, -173295511//3316625, 107975926//255125, 407314299//663325, 1665549846//3316625, 329165534//663325, 7041532//26533, -219858144//663325, 15463842//51025, -152848812//663325, 454167399//3316625, -43661252//663325, -7617252//3316625, 63668867//3316625, -155765308//3316625, 209388984//3316625, -4755924//663325, 151511198//3316625, 293606//26533, 1930506//132665, -7864076//663325, 5262564//663325, -2761323//663325, 3453639//3316625, 521952//663325, -6491502//3316625, 6084887//3316625, -6016233//3316625, 5375554//3316625, -25481//132665, 2289908//3316625, 317658//663325]
8; 9; 12; 2; 9; 1; 1; 5; 1; 1; [-3119743//3316625, -152143//3316625, -1206587//663325, 2049//21125, -1176128//255125, -11186816//3316625, -24032013//3316625, -28384394//3316625, -64614086//3316625, -7369054//663325, -18695034//663325, -834401//132665, -21632356//663325, 10336093//3316625, -35561697//3316625, -2439653//132665, -57503553//3316625, 24661189//3316625, 276085501//3316625, 432173103//3316625, 153322719//3316625, 1383578601//3316625, -155606359//663325, 345906121//663325, -78047339//132665, 337834444//663325, -1213124256//3316625, 695339079//3316625, -52644736//663325, -46600429//3316625, 213318012//3316625, -255781312//3316625, 267946169//3316625, -181156273//3316625, 179059903//3316625, -17408491//663325, 16538544//663325, -2564853//132665, 48069//3925, -19145916//3316625, 219723//255125, 1414678//663325, -11592974//3316625, 11871032//3316625, -9470352//3316625, 6931354//3316625, -3318428//3316625, 2151853//3316625]
8; 9; 12; 2; 6; 1; 1; 3; 1; 1; [846390082//4572004125, 408588107//4572004125, -3089907736//4572004125, -1822249763//4572004125, 3952099288//4572004125, -2975664789//1524001375, -3230774242//914400825, -13329052897//4572004125, 18997578146//4572004125, 2026991908//182880165, -769152957//304800275, -566614628//914400825, 15908140993//914400825, -12801543839//1524001375, -16422053889//1524001375, 99665242451//4572004125, 112230747173//4572004125, 59451020842//4572004125, 75280474629//1524001375, 7479025196//304800275, 313791748402//4572004125, -965035628186//4572004125, -73582595573//182880165, 37556859703//304800275, 57703091612//914400825, -48238227094//304800275, 279233076703//1524001375, -742488231841//4572004125, 542231175203//4572004125, -309723202111//4572004125, 126411427876//4572004125, 7233174602//1524001375, -423692257//23446175, 9926991362//351692625, -3892415422//117230875, -4815162//60960055, -5332153984//914400825, 7428115013//914400825, -2392988186//304800275, 9400851023//1524001375, -18261421006//4572004125, 8920867178//4572004125, -520190122//1524001375, -928739683//1524001375, 1694553092//1524001375, -201163579//182880165, 4526683156//4572004125, -3745471133//4572004125]
8; 9; 12; 2; 5; 1; 1; 4; 1; 1; [1065455847//1558604125, 190590904//187032495, -1633511596//4675812375, 2922546737//1558604125, 5500575224//4675812375, 6631924921//4675812375, 253325259//62344165, -37747408313//4675812375, -6399196057//4675812375, -357783776//71935575, -4720721254//311720825, -522879469//311720825, -11489017759//935162475, -138434010016//4675812375, -35029553824//935162475, -10863740698//1558604125, -79027129742//1558604125, 71329373972//1558604125, -200729631346//4675812375, -2116457747//62344165, 103048855801//359677875, -37655235936//1558604125, 227014157272//935162475, 28146313808//935162475, -171887679677//935162475, 220708276886//935162475, -26648239752//119892625, 156066381136//935162475, -164424069824//1558604125, 212594671222//4675812375, -4677958834//1558604125, -2716550262//119892625, 5627340256//187032495, -87867791671//4675812375, 114772712816//4675812375, -5663038892//935162475, 3151896344//311720825, -9826984118//935162475, 2699889863//311720825, -9247713536//1558604125, 970793138//311720825, -4360017412//4675812375, -2745917353//4675812375, 6220182548//4675812375, -2352127516//1558604125, 235690541//187032495, -3205730056//4675812375, 2428472681//4675812375]
8; 9; 12; 2; 12; 1; 1; 2; 1; 1; [-2449236499//19405572875, 6861163476//19405572875, 15860500776//19405572875, 7951853354//3881114575, 35967934974//19405572875, -24800771223//19405572875, -55604519352//19405572875, -152234407956//19405572875, -122707476181//19405572875, -16575407514//3881114575, -1643051289//298547275, -14996504916//3881114575, -6622407212//776222915, -264811028886//19405572875, -504168046326//19405572875, -48433955412//1492736375, -321449457306//3881114575, -818924857074//19405572875, 1391683144788//19405572875, 1992266230362//19405572875, 2505459474606//19405572875, 712090425701//19405572875, -384330397254//3881114575, 318990974058//3881114575, -221044133686//3881114575, 23576705481//776222915, -198829083018//19405572875, -110716483158//19405572875, 201665089662//19405572875, -68118024804//3881114575, 200020604958//19405572875, -109882652676//19405572875, 192064198926//19405572875, 73106640198//19405572875, 187406449//123602375, -911848572//298547275, 7157306362//3881114575, -3074732214//3881114575, 9081216//776222915, 8153983572//19405572875, -12250023063//19405572875, 10964078142//19405572875, -83514784//155244583, 398097276//1492736375, -1683729516//19405572875, 2269322766//19405572875, 3028546578//19405572875, -940183967//19405572875]
8; 9; 12; 2; 9; 1; 1; 2; 1; 1; [9873864077//19405572875, 12062796112//19405572875, 2962900944//3881114575, 14728424929//19405572875, 333666868//776222915, -63340205327//19405572875, -66555982856//19405572875, -122720025216//19405572875, -112894935381//19405572875, -23707209528//3881114575, -573529662//59709455, 3417529152//3881114575, -80513849528//3881114575, -149022532092//19405572875, -843587218012//19405572875, 105610698//298547275, 87950589951//19405572875, 95937217312//3881114575, 2760263454122//19405572875, 2519735169366//19405572875, 2943128674341//19405572875, 2444403635361//19405572875, -56710828008//3881114575, 197326110036//776222915, -1336242998748//3881114575, 1273199490702//3881114575, -4967956296156//19405572875, 3125205166004//19405572875, -299944177224//3881114575, 244342481823//19405572875, 111972927617//3881114575, -759791865814//19405572875, 1027110286758//19405572875, -617041002972//19405572875, 620000067303//19405572875, -4339296294//298547275, 12038720172//776222915, -50656437612//3881114575, 35116214808//3881114575, -96674028936//19405572875, 30827377894//19405572875, 99034152//155244583, -35381445257//19405572875, 651169196//298547275, -35101929244//19405572875, 29691596993//19405572875, -13866400692//19405572875, 8789424123//19405572875]
8; 9; 12; 2; 7; 1; 1; 4; 1; 1; [-7990008019//20261853625, 4685204512//20261853625, -3127345396//20261853625, -10742671916//20261853625, -21181626734//20261853625, -3657604801//20261853625, 34231019724//20261853625, 142442624//810474145, 9547346942//20261853625, 3873991284//4052370725, -5094786348//4052370725, 31924941528//4052370725, -29981219768//4052370725, 301081294014//20261853625, 192347900258//20261853625, -153613928709//20261853625, 433010701056//20261853625, 664263447974//20261853625, -65866214684//20261853625, -71900411928//1558604125, -17213839217//810474145, -897852229702//20261853625, 399014535744//4052370725, 658226192622//4052370725, -1142039817102//4052370725, 1199874206547//4052370725, -4984102398378//20261853625, 264788436998//1558604125, -1859869960712//20261853625, 591848209818//20261853625, 313610128162//20261853625, -727885746752//20261853625, 796914784368//20261853625, -30433981314//810474145, 498658226704//20261853625, -45216850299//4052370725, 54812859798//4052370725, -49628960658//4052370725, 36910582428//4052370725, -111328512648//20261853625, 47454239299//20261853625, -63517544//1558604125, -2009929214//1558604125, 37669403152//20261853625, -2773035104//1558604125, 27502736853//20261853625, -746452306//810474145, 8133153364//20261853625]
8; 9; 12; 2; 12; 1; 1; 10; 1; 1; [76133//3316625, 24776//3316625, 1068156//663325, 2502698//663325, 25144792//3316625, -5947182//3316625, 2757728//663325, -22928172//3316625, -28116079//3316625, -944136//132665, -177687//51025, -11224008//663325, -11844//26533, -121204188//3316625, -185935616//3316625, -895104//10205, -106281594//663325, -820658812//3316625, 355041792//3316625, 68862//663325, 573618237//3316625, 367892699//3316625, -1862460//26533, -157411836//663325, 1555776//4225, -49527396//132665, 998487756//3316625, -679842548//3316625, 66732408//663325, -4580898//132665, -113346956//3316625, 174069216//3316625, -34913694//663325, 176018616//3316625, -89690423//3316625, 152928//10205, -11448504//663325, 10067868//663325, -1461888//132665, 21248676//3316625, -8507023//3316625, -217224//663325, 1110722//663325, -50504//19625, 7663356//3316625, -1128809//663325, 4032696//3316625, -1312943//3316625]
8; 9; 12; 2; 5; 1; 1; 3; 1; 1; [-1093214426//1524001375, -1766759759//914400825, -1592551212//1524001375, -3385878801//1524001375, -2137148272//914400825, -8373218134//4572004125, -11342152942//4572004125, 22270012813//4572004125, 475808174//182880165, 1295123224//914400825, 3795486244//304800275, 7828783028//914400825, 3832668633//304800275, 43111724051//1524001375, 45602764543//914400825, 9462697372//351692625, 168773832553//4572004125, -2011081118//60960055, -133901798921//4572004125, -45339117816//1524001375, -1326449043208//4572004125, -40317393482//304800275, -116125517831//914400825, -18574623811//304800275, 145707445148//914400825, -56039590222//304800275, 250518753333//1524001375, -35515140133//304800275, 324636273863//4572004125, -118852438451//4572004125, -259923247//70338525, 81365549992//4572004125, -40452910343//1524001375, 48698945326//4572004125, -22232231246//914400825, 1768252272//304800275, -7440230312//914400825, 7244238367//914400825, -145826326//23446175, 475514801//117230875, -1758711677//914400825, 1848487268//4572004125, 2949786664//4572004125, -1005135647//914400825, 5039250772//4572004125, -4408446239//4572004125, 1819294676//4572004125, -422568259//914400825]
8; 9; 12; 2; 9; 1; 1; 10; 1; 1; [2442114//3316625, 6350048//3316625, 11801688//3316625, 26806192//3316625, -14654954//3316625, 6545998//3316625, -57044532//3316625, -55078708//3316625, -20340246//663325, -16674192//663325, -33747//3925, -32071704//663325, -2293628//132665, -314208354//3316625, -384351818//3316625, -15971586//255125, -927034092//3316625, 1115944094//3316625, 412092062//3316625, 1940102592//3316625, 1756202173//3316625, 178267614//663325, 463776648//663325, -632533458//663325, 3849838//4225, -94485891//132665, 1494320598//3316625, -736408154//3316625, 110306766//3316625, 209707314//3316625, -367566278//3316625, 451528226//3316625, -268759884//3316625, 322188954//3316625, -17671944//663325, 2194869//51025, -24076062//663325, 16730934//663325, -1848036//132665, 14989308//3316625, 5341571//3316625, -16889814//3316625, 19059454//3316625, -1294976//255125, 13457816//3316625, -6162969//3316625, 4722314//3316625, 6768//26533]
8; 9; 12; 2; 7; 1; 1; 3; 1; 1; [-11755629289//19812017875, -16249988084//19812017875, -20523833988//19812017875, -23103727163//19812017875, -2593258116//19812017875, 57305574114//19812017875, 58580062644//19812017875, 24196508468//3962403575, 145206039464//19812017875, 30637764414//3962403575, 27736723023//3962403575, 29920417404//3962403575, 11814518492//792480715, 401079208404//19812017875, 723986621984//19812017875, 203231091543//19812017875, 161888350743//19812017875, -914504784984//19812017875, -2799882116184//19812017875, -2704533103014//19812017875, -138083599864//792480715, -228010337788//1524001375, -429040547826//3962403575, 3571238676//304800275, 188746177184//3962403575, -11322839838//158496143, 1452703209552//19812017875, -1124204000428//19812017875, 778517813634//19812017875, -386157393441//19812017875, 56841494928//19812017875, -34412048532//19812017875, -307620402522//19812017875, 9232390104//3962403575, -307545103592//19812017875, 4958670021//3962403575, -11646215468//3962403575, 13322718516//3962403575, -2317601508//792480715, 42323788092//19812017875, -1825275041//1524001375, 9514113714//19812017875, 1342684339//19812017875, -7870986492//19812017875, 6727976388//19812017875, -832649379//1524001375, 708436628//3962403575, -6585586052//19812017875]
8; 9; 12; 2; 4; 1; 1; 9; 1; 1; [4778408332//14860808625, 11542804888//14860808625, 20024996//1143139125, -25204403659//14860808625, -75447737216//14860808625, -130770981104//14860808625, -133443050608//14860808625, -7585381828//990720575, -28608292031//4953602875, -2993328264//990720575, -3630865129//990720575, -276834456//198144115, -23361419524//2972161725, -29886960204//4953602875, 128280192632//14860808625, 264330895379//4953602875, 600256305073//4953602875, 3262196010056//14860808625, 4100216859404//14860808625, 77393742942//381046375, 99720143197//990720575, -97332528869//4953602875, 18897139276//990720575, 54947814036//990720575, -52463303192//594432345, 6819225704//76209275, -363949604212//4953602875, 736993285316//14860808625, -345050628074//14860808625, 61519616469//4953602875, 226414337893//14860808625, 17176977932//14860808625, 108254383698//4953602875, -6296187552//990720575, 34180538673//4953602875, -3535594596//990720575, 12304156832//2972161725, -726758548//198144115, 2640658128//990720575, -600719524//381046375, 9388783486//14860808625, 1385408266//14860808625, -4831508293//14860808625, 11197708468//14860808625, -4442541148//14860808625, 8705172349//14860808625, -34446192//198144115, 516854753//4953602875]
8; 9; 12; 2; 2; 1; 1; 11; 1; 1; [-315086//9949875, 19592276//9949875, 20384192//9949875, 5746114//1989975, 42401882//9949875, 5684404//3316625, -20553008//9949875, -11387612//3316625, -92288257//9949875, -11059398//663325, -56193//3925, -10198044//663325, -22175708//663325, -132595038//3316625, -692057786//9949875, -835023//255125, -5467974//132665, -581345402//9949875, 246806486//3316625, 692573096//3316625, 1037991137//3316625, 4861694417//9949875, 238828182//663325, -39767742//663325, -84960014//663325, 138859437//663325, -729140154//3316625, 1754732182//9949875, -1215270716//9949875, 41677384//663325, -213085501//9949875, -27250642//3316625, 120717748//3316625, -54407754//3316625, 486001741//9949875, -148194//51025, 35586//4225, -6644046//663325, 5921208//663325, -21979644//3316625, 38514572//9949875, -16093016//9949875, -162476//1989975, 728408//765375, -4301392//3316625, 14731799//9949875, -2474894//3316625, 10595281//9949875]
8; 9; 12; 2; 3; 1; 1; 6; 1; 1; [-27379756//9949875, -5956971//3316625, 1499132//9949875, -80290117//9949875, -95043706//9949875, 36048902//9949875, 19812779//1989975, 64908086//9949875, 83287363//9949875, 1930174//397995, 10666132//663325, 56175092//1989975, 15236647//1989975, 383048487//3316625, 1017284663//9949875, -166946469//3316625, 83566714//765375, 1971006436//9949875, -192646489//3316625, -876750101//1989975, -5354734661//9949875, -2649728053//9949875, 33567817//397995, 81567957//663325, -431540998//1989975, 153529069//663325, -1872116497//9949875, 1375538329//9949875, -746480231//9949875, 279638776//9949875, 190655978//9949875, -300241381//9949875, 24411521//1989975, -527543563//9949875, 29453577//3316625, -227324//26533, 20954474//1989975, -19028297//1989975, 28164//3925, -42415427//9949875, 6515998//3316625, -1095716//9949875, -2997248//3316625, 15814823//9949875, -4766487//3316625, 95567//132665, -11671418//9949875, 1226846//9949875]
8; 9; 12; 2; 6; 1; 1; 11; 1; 1; [87686//765375, -732301//255125, -796593//255125, -75086//30615, -1817162//765375, -3187138//765375, -3766094//765375, 5003879//765375, 15439037//765375, 717242//30615, 874009//51025, 254122//153075, 2786521//153075, 32536919//765375, 37294951//255125, 62654504//765375, 6717277//153075, 14942039//255125, 49457503//765375, -47529122//255125, -189868388//255125, -225044389//255125, -15463141//30615, 2664977//153075, 3190484//11775, -58776169//153075, 96315189//255125, -222025201//765375, 50135194//255125, -363927//3925, 16730501//765375, 23981519//765375, -45092183//765375, 5029586//255125, -64778851//765375, 243014//30615, -2449262//153075, 897151//51025, -767032//51025, 2721359//255125, -4484161//765375, 1671302//765375, 89563//153075, -493808//255125, 1903679//765375, -1816793//765375, 780358//765375, -1346926//765375]
8; 9; 12; 2; 2; 1; 1; 5; 1; 1; [4384708//3316625, -22666454//9949875, 12098648//1989975, -6894752//3316625, 11811082//3316625, 85114672//9949875, -108762362//9949875, 117055708//9949875, -40697326//9949875, -21408464//1989975, 19974854//663325, -63180847//1989975, -22983076//1989975, -43254928//3316625, 103195668//3316625, -107998493//663325, 561448682//3316625, -2243024296//9949875, -5090078//255125, 2906627422//9949875, -3493136338//9949875, 6542698021//9949875, -14359424//1989975, -565564126//663325, 786133091//663325, -761424857//663325, 8948295523//9949875, -5757146918//9949875, 108774992//397995, -146709804//3316625, -336064581//3316625, 1546302304//9949875, -1495833244//9949875, 1192483706//9949875, -209751849//3316625, 32953143//663325, -35727314//663325, 91033792//1989975, -21298668//663325, 177724973//9949875, -60553673//9949875, -4085288//1989975, 21041646//3316625, -76287298//9949875, 22333978//3316625, -47356679//9949875, 9010342//3316625, -7040882//9949875]
8; 9; 12; 2; 6; 1; 1; 5; 1; 1; [162271//255125, 69653//58875, 769051//765375, 210344//153075, -478676//255125, 36239//30615, 373827//255125, -1299914//255125, -789814//255125, -73822//10205, -349472//51025, -132298//153075, -127004//6123, -19514423//765375, -24442309//765375, -32283296//765375, -31864//6123, 83643113//765375, -1310463//51025, 2972119//765375, 6012694//58875, 74269492//765375, 716081//2041, -1555961//153075, -9710886//51025, 8213834//30615, -67230263//255125, 157325293//765375, -104267578//765375, 3345964//51025, -6270691//765375, -249373//11775, 27188677//765375, -8343053//255125, 27226036//765375, -171371//30615, 1716236//153075, -627039//51025, 107009//10205, -1896203//255125, 1055246//255125, -29412//19625, -20237//51025, 1137154//765375, -263681//153075, 395399//255125, -816584//765375, 599621//765375]
8; 9; 12; 2; 3; 1; 1; 4; 1; 1; [443155157//935162475, 491526652//935162475, 171723268//311720825, -40348103//187032495, -1278634258//935162475, 6589369814//4675812375, -12912514904//4675812375, -11706778064//4675812375, 88258629//1558604125, -77605662//23978525, -89050288//62344165, -286090436//62344165, -275333248//62344165, -2785992574//311720825, -173633014//71935575, -8084674783//311720825, 2222494933//62344165, 13828974554//187032495, -83117654834//4675812375, 131523113108//1558604125, 24772562633//359677875, 217457932131//1558604125, 42189840794//311720825, -5878543198//62344165, 9652191602//187032495, -1074833953//62344165, -165319514//23978525, 17555039054//935162475, -7343147784//311720825, 269891303//12468833, -10654926184//935162475, 37311541918//4675812375, 339714684//1558604125, 4698270634//1558604125, 13343492603//1558604125, 962801036//311720825, -253438006//187032495, 4725226//62344165, 41894848//62344165, -308532792//311720825, 903033529//935162475, -246895444//311720825, 100001113//187032495, -175875748//935162475, 186582988//4675812375, 662471207//4675812375, -324613958//4675812375, 399674363//1558604125]
8; 9; 12; 2; 5; 1; 1; 11; 1; 1; [737258//765375, 635543//765375, -802553//765375, -2337017//765375, -4249282//765375, -4711892//765375, -8340466//765375, -2613487//153075, -6048859//765375, 40946//11775, 13622//2041, 3241574//153075, 5872579//153075, 14298697//765375, 26421727//765375, 41557648//765375, 54925102//765375, 19716689//255125, 24703877//765375, 55143742//255125, 17115706//51025, 16980949//765375, -14915647//153075, 871907//30615, 2848624//153075, -5980721//153075, 12019147//255125, -29706199//765375, 24115094//765375, -3451668//255125, 7562491//765375, 1826821//765375, 3695063//765375, 1100314//51025, -1249421//255125, 12302//153075, -46334//30615, 105977//51025, -98808//51025, 30369//19625, -241868//255125, 130298//255125, -276//19625, -25248//255125, 229861//765375, -73927//765375, 15878//30615, -35216//255125]
8; 9; 12; 2; 12; 1; 1; 9; 1; 1; [-11736697292//64396837375, 2446139616//64396837375, 53959964568//64396837375, 47395459543//12879367475, 476919822428//64396837375, 847982045098//64396837375, 209889009992//12879367475, 140822927384//12879367475, 240856844094//64396837375, -6331797288//2575873495, -644522208//990720575, -14688820656//12879367475, -84458149424//12879367475, -23876378748//64396837375, -1762128364356//64396837375, -463202326896//4953602875, -2538272152887//12879367475, -17873455844048//64396837375, -23392930590808//64396837375, -3755909679534//12879367475, -385923631949//12879367475, 12244257579546//64396837375, 676699333248//2575873495, -1005632225244//12879367475, -574100339396//12879367475, 1374059870346//12879367475, -7877152303404//64396837375, 6827027037732//64396837375, -5264319131724//64396837375, 465396551817//12879367475, -1930263906319//64396837375, -1193981531344//64396837375, -3202115238//12879367475, -233576815572//12879367475, 1564120128138//64396837375, -16699338//198144115, 50921006004//12879367475, -69927453084//12879367475, 67178236104//12879367475, -262693158864//64396837375, 167008469532//64396837375, -85980734004//64396837375, 130118069//2575873495, 934130012//4953602875, -66162556864//64396837375, 6386132851//12879367475, -8269599532//12879367475, 37511552538//64396837375]
8; 9; 12; 2; 2; 1; 1; 2; 1; 1; [4760168239//58216718625, 336421532//19405572875, 8295875468//58216718625, -1874614381//11643343725, 21485309576//58216718625, 3427866439//3881114575, -7902653468//58216718625, 44612423044//58216718625, 2999284604//58216718625, -2452000914//3881114575, -151148407//298547275, -6204903028//3881114575, 245160284//2328668745, -74871139568//19405572875, -73154708052//19405572875, -9060395782//1492736375, 57361227171//3881114575, -563308004156//58216718625, -77515785614//3881114575, 199532875536//19405572875, 472234160726//58216718625, 2020027253096//58216718625, -123579565634//3881114575, -43969092896//3881114575, 396552923636//11643343725, -31589881268//776222915, 705833201916//19405572875, -526851107776//19405572875, 923582495176//58216718625, -933896673//155244583, -32179462138//58216718625, 12165467238//3881114575, -98248301572//19405572875, 110164031356//19405572875, -149779380032//58216718625, 362454323//298547275, -20761509832//11643343725, 6839058688//3881114575, -1092115436//776222915, 17877337636//19405572875, -9053439246//19405572875, 5797321396//58216718625, 1590212921//11643343725, -1078237516//4478209125, 903991368//3881114575, -11785069006//58216718625, 8978699608//58216718625, -3013813652//58216718625]
8; 9; 12; 2; 9; 1; 1; 9; 1; 1; [12437845653//64396837375, 28359357016//64396837375, 11045923112//12879367475, 71477727903//64396837375, 182754794974//64396837375, 135665777238//64396837375, 5867491508//12879367475, -5939491084//12879367475, -229209131093//64396837375, -56907203004//12879367475, -3452881119//990720575, -71179426944//12879367475, -89090276348//12879367475, -865647347778//64396837375, -1294853821306//64396837375, -43454656884//990720575, -1941912739803//64396837375, -5276284016674//64396837375, -1751405686818//64396837375, 480947884578//12879367475, 41977477870//515174699, 6671378530153//64396837375, 743110124676//12879367475, -546328355922//12879367475, 317546133286//12879367475, -132191572803//12879367475, -83140961874//64396837375, 374263675382//64396837375, -140407624646//12879367475, 455572719951//64396837375, -658616762792//64396837375, 185775444666//64396837375, -2979425538//12879367475, 51001673418//12879367475, 350197466729//64396837375, 1419815403//990720575, -9104574918//12879367475, 1748396454//12879367475, 2683169748//12879367475, -25098095364//64396837375, 24616047457//64396837375, -4778272586//12879367475, 13146749211//64396837375, -965041424//4953602875, 1027684536//64396837375, 25728304//515174699, 280011386//12879367475, 9294029549//64396837375]
8; 9; 12; 2; 7; 1; 1; 11; 1; 1; [-67012//663325, -1523268//3316625, -11444//3316625, 293508//132665, 11999498//3316625, 14124154//3316625, 23011168//3316625, 10022264//3316625, 10132097//3316625, 1282662//663325, 234642//51025, -84444//663325, 4145768//663325, 3866826//663325, -6348642//3316625, -11744907//255125, -96601644//663325, -522540938//3316625, -466374334//3316625, -520929888//3316625, -201565139//3316625, -82056817//3316625, 117604662//663325, -107278734//663325, 80497966//663325, -48921657//663325, 4287798//132665, -4936566//3316625, -62211808//3316625, 11480046//663325, -101360374//3316625, 40408538//3316625, -63738864//3316625, 10686138//3316625, -7885721//3316625, 321006//51025, -17738//4225, 1437594//663325, -368808//663325, -315888//663325, 3285969//3316625, -3761668//3316625, 541014//663325, -204268//255125, 850028//3316625, -892189//3316625, -279082//3316625, 336559//3316625]
8; 9; 12; 2; 3; 1; 1; 3; 1; 1; [-1668626788//4572004125, -753928612//1524001375, -2005265804//4572004125, -2091817//351692625, -4279920812//4572004125, -2754852631//1524001375, -10184283652//4572004125, 9587494996//4572004125, 3455860464//1524001375, 197854518//60960055, 894128487//304800275, 716199836//304800275, 1347361972//182880165, 9967857556//1524001375, 12988610192//1524001375, 12228748803//1524001375, -36213090973//1524001375, 72255227492//4572004125, 42707760986//1524001375, 15377226054//1524001375, -315179892901//4572004125, -122780215764//1524001375, -5228214714//60960055, -13840556//23446175, 15543574656//304800275, -4250293014//60960055, 103273223728//1524001375, -79808364524//1524001375, 156564494462//4572004125, -26459798949//1524001375, 16446213601//4572004125, 790071806//117230875, -13389845758//1524001375, 9912576784//1524001375, -17703654912//1524001375, 94644841//60960055, -2687139076//914400825, 967817844//304800275, -163394948//60960055, 2870594588//1524001375, -1574897574//1524001375, 1634794622//4572004125, 449711213//4572004125, -1620466424//4572004125, 708169648//1524001375, -1773595259//4572004125, 1071869932//4572004125, -373130332//1524001375]
8; 9; 12; 2; 6; 1; 1; 2; 1; 1; [-36425026//895641825, -831781096//1492736375, -7454107153//4478209125, -8080002629//4478209125, -22341422//179128365, 9113423537//4478209125, 836421837//298547275, 4620221197//1492736375, 4739760366//1492736375, 777078838//298547275, -1598158//4593035, -520066518//298547275, 2224125149//298547275, 14469303881//895641825, 116098409758//4478209125, 160144392773//4478209125, 34128351908//1492736375, -36785112916//895641825, -542704481197//4478209125, -22033643329//179128365, -348391031096//4478209125, -7678002398//4478209125, 458648513//298547275, -2269160563//179128365, 14884681796//895641825, -13828669343//895641825, 11540821238//895641825, -9695452217//1492736375, 7740470098//1492736375, 2486775302//4478209125, -973775197//298547275, -14638338106//4478209125, -2339365819//298547275, -7539043858//4478209125, -5912043884//4478209125, 49032332//68895525, -133892906//179128365, 556426349//895641825, -126045834//298547275, 220041508//895641825, -224423051//4478209125, -17790956//4478209125, 490016282//4478209125, -124850099//895641825, -3860042//344477625, -154401119//895641825, -40271626//1492736375, -77460049//4478209125]
8; 9; 12; 2; 5; 1; 1; 5; 1; 1; [-1585783//765375, 121669//58875, -467042//255125, 11687//11775, 5135536//765375, -823361//765375, 13415927//765375, 4495372//255125, 9900472//765375, 1541386//30615, 639633//51025, 5442583//153075, 10110406//153075, 62962688//765375, -9104077//765375, 32167407//255125, -15530192//153075, -74854516//765375, 15065002//255125, -31177819//58875, -44037451//765375, -5660938//19625, -5316136//6123, 129693794//153075, -101865227//153075, 66608996//153075, -158725981//765375, 31285444//765375, 54298178//765375, -6071088//51025, 88857557//765375, -74873917//765375, 34586414//765375, -30680738//765375, -1055786//765375, -1035559//30615, 3654016//153075, -680976//51025, 241128//51025, 1049599//765375, -1154052//255125, 4288018//765375, -776927//153075, 213974//58875, -129629//58875, 29863//58875, -18216//255125, -197542//255125]
8; 9; 12; 2; 2; 1; 1; 10; 1; 1; [2929//4225, -3364//12675, -4132//12675, -2133//4225, 116//845, 211634//63375, 63844//12675, 73324//12675, 304178//63375, 10986//4225, 227//65, 372//845, 3940//507, 17076//4225, 214624//12675, 248//325, 37753//4225, -96324//4225, -7351904//63375, -520568//4225, -1038364//12675, 795842//63375, -74014//4225, -59964//845, 275696//2535, -18410//169, 373448//4225, -734228//12675, 381496//12675, -30191//4225, -33939//4225, 559108//63375, -88804//4225, 40056//4225, -554654//63375, 111//25, -4276//845, 3748//845, -540//169, 7868//4225, -8878//12675, -1124//12675, 2309//4225, -232//325, 34828//63375, -7612//12675, 3028//12675, -8234//63375]
8; 9; 12; 2; 7; 1; 1; 5; 1; 1; [-2339529//3316625, 3324942//3316625, -6131902//3316625, -6594357//3316625, 7478918//3316625, -24754227//3316625, -13221833//3316625, -5347506//663325, -34517952//3316625, -12787594//663325, -11196408//663325, -2072142//132665, -9466261//663325, -4757892//255125, -199665352//3316625, 211143657//3316625, -256698323//3316625, -162926703//3316625, 521919352//3316625, -79328787//3316625, 117464472//663325, 67814372//3316625, 246032066//663325, -158388198//663325, 14994292//132665, -1017297//51025, -133233993//3316625, 208741654//3316625, -216295754//3316625, 174714151//3316625, -134275429//3316625, 91187366//3316625, -23405856//3316625, 2975924//663325, 2376722//255125, 4825044//663325, -1617622//663325, -118026//132665, 1730691//663325, -10405023//3316625, 9117564//3316625, -6670904//3316625, 3875971//3316625, -1831799//3316625, 412426//3316625, 962774//3316625, -180838//663325, 1409106//3316625]
8; 9; 12; 2; 6; 1; 1; 10; 1; 1; [-103479//255125, -66318//51025, -208369//58875, -4988096//765375, -683576//153075, 2556466//765375, 2705496//255125, 3587368//255125, 9852164//765375, 1650346//153075, 228877//51025, 325114//153075, 1654768//153075, 34966772//765375, 10962898//153075, 5320804//58875, 81931831//765375, -3808223//153075, -1627078//4875, -132572756//255125, -343385374//765375, -45353028//255125, 10301626//153075, 6726296//153075, -15195826//153075, 17252048//153075, -73193494//765375, 3744532//51025, -27788869//765375, 15368003//765375, 64178//51025, -6952911//255125, -6214484//765375, -8839384//255125, 2143868//765375, -566711//153075, 255328//51025, -243268//51025, 189344//51025, -1773854//765375, 179923//153075, -74444//765375, -240062//765375, 98207//153075, -246801//255125, 88886//765375, -584032//765375, 36788//765375]
8; 9; 12; 2; 5; 1; 1; 2; 1; 1; [542648731//1492736375, 585215776//4478209125, 1501919111//1492736375, 923064608//895641825, 5858192126//4478209125, 167372464//59709455, 8784452749//4478209125, 12383450029//4478209125, 18395483888//4478209125, 589011842//298547275, 1839680399//298547275, 1409501998//298547275, 2926264717//895641825, -19939391113//4478209125, 570759058//344477625, -126108341633//4478209125, -4463611937//298547275, -166214971876//4478209125, -48528649421//895641825, -78733940789//4478209125, -192764471834//4478209125, -73520394668//4478209125, 906549679//22965175, -70933904893//895641825, 78288911764//895641825, -66687822073//895641825, 235032653486//4478209125, -132398416153//4478209125, 41096757586//4478209125, 1841829263//895641825, -17225859886//1492736375, 8603927284//895641825, -17585469519//1492736375, 27994888138//4478209125, -8557135478//1492736375, 3514296184//895641825, -3279121102//895641825, 2511486271//895641825, -521243174//298547275, 3546568936//4478209125, -127133431//1492736375, -546767268//1492736375, 152671093//298547275, -2503085813//4478209125, 113261262//298547275, -34279448//114825875, 485740078//4478209125, -227624689//4478209125]
8; 9; 12; 2; 7; 1; 1; 2; 1; 1; [-243449//3316625, 323756//663325, 2691516//3316625, 750964//3316625, 63678//3316625, -10105012//3316625, -17174952//3316625, -21428688//3316625, -20797906//3316625, -3212946//663325, -135738//51025, -5713548//663325, -2792696//663325, -61497426//3316625, -2220958//132665, -6847362//255125, 79712796//3316625, 104953722//3316625, 410090242//3316625, 497254422//3316625, 412566678//3316625, 163313126//3316625, 41366214//663325, -83431794//663325, 91068162//663325, -78201531//663325, 272673042//3316625, -31461362//663325, 50375082//3316625, 18143298//3316625, -46971624//3316625, 81774226//3316625, -34939314//3316625, 61612494//3316625, -18620432//3316625, 315912//51025, -3839686//663325, 2924118//663325, -1829904//663325, 4097712//3316625, -97789//663325, -1874718//3316625, 2815258//3316625, -205428//255125, 2577676//3316625, -1056444//3316625, 1111554//3316625, -49892//3316625]
8; 9; 12; 2; 5; 1; 1; 10; 1; 1; [202931//765375, 57422//255125, 191903//255125, 1816427//765375, 360196//255125, 1296649//255125, 653528//153075, 3256232//765375, 6348194//765375, 762914//153075, 115519//10205, 3123566//153075, 1504144//153075, 11883424//765375, 16391554//765375, -5272009//765375, 2230838//765375, 25014827//765375, -8941424//255125, 3003132//51025, 30531848//765375, -9056714//765375, 33811874//153075, -1558708//30615, -8570834//153075, 16704574//153075, -89363918//765375, 25647464//255125, -53562997//765375, 29696674//765375, -684103//58875, -4523401//765375, 497324//30615, -3700492//255125, 3609426//255125, -135229//153075, 129068//30615, -270032//51025, 250992//51025, -2835058//765375, 1771747//765375, -262214//255125, 4943//58875, 389041//765375, -568561//765375, 38684//51025, -135932//255125, 92666//255125]
8; 9; 12; 2; 4; 1; 1; 6; 1; 1; [-4777024//9949875, -27232652//9949875, -57209362//9949875, -7373911//765375, -104182198//9949875, -419342//58875, -443569//765375, 37356803//3316625, 147185722//9949875, 4136474//397995, 5845412//663325, 10371662//663325, 11114111//397995, 191132133//3316625, 1404428522//9949875, 2140207177//9949875, 2558250038//9949875, 1355311943//9949875, -938839427//9949875, -3246166093//9949875, -135694016//255125, -4660484422//9949875, -96698659//397995, 27566337//663325, 169283096//1989975, -3700445//26533, 1477732642//9949875, -1133776489//9949875, 23390449//255125, -317727736//9949875, 188700554//9949875, 11083403//3316625, -325663739//9949875, -36285962//9949875, -129759492//3316625, 251044//132665, -11166866//1989975, 4445213//663325, -792728//132665, 44513312//9949875, -25105019//9949875, 4231472//3316625, 2415814//9949875, -1821432//3316625, 8244049//9949875, -11446849//9949875, 2241898//9949875, -8313511//9949875]
8; 9; 12; 2; 7; 1; 1; 10; 1; 1; [385933//3316625, 6976912//3316625, 11163824//3316625, 8763904//3316625, 14572536//3316625, -2292857//3316625, -49586864//3316625, -4732688//663325, -78525797//3316625, -2524464//132665, -1109406//51025, -1038096//132665, -33775336//663325, -109686528//3316625, -352455832//3316625, -40243953//255125, -25725264//3316625, -156875196//3316625, 543072962//3316625, 1590515994//3316625, 253374881//663325, 680970097//3316625, 41067672//132665, 189303552//663325, -487736//845, 418072884//663325, -1799487984//3316625, 1250930384//3316625, -736147382//3316625, 249791208//3316625, 59026827//3316625, -212747014//3316625, 362361642//3316625, -41356368//663325, 228223451//3316625, -225396//10205, 18864008//663325, -3528912//132665, 13439376//663325, -42135384//3316625, 18817264//3316625, -2510522//3316625, -8266592//3316625, 960084//255125, -12219964//3316625, 11599277//3316625, -1146584//663325, 4076711//3316625]
8; 9; 12; 2; 3; 1; 1; 11; 1; 1; [122042//153075, 1195292//765375, 211808//255125, -44779//19625, -1893932//765375, 1047286//765375, -104348//19625, -3640136//255125, -3247612//255125, -506322//51025, -462168//51025, -687068//51025, -2146232//153075, -1790576//51025, -7724552//765375, 19276032//255125, 53683147//255125, 126883352//765375, 2267948//58875, 53456584//255125, 68552851//255125, 2390864//19625, -2661222//51025, -1920928//51025, 4132152//51025, -4694694//51025, 3958036//51025, -43647896//765375, 9131976//255125, -625789//255125, 4062001//765375, 8994872//765375, -787848//255125, 6071528//255125, -63668//19625, 156157//51025, -3988//975, 196968//51025, -153236//51025, 19024//10205, -684961//765375, 48956//255125, 132131//255125, -306704//765375, 449672//765375, -69948//255125, 136628//255125, -14164//255125]
8; 9; 12; 2; 2; 1; 1; 9; 1; 1; [-185524901476//193190512125, -248419107272//193190512125, -101766690676//64396837375, -43417716917//38638102425, -227871508654//193190512125, -151654393867//64396837375, 35709599532//12879367475, 1423447828888//193190512125, 1151666451368//193190512125, 141989927496//12879367475, 6868068768//990720575, 165465987792//12879367475, 48068701752//2575873495, 1794227936562//64396837375, 8124714419402//193190512125, 206819917092//4953602875, -202515317757//12879367475, -4608129411146//193190512125, -734894673548//64396837375, -2088523759812//12879367475, -44714642514058//193190512125, -60659463257008//193190512125, -4853629390524//12879367475, 2478095208354//12879367475, -596587161218//12879367475, -117841138659//2575873495, 5990451169506//64396837375, -18955231445194//193190512125, 5610708805378//64396837375, -781361553419//12879367475, 6270926866082//193190512125, -782048760704//64396837375, -138009302796//12879367475, 59847796842//64396837375, -5425502586734//193190512125, -4475926647//990720575, -24844859882//38638102425, 45575424018//12879367475, -2314496100//515174699, 271699069176//64396837375, -609707866919//193190512125, 130080078118//64396837375, -35076529841//38638102425, 982743704//14860808625, 25116605536//64396837375, -9559623591//12879367475, 78453719326//193190512125, -145691826194//193190512125]
8; 9; 12; 2; 4; 1; 1; 4; 1; 1; [-28057713//311720825, -4710784//359677875, -529764836//4675812375, 697507921//1558604125, -611839312//4675812375, -7470960062//4675812375, 711984168//311720825, -1144697212//1558604125, -3493785359//4675812375, -150851916//311720825, 334105817//311720825, -954698208//311720825, 2302376948//935162475, -1394857404//311720825, -350312096//359677875, 40180994777//1558604125, -35312224241//1558604125, 37359709072//4675812375, 227332449512//4675812375, -2429692444//62344165, 17478471337//1558604125, -6747900701//4675812375, 12866845384//311720825, -30774817068//311720825, 105364760336//935162475, -30784889584//311720825, 22198369972//311720825, -194199662204//4675812375, 80212142858//4675812375, 1443086587//1558604125, -54357090319//4675812375, 82624580096//4675812375, -5058206896//311720825, 18004068696//1558604125, -32548018663//4675812375, 1561132746//311720825, -4501406096//935162475, 1170934108//311720825, -750606696//311720825, 358788676//311720825, -938066314//4675812375, -1738883602//4675812375, 76991619//119892625, -3182246404//4675812375, 2849408756//4675812375, -131096322//311720825, 336811456//1558604125, -291449623//4675812375]
8; 9; 12; 2; 3; 1; 1; 5; 1; 1; [2166304//3316625, 1844923//3316625, -9458832//3316625, 34252964//9949875, -18940986//3316625, 148756//79599, 55175153//9949875, -80294666//9949875, 16588021//1989975, 34150006//1989975, -1582123//663325, 19054156//1989975, 1747011//132665, -103738699//3316625, 314880481//9949875, 70027962//3316625, -9811333//765375, 836508076//3316625, -529450097//1989975, -890856353//9949875, 1519171016//9949875, -582151387//1989975, -521808149//1989975, 235034567//663325, -672013634//1989975, 34897963//132665, -1676913131//9949875, 800621123//9949875, -37971189//3316625, -291480427//9949875, 193672653//3316625, -40079069//663325, 354748301//9949875, -198874997//9949875, 630167//663325, -10575342//663325, 26674174//1989975, -18489931//1989975, 10420//2041, -16727521//9949875, -2122399//3316625, 6309686//3316625, -22221167//9949875, 7292903//3316625, -3350123//1989975, 2614862//3316625, -2205742//9949875, -526222//1989975]
8; 9; 12; 2; 6; 1; 1; 9; 1; 1; [109213037//1143139125, -84716116//381046375, 615174337//4953602875, -13616193377//14860808625, -1086709408//990720575, -1798880191//14860808625, -488020204//4953602875, 17459842453//14860808625, 6349911962//2972161725, 259475896//76209275, 3023824504//990720575, -455086384//2972161725, 15645868291//2972161725, -13411289776//14860808625, 107940822484//14860808625, 78342462164//14860808625, 178743119524//4953602875, 24575888314//2972161725, -155986692164//14860808625, -971023708//28523625, -1516888798478//14860808625, -72207470884//990720575, -89417265482//990720575, -98153181658//2972161725, 292516399936//2972161725, -347185658674//2972161725, 1558978857557//14860808625, -1144853521898//14860808625, 230056167779//4953602875, -258944812964//14860808625, -174876358//2972161725, 166360701398//14860808625, -86441712178//4953602875, 12153436477//1143139125, -45151947916//2972161725, 10445883316//2972161725, -5080893344//990720575, 15058798214//2972161725, -3995352097//990720575, 39353417017//14860808625, -19583613073//14860808625, 4456710332//14860808625, 1934799427//4953602875, -656491116//990720575, 10546078388//14860808625, -9441622064//14860808625, 4980588136//14860808625, -292380852//990720575]
8; 9; 12; 2; 4; 1; 1; 3; 1; 1; [12432984493//4572004125, 841222124//304800275, 3949351148//914400825, 13257149168//4572004125, 6187037806//4572004125, 14670058534//4572004125, -54417229216//4572004125, -104461037336//4572004125, -5840752687//351692625, -7798761354//304800275, -5272327846//304800275, -433009884//12192011, -2497919272//70338525, -122772650046//1524001375, -29885642058//304800275, -3835708076//23446175, 40275751384//1524001375, 528515076254//4572004125, 447023900966//4572004125, 749068173552//1524001375, 2679951438311//4572004125, 3185842019771//4572004125, 143169347206//304800275, -128854186686//304800275, 56570735314//182880165, -57055744897//304800275, 110946492662//1524001375, -777319086//304800275, -1990809458//36576033, 99371216442//1524001375, -256550544713//4572004125, 238706981678//4572004125, -12624901344//1524001375, 62694148746//1524001375, 133249942063//4572004125, 4939886454//304800275, -9745200982//914400825, 24780458//4689235, -369008808//304800275, -2317210288//1524001375, 796128737//304800275, -2770826378//914400825, 11246464646//4572004125, -7308227288//4572004125, 4655413508//4572004125, 506634793//4572004125, 1767779218//4572004125, 4269464863//4572004125]
8; 9; 12; 2; 12; 1; 1; 6; 1; 1; [8838469//3316625, 17967331//3316625, 22973533//3316625, 35805183//3316625, 43695718//3316625, 2802734//255125, 1714289//3316625, -9201053//663325, -20194656//663325, -8156376//663325, -10682013//663325, -31843393//663325, -17305111//663325, -332463399//3316625, -774358501//3316625, -865427933//3316625, -717923038//3316625, -298326878//3316625, 85081903//3316625, 1113908171//3316625, 578901287//663325, 785683257//663325, 9716853//51025, -227044203//663325, 238750827//663325, -201858381//663325, 679874418//3316625, -413675593//3316625, 81538636//3316625, 20056856//3316625, -156543554//3316625, 171270109//3316625, -98445827//3316625, 48015018//663325, 22718589//663325, 10920201//663325, -9974742//663325, 7428643//663325, -4553244//663325, 9494508//3316625, -1026458//3316625, -5912804//3316625, 6761726//3316625, -7467249//3316625, 5774209//3316625, -2759842//3316625, 171998//132665, 596367//663325]
